-0.08726175874471664	0.007258223369717598	-0.11909319460391998	0.13861703872680664	0.11462821066379547	0.0933363065123558	-0.0031730325426906347	-0.24926869571208954	0.21963173151016235	-0.14526309072971344	0.0842147246003151	0.15545527637004852	0.15138570964336395	-0.02171877585351467	0.16369269788265228	-0.001529867760837078	-0.05965366214513779	0.046305444091558456	-0.09091267734766006	0.15399831533432007	0.09767749905586243	0.07787619531154633	-0.10700475424528122	0.10252844542264938	-0.0003840902936644852	-0.00756129901856184	-0.014457997865974903	-0.14221273362636566	-0.07552254945039749	-0.0516425222158432	-0.03553510084748268	-0.17055824398994446	0.1146417111158371	-0.09487815201282501	0.05044056102633476	-0.15480872988700867	0.004570788238197565	-0.0475146509706974	0.06268508732318878	-0.15768326818943024	-0.03973495215177536	0.0749296098947525	-0.0636475533246994	-0.014939149841666222	-0.18232659995555878	0.11002202332019806	0.033311471343040466	0.04544375464320183	0.052192844450473785	0.09962007403373718	0.13307887315750122	0.021998144686222076	0.03828279674053192	-0.23679882287979126	-0.08169032633304596	0.14197185635566711	0.09899993985891342	-0.109363853931427	0.06706282496452332	0.08847935497760773	0.09922363609075546	-0.12017592042684555	0.061857812106609344	-0.17577232420444489
-0.005540368612855673	-0.054458703845739365	0.19335728883743286	-0.12146791815757751	0.08708678185939789	-0.21519604325294495	0.043468210846185684	0.36058688163757324	-0.26860904693603516	0.21727363765239716	-0.055457185953855515	-0.0405566543340683	-0.13622482120990753	-0.10254823416471481	-0.14214447140693665	0.042477741837501526	0.017620446160435677	-0.055427100509405136	0.2035757154226303	-0.18367807567119598	-0.0552368201315403	-0.08701888471841812	0.07527358829975128	-0.10785757005214691	0.03132752701640129	0.1805586963891983	-0.08199991285800934	0.22151057422161102	0.12624140083789825	0.14220429956912994	-0.038041383028030396	0.1632213443517685	-0.12135707587003708	-0.021099889650940895	-0.04568194970488548	0.15763282775878906	-0.16149963438510895	0.04013597220182419	-0.16431353986263275	0.16627410054206848	-0.07711447775363922	-0.13113819062709808	0.15115609765052795	-0.06464514881372452	0.11536218971014023	-0.03478730097413063	-0.06160518154501915	0.039699800312519073	-0.09437654167413712	-0.26571717858314514	-0.19669049978256226	-0.1498437076807022	-0.09176716208457947	0.2605834901332855	0.14555470645427704	-0.2030772566795349	-0.19322988390922546	0.1218579038977623	-0.08389946073293686	-0.08823947608470917	-0.06352748721837997	0.11558254808187485	0.0036305042449384928	0.1525002270936966
-0.08726175874471664	0.007258223369717598	-0.11909319460391998	0.13861703872680664	0.11462821066379547	0.0933363065123558	-0.0031730325426906347	-0.24926869571208954	0.21963173151016235	-0.14526309072971344	0.0842147246003151	0.15545527637004852	0.15138570964336395	-0.02171877585351467	0.16369269788265228	-0.001529867760837078	-0.05965366214513779	0.046305444091558456	-0.09091267734766006	0.15399831533432007	0.09767749905586243	0.07787619531154633	-0.10700475424528122	0.10252844542264938	-0.0003840902936644852	-0.00756129901856184	-0.014457997865974903	-0.14221273362636566	-0.07552254945039749	-0.0516425222158432	-0.03553510084748268	-0.17055824398994446	0.1146417111158371	-0.09487815201282501	0.05044056102633476	-0.15480872988700867	0.004570788238197565	-0.0475146509706974	0.06268508732318878	-0.15768326818943024	-0.03973495215177536	0.0749296098947525	-0.0636475533246994	-0.014939149841666222	-0.18232659995555878	0.11002202332019806	0.033311471343040466	0.04544375464320183	0.052192844450473785	0.09962007403373718	0.13307887315750122	0.021998144686222076	0.03828279674053192	-0.23679882287979126	-0.08169032633304596	0.14197185635566711	0.09899993985891342	-0.109363853931427	0.06706282496452332	0.08847935497760773	0.09922363609075546	-0.12017592042684555	0.061857812106609344	-0.17577232420444489
-0.08726175874471664	0.007258223369717598	-0.11909319460391998	0.13861703872680664	0.11462821066379547	0.0933363065123558	-0.0031730325426906347	-0.24926869571208954	0.21963173151016235	-0.14526309072971344	0.0842147246003151	0.15545527637004852	0.15138570964336395	-0.02171877585351467	0.16369269788265228	-0.001529867760837078	-0.05965366214513779	0.046305444091558456	-0.09091267734766006	0.15399831533432007	0.09767749905586243	0.07787619531154633	-0.10700475424528122	0.10252844542264938	-0.0003840902936644852	-0.00756129901856184	-0.014457997865974903	-0.14221273362636566	-0.07552254945039749	-0.0516425222158432	-0.03553510084748268	-0.17055824398994446	0.1146417111158371	-0.09487815201282501	0.05044056102633476	-0.15480872988700867	0.004570788238197565	-0.0475146509706974	0.06268508732318878	-0.15768326818943024	-0.03973495215177536	0.0749296098947525	-0.0636475533246994	-0.014939149841666222	-0.18232659995555878	0.11002202332019806	0.033311471343040466	0.04544375464320183	0.052192844450473785	0.09962007403373718	0.13307887315750122	0.021998144686222076	0.03828279674053192	-0.23679882287979126	-0.08169032633304596	0.14197185635566711	0.09899993985891342	-0.109363853931427	0.06706282496452332	0.08847935497760773	0.09922363609075546	-0.12017592042684555	0.061857812106609344	-0.17577232420444489
-0.08726175874471664	0.007258223369717598	-0.11909319460391998	0.13861703872680664	0.11462821066379547	0.0933363065123558	-0.0031730325426906347	-0.24926869571208954	0.21963173151016235	-0.14526309072971344	0.0842147246003151	0.15545527637004852	0.15138570964336395	-0.02171877585351467	0.16369269788265228	-0.001529867760837078	-0.05965366214513779	0.046305444091558456	-0.09091267734766006	0.15399831533432007	0.09767749905586243	0.07787619531154633	-0.10700475424528122	0.10252844542264938	-0.0003840902936644852	-0.00756129901856184	-0.014457997865974903	-0.14221273362636566	-0.07552254945039749	-0.0516425222158432	-0.03553510084748268	-0.17055824398994446	0.1146417111158371	-0.09487815201282501	0.05044056102633476	-0.15480872988700867	0.004570788238197565	-0.0475146509706974	0.06268508732318878	-0.15768326818943024	-0.03973495215177536	0.0749296098947525	-0.0636475533246994	-0.014939149841666222	-0.18232659995555878	0.11002202332019806	0.033311471343040466	0.04544375464320183	0.052192844450473785	0.09962007403373718	0.13307887315750122	0.021998144686222076	0.03828279674053192	-0.23679882287979126	-0.08169032633304596	0.14197185635566711	0.09899993985891342	-0.109363853931427	0.06706282496452332	0.08847935497760773	0.09922363609075546	-0.12017592042684555	0.061857812106609344	-0.17577232420444489
-0.07644042372703552	0.03280193731188774	0.028897104784846306	-0.022979067638516426	-0.06401348859071732	-0.03477269783616066	0.0909198597073555	0.037440765649080276	0.056938476860523224	0.06606990098953247	0.009755773469805717	0.03461318463087082	0.06557797640562057	-0.05306678265333176	0.09849721193313599	-0.07069947570562363	-0.039638955146074295	0.08217065036296844	-0.10251548886299133	-0.021876109763979912	-0.04519239813089371	-0.0934620127081871	-0.05616654455661774	0.023945223540067673	-0.04406038299202919	-0.06015566736459732	-0.0761626660823822	-0.013541319407522678	-0.049041472375392914	0.04373232647776604	-0.09184306859970093	-0.05915508419275284	0.023101553320884705	-0.04449049383401871	-0.08854838460683823	0.006678054574877024	0.010253043845295906	0.048299554735422134	-0.08821713179349899	-0.03353710472583771	0.07300599664449692	0.10383927822113037	0.08202988654375076	0.00034052913542836905	-0.0291089229285717	-0.065807044506073	0.09139253199100494	0.09166145324707031	0.0176830030977726	0.08256839960813522	0.09117646515369415	0.06614107638597488	0.0018168878741562366	0.07543604075908661	-0.08159317076206207	-0.037157975137233734	0.012973272241652012	0.09228330850601196	-0.053218379616737366	-0.09666554629802704	-0.10003252327442169	0.00995846837759018	-0.050284527242183685	0.07661447674036026
-0.08726175874471664	0.007258223369717598	-0.11909319460391998	0.13861703872680664	0.11462821066379547	0.0933363065123558	-0.0031730325426906347	-0.24926869571208954	0.21963173151016235	-0.14526309072971344	0.0842147246003151	0.15545527637004852	0.15138570964336395	-0.02171877585351467	0.16369269788265228	-0.001529867760837078	-0.05965366214513779	0.046305444091558456	-0.09091267734766006	0.15399831533432007	0.09767749905586243	0.07787619531154633	-0.10700475424528122	0.10252844542264938	-0.0003840902936644852	-0.00756129901856184	-0.014457997865974903	-0.14221273362636566	-0.07552254945039749	-0.0516425222158432	-0.03553510084748268	-0.17055824398994446	0.1146417111158371	-0.09487815201282501	0.05044056102633476	-0.15480872988700867	0.004570788238197565	-0.0475146509706974	0.06268508732318878	-0.15768326818943024	-0.03973495215177536	0.0749296098947525	-0.0636475533246994	-0.014939149841666222	-0.18232659995555878	0.11002202332019806	0.033311471343040466	0.04544375464320183	0.052192844450473785	0.09962007403373718	0.13307887315750122	0.021998144686222076	0.03828279674053192	-0.23679882287979126	-0.08169032633304596	0.14197185635566711	0.09899993985891342	-0.109363853931427	0.06706282496452332	0.08847935497760773	0.09922363609075546	-0.12017592042684555	0.061857812106609344	-0.17577232420444489
-0.07433612644672394	0.04944539815187454	-0.12472765892744064	0.08360902220010757	-0.05512083321809769	0.09909230470657349	0.06381590664386749	-0.031858835369348526	0.041558727622032166	-0.0608585886657238	-0.000545004615560174	0.09172520786523819	0.054548345506191254	-0.08035594969987869	0.011707024648785591	-0.003024728037416935	0.07149409502744675	-0.020776905119419098	-0.012386403977870941	-0.04822733253240585	-0.05423537269234657	0.01671617664396763	-0.0734582394361496	0.0879814550280571	-0.0607786700129509	0.06495903432369232	-0.05310641974210739	-0.06970535963773727	-0.10276991128921509	-0.023150237277150154	-0.02130979113280773	-0.048095814883708954	-0.005666122771799564	0.04321169853210449	0.046491589397192	-0.07808869332075119	0.10227972269058228	-0.05852265655994415	0.053302548825740814	0.07206448912620544	-0.0758686289191246	-0.0724669024348259	0.05191656947135925	-0.06705943495035172	0.025406809523701668	0.023338785395026207	0.016545327380299568	-0.027595100924372673	-0.07019542157649994	0.07632608711719513	-0.0541495643556118	-0.06362883746623993	-0.05727265402674675	0.006307053379714489	0.06686732918024063	-0.007214631885290146	0.1062275767326355	0.01579524576663971	0.07050888240337372	0.023257290944457054	-0.05829266831278801	0.0006626701797358692	-0.042199913412332535	-0.12078343331813812
-0.08726175874471664	0.007258223369717598	-0.11909319460391998	0.13861703872680664	0.11462821066379547	0.0933363065123558	-0.0031730325426906347	-0.24926869571208954	0.21963173151016235	-0.14526309072971344	0.0842147246003151	0.15545527637004852	0.15138570964336395	-0.02171877585351467	0.16369269788265228	-0.001529867760837078	-0.05965366214513779	0.046305444091558456	-0.09091267734766006	0.15399831533432007	0.09767749905586243	0.07787619531154633	-0.10700475424528122	0.10252844542264938	-0.0003840902936644852	-0.00756129901856184	-0.014457997865974903	-0.14221273362636566	-0.07552254945039749	-0.0516425222158432	-0.03553510084748268	-0.17055824398994446	0.1146417111158371	-0.09487815201282501	0.05044056102633476	-0.15480872988700867	0.004570788238197565	-0.0475146509706974	0.06268508732318878	-0.15768326818943024	-0.03973495215177536	0.0749296098947525	-0.0636475533246994	-0.014939149841666222	-0.18232659995555878	0.11002202332019806	0.033311471343040466	0.04544375464320183	0.052192844450473785	0.09962007403373718	0.13307887315750122	0.021998144686222076	0.03828279674053192	-0.23679882287979126	-0.08169032633304596	0.14197185635566711	0.09899993985891342	-0.109363853931427	0.06706282496452332	0.08847935497760773	0.09922363609075546	-0.12017592042684555	0.061857812106609344	-0.17577232420444489
-0.005540368612855673	-0.054458703845739365	0.19335728883743286	-0.12146791815757751	0.08708678185939789	-0.21519604325294495	0.043468210846185684	0.36058688163757324	-0.26860904693603516	0.21727363765239716	-0.055457185953855515	-0.0405566543340683	-0.13622482120990753	-0.10254823416471481	-0.14214447140693665	0.042477741837501526	0.017620446160435677	-0.055427100509405136	0.2035757154226303	-0.18367807567119598	-0.0552368201315403	-0.08701888471841812	0.07527358829975128	-0.10785757005214691	0.03132752701640129	0.1805586963891983	-0.08199991285800934	0.22151057422161102	0.12624140083789825	0.14220429956912994	-0.038041383028030396	0.1632213443517685	-0.12135707587003708	-0.021099889650940895	-0.04568194970488548	0.15763282775878906	-0.16149963438510895	0.04013597220182419	-0.16431353986263275	0.16627410054206848	-0.07711447775363922	-0.13113819062709808	0.15115609765052795	-0.06464514881372452	0.11536218971014023	-0.03478730097413063	-0.06160518154501915	0.039699800312519073	-0.09437654167413712	-0.26571717858314514	-0.19669049978256226	-0.1498437076807022	-0.09176716208457947	0.2605834901332855	0.14555470645427704	-0.2030772566795349	-0.19322988390922546	0.1218579038977623	-0.08389946073293686	-0.08823947608470917	-0.06352748721837997	0.11558254808187485	0.0036305042449384928	0.1525002270936966
-0.08726175874471664	0.007258223369717598	-0.11909319460391998	0.13861703872680664	0.11462821066379547	0.0933363065123558	-0.0031730325426906347	-0.24926869571208954	0.21963173151016235	-0.14526309072971344	0.0842147246003151	0.15545527637004852	0.15138570964336395	-0.02171877585351467	0.16369269788265228	-0.001529867760837078	-0.05965366214513779	0.046305444091558456	-0.09091267734766006	0.15399831533432007	0.09767749905586243	0.07787619531154633	-0.10700475424528122	0.10252844542264938	-0.0003840902936644852	-0.00756129901856184	-0.014457997865974903	-0.14221273362636566	-0.07552254945039749	-0.0516425222158432	-0.03553510084748268	-0.17055824398994446	0.1146417111158371	-0.09487815201282501	0.05044056102633476	-0.15480872988700867	0.004570788238197565	-0.0475146509706974	0.06268508732318878	-0.15768326818943024	-0.03973495215177536	0.0749296098947525	-0.0636475533246994	-0.014939149841666222	-0.18232659995555878	0.11002202332019806	0.033311471343040466	0.04544375464320183	0.052192844450473785	0.09962007403373718	0.13307887315750122	0.021998144686222076	0.03828279674053192	-0.23679882287979126	-0.08169032633304596	0.14197185635566711	0.09899993985891342	-0.109363853931427	0.06706282496452332	0.08847935497760773	0.09922363609075546	-0.12017592042684555	0.061857812106609344	-0.17577232420444489
-0.08726175874471664	0.007258223369717598	-0.11909319460391998	0.13861703872680664	0.11462821066379547	0.0933363065123558	-0.0031730325426906347	-0.24926869571208954	0.21963173151016235	-0.14526309072971344	0.0842147246003151	0.15545527637004852	0.15138570964336395	-0.02171877585351467	0.16369269788265228	-0.001529867760837078	-0.05965366214513779	0.046305444091558456	-0.09091267734766006	0.15399831533432007	0.09767749905586243	0.07787619531154633	-0.10700475424528122	0.10252844542264938	-0.0003840902936644852	-0.00756129901856184	-0.014457997865974903	-0.14221273362636566	-0.07552254945039749	-0.0516425222158432	-0.03553510084748268	-0.17055824398994446	0.1146417111158371	-0.09487815201282501	0.05044056102633476	-0.15480872988700867	0.004570788238197565	-0.0475146509706974	0.06268508732318878	-0.15768326818943024	-0.03973495215177536	0.0749296098947525	-0.0636475533246994	-0.014939149841666222	-0.18232659995555878	0.11002202332019806	0.033311471343040466	0.04544375464320183	0.052192844450473785	0.09962007403373718	0.13307887315750122	0.021998144686222076	0.03828279674053192	-0.23679882287979126	-0.08169032633304596	0.14197185635566711	0.09899993985891342	-0.109363853931427	0.06706282496452332	0.08847935497760773	0.09922363609075546	-0.12017592042684555	0.061857812106609344	-0.17577232420444489
-0.08726175874471664	0.007258223369717598	-0.11909319460391998	0.13861703872680664	0.11462821066379547	0.0933363065123558	-0.0031730325426906347	-0.24926869571208954	0.21963173151016235	-0.14526309072971344	0.0842147246003151	0.15545527637004852	0.15138570964336395	-0.02171877585351467	0.16369269788265228	-0.001529867760837078	-0.05965366214513779	0.046305444091558456	-0.09091267734766006	0.15399831533432007	0.09767749905586243	0.07787619531154633	-0.10700475424528122	0.10252844542264938	-0.0003840902936644852	-0.00756129901856184	-0.014457997865974903	-0.14221273362636566	-0.07552254945039749	-0.0516425222158432	-0.03553510084748268	-0.17055824398994446	0.1146417111158371	-0.09487815201282501	0.05044056102633476	-0.15480872988700867	0.004570788238197565	-0.0475146509706974	0.06268508732318878	-0.15768326818943024	-0.03973495215177536	0.0749296098947525	-0.0636475533246994	-0.014939149841666222	-0.18232659995555878	0.11002202332019806	0.033311471343040466	0.04544375464320183	0.052192844450473785	0.09962007403373718	0.13307887315750122	0.021998144686222076	0.03828279674053192	-0.23679882287979126	-0.08169032633304596	0.14197185635566711	0.09899993985891342	-0.109363853931427	0.06706282496452332	0.08847935497760773	0.09922363609075546	-0.12017592042684555	0.061857812106609344	-0.17577232420444489
-0.046601880341768265	-0.08916127681732178	-0.011013776063919067	-0.02156582660973072	-0.01792668178677559	-0.04649884253740311	0.03280356153845787	-0.06287717074155807	0.047341134399175644	-0.07518688589334488	-0.008863299153745174	-0.09737329185009003	-0.01929297484457493	0.08731696009635925	-0.020949384197592735	0.04645351320505142	0.04536091163754463	-0.023591723293066025	-0.01821109466254711	-0.03557388857007027	0.09040860831737518	0.005667515564709902	-0.07205992937088013	-0.0381673127412796	-0.08159685879945755	0.09929967671632767	0.04735174775123596	-0.027698317542672157	0.04503750056028366	0.08853694051504135	-0.0036467108875513077	-0.05844394862651825	-0.03219360485672951	-0.0387788824737072	0.05055199936032295	0.020215969532728195	0.06095343455672264	0.024518132209777832	0.034347593784332275	0.08343218266963959	-0.01319356169551611	-0.08005747199058533	-0.09641528129577637	-0.03263206407427788	-0.03846560791134834	-0.043048154562711716	0.05545903742313385	-0.0361974835395813	-0.06749430298805237	0.007493903860449791	0.02517552487552166	-0.06459129601716995	-0.07180508226156235	0.07303901761770248	-0.036649201065301895	0.051107097417116165	-0.031174128875136375	0.04173678904771805	0.017618151381611824	-0.025274233892560005	-0.0011499077081680298	-0.07172894477844238	0.08089084178209305	0.0438186451792717
-0.08726175874471664	0.007258223369717598	-0.11909319460391998	0.13861703872680664	0.11462821066379547	0.0933363065123558	-0.0031730325426906347	-0.24926869571208954	0.21963173151016235	-0.14526309072971344	0.0842147246003151	0.15545527637004852	0.15138570964336395	-0.02171877585351467	0.16369269788265228	-0.001529867760837078	-0.05965366214513779	0.046305444091558456	-0.09091267734766006	0.15399831533432007	0.09767749905586243	0.07787619531154633	-0.10700475424528122	0.10252844542264938	-0.0003840902936644852	-0.00756129901856184	-0.014457997865974903	-0.14221273362636566	-0.07552254945039749	-0.0516425222158432	-0.03553510084748268	-0.17055824398994446	0.1146417111158371	-0.09487815201282501	0.05044056102633476	-0.15480872988700867	0.004570788238197565	-0.0475146509706974	0.06268508732318878	-0.15768326818943024	-0.03973495215177536	0.0749296098947525	-0.0636475533246994	-0.014939149841666222	-0.18232659995555878	0.11002202332019806	0.033311471343040466	0.04544375464320183	0.052192844450473785	0.09962007403373718	0.13307887315750122	0.021998144686222076	0.03828279674053192	-0.23679882287979126	-0.08169032633304596	0.14197185635566711	0.09899993985891342	-0.109363853931427	0.06706282496452332	0.08847935497760773	0.09922363609075546	-0.12017592042684555	0.061857812106609344	-0.17577232420444489
-0.08726175874471664	0.007258223369717598	-0.11909319460391998	0.13861703872680664	0.11462821066379547	0.0933363065123558	-0.0031730325426906347	-0.24926869571208954	0.21963173151016235	-0.14526309072971344	0.0842147246003151	0.15545527637004852	0.15138570964336395	-0.02171877585351467	0.16369269788265228	-0.001529867760837078	-0.05965366214513779	0.046305444091558456	-0.09091267734766006	0.15399831533432007	0.09767749905586243	0.07787619531154633	-0.10700475424528122	0.10252844542264938	-0.0003840902936644852	-0.00756129901856184	-0.014457997865974903	-0.14221273362636566	-0.07552254945039749	-0.0516425222158432	-0.03553510084748268	-0.17055824398994446	0.1146417111158371	-0.09487815201282501	0.05044056102633476	-0.15480872988700867	0.004570788238197565	-0.0475146509706974	0.06268508732318878	-0.15768326818943024	-0.03973495215177536	0.0749296098947525	-0.0636475533246994	-0.014939149841666222	-0.18232659995555878	0.11002202332019806	0.033311471343040466	0.04544375464320183	0.052192844450473785	0.09962007403373718	0.13307887315750122	0.021998144686222076	0.03828279674053192	-0.23679882287979126	-0.08169032633304596	0.14197185635566711	0.09899993985891342	-0.109363853931427	0.06706282496452332	0.08847935497760773	0.09922363609075546	-0.12017592042684555	0.061857812106609344	-0.17577232420444489
-0.005540368612855673	-0.054458703845739365	0.19335728883743286	-0.12146791815757751	0.08708678185939789	-0.21519604325294495	0.043468210846185684	0.36058688163757324	-0.26860904693603516	0.21727363765239716	-0.055457185953855515	-0.0405566543340683	-0.13622482120990753	-0.10254823416471481	-0.14214447140693665	0.042477741837501526	0.017620446160435677	-0.055427100509405136	0.2035757154226303	-0.18367807567119598	-0.0552368201315403	-0.08701888471841812	0.07527358829975128	-0.10785757005214691	0.03132752701640129	0.1805586963891983	-0.08199991285800934	0.22151057422161102	0.12624140083789825	0.14220429956912994	-0.038041383028030396	0.1632213443517685	-0.12135707587003708	-0.021099889650940895	-0.04568194970488548	0.15763282775878906	-0.16149963438510895	0.04013597220182419	-0.16431353986263275	0.16627410054206848	-0.07711447775363922	-0.13113819062709808	0.15115609765052795	-0.06464514881372452	0.11536218971014023	-0.03478730097413063	-0.06160518154501915	0.039699800312519073	-0.09437654167413712	-0.26571717858314514	-0.19669049978256226	-0.1498437076807022	-0.09176716208457947	0.2605834901332855	0.14555470645427704	-0.2030772566795349	-0.19322988390922546	0.1218579038977623	-0.08389946073293686	-0.08823947608470917	-0.06352748721837997	0.11558254808187485	0.0036305042449384928	0.1525002270936966
-0.08726175874471664	0.007258223369717598	-0.11909319460391998	0.13861703872680664	0.11462821066379547	0.0933363065123558	-0.0031730325426906347	-0.24926869571208954	0.21963173151016235	-0.14526309072971344	0.0842147246003151	0.15545527637004852	0.15138570964336395	-0.02171877585351467	0.16369269788265228	-0.001529867760837078	-0.05965366214513779	0.046305444091558456	-0.09091267734766006	0.15399831533432007	0.09767749905586243	0.07787619531154633	-0.10700475424528122	0.10252844542264938	-0.0003840902936644852	-0.00756129901856184	-0.014457997865974903	-0.14221273362636566	-0.07552254945039749	-0.0516425222158432	-0.03553510084748268	-0.17055824398994446	0.1146417111158371	-0.09487815201282501	0.05044056102633476	-0.15480872988700867	0.004570788238197565	-0.0475146509706974	0.06268508732318878	-0.15768326818943024	-0.03973495215177536	0.0749296098947525	-0.0636475533246994	-0.014939149841666222	-0.18232659995555878	0.11002202332019806	0.033311471343040466	0.04544375464320183	0.052192844450473785	0.09962007403373718	0.13307887315750122	0.021998144686222076	0.03828279674053192	-0.23679882287979126	-0.08169032633304596	0.14197185635566711	0.09899993985891342	-0.109363853931427	0.06706282496452332	0.08847935497760773	0.09922363609075546	-0.12017592042684555	0.061857812106609344	-0.17577232420444489
-0.07433612644672394	0.04944539815187454	-0.12472765892744064	0.08360902220010757	-0.05512083321809769	0.09909230470657349	0.06381590664386749	-0.031858835369348526	0.041558727622032166	-0.0608585886657238	-0.000545004615560174	0.09172520786523819	0.054548345506191254	-0.08035594969987869	0.011707024648785591	-0.003024728037416935	0.07149409502744675	-0.020776905119419098	-0.012386403977870941	-0.04822733253240585	-0.05423537269234657	0.01671617664396763	-0.0734582394361496	0.0879814550280571	-0.0607786700129509	0.06495903432369232	-0.05310641974210739	-0.06970535963773727	-0.10276991128921509	-0.023150237277150154	-0.02130979113280773	-0.048095814883708954	-0.005666122771799564	0.04321169853210449	0.046491589397192	-0.07808869332075119	0.10227972269058228	-0.05852265655994415	0.053302548825740814	0.07206448912620544	-0.0758686289191246	-0.0724669024348259	0.05191656947135925	-0.06705943495035172	0.025406809523701668	0.023338785395026207	0.016545327380299568	-0.027595100924372673	-0.07019542157649994	0.07632608711719513	-0.0541495643556118	-0.06362883746623993	-0.05727265402674675	0.006307053379714489	0.06686732918024063	-0.007214631885290146	0.1062275767326355	0.01579524576663971	0.07050888240337372	0.023257290944457054	-0.05829266831278801	0.0006626701797358692	-0.042199913412332535	-0.12078343331813812
-0.08726175874471664	0.007258223369717598	-0.11909319460391998	0.13861703872680664	0.11462821066379547	0.0933363065123558	-0.0031730325426906347	-0.24926869571208954	0.21963173151016235	-0.14526309072971344	0.0842147246003151	0.15545527637004852	0.15138570964336395	-0.02171877585351467	0.16369269788265228	-0.001529867760837078	-0.05965366214513779	0.046305444091558456	-0.09091267734766006	0.15399831533432007	0.09767749905586243	0.07787619531154633	-0.10700475424528122	0.10252844542264938	-0.0003840902936644852	-0.00756129901856184	-0.014457997865974903	-0.14221273362636566	-0.07552254945039749	-0.0516425222158432	-0.03553510084748268	-0.17055824398994446	0.1146417111158371	-0.09487815201282501	0.05044056102633476	-0.15480872988700867	0.004570788238197565	-0.0475146509706974	0.06268508732318878	-0.15768326818943024	-0.03973495215177536	0.0749296098947525	-0.0636475533246994	-0.014939149841666222	-0.18232659995555878	0.11002202332019806	0.033311471343040466	0.04544375464320183	0.052192844450473785	0.09962007403373718	0.13307887315750122	0.021998144686222076	0.03828279674053192	-0.23679882287979126	-0.08169032633304596	0.14197185635566711	0.09899993985891342	-0.109363853931427	0.06706282496452332	0.08847935497760773	0.09922363609075546	-0.12017592042684555	0.061857812106609344	-0.17577232420444489
-0.005540368612855673	-0.054458703845739365	0.19335728883743286	-0.12146791815757751	0.08708678185939789	-0.21519604325294495	0.043468210846185684	0.36058688163757324	-0.26860904693603516	0.21727363765239716	-0.055457185953855515	-0.0405566543340683	-0.13622482120990753	-0.10254823416471481	-0.14214447140693665	0.042477741837501526	0.017620446160435677	-0.055427100509405136	0.2035757154226303	-0.18367807567119598	-0.0552368201315403	-0.08701888471841812	0.07527358829975128	-0.10785757005214691	0.03132752701640129	0.1805586963891983	-0.08199991285800934	0.22151057422161102	0.12624140083789825	0.14220429956912994	-0.038041383028030396	0.1632213443517685	-0.12135707587003708	-0.021099889650940895	-0.04568194970488548	0.15763282775878906	-0.16149963438510895	0.04013597220182419	-0.16431353986263275	0.16627410054206848	-0.07711447775363922	-0.13113819062709808	0.15115609765052795	-0.06464514881372452	0.11536218971014023	-0.03478730097413063	-0.06160518154501915	0.039699800312519073	-0.09437654167413712	-0.26571717858314514	-0.19669049978256226	-0.1498437076807022	-0.09176716208457947	0.2605834901332855	0.14555470645427704	-0.2030772566795349	-0.19322988390922546	0.1218579038977623	-0.08389946073293686	-0.08823947608470917	-0.06352748721837997	0.11558254808187485	0.0036305042449384928	0.1525002270936966
-0.005540368612855673	-0.054458703845739365	0.19335728883743286	-0.12146791815757751	0.08708678185939789	-0.21519604325294495	0.043468210846185684	0.36058688163757324	-0.26860904693603516	0.21727363765239716	-0.055457185953855515	-0.0405566543340683	-0.13622482120990753	-0.10254823416471481	-0.14214447140693665	0.042477741837501526	0.017620446160435677	-0.055427100509405136	0.2035757154226303	-0.18367807567119598	-0.0552368201315403	-0.08701888471841812	0.07527358829975128	-0.10785757005214691	0.03132752701640129	0.1805586963891983	-0.08199991285800934	0.22151057422161102	0.12624140083789825	0.14220429956912994	-0.038041383028030396	0.1632213443517685	-0.12135707587003708	-0.021099889650940895	-0.04568194970488548	0.15763282775878906	-0.16149963438510895	0.04013597220182419	-0.16431353986263275	0.16627410054206848	-0.07711447775363922	-0.13113819062709808	0.15115609765052795	-0.06464514881372452	0.11536218971014023	-0.03478730097413063	-0.06160518154501915	0.039699800312519073	-0.09437654167413712	-0.26571717858314514	-0.19669049978256226	-0.1498437076807022	-0.09176716208457947	0.2605834901332855	0.14555470645427704	-0.2030772566795349	-0.19322988390922546	0.1218579038977623	-0.08389946073293686	-0.08823947608470917	-0.06352748721837997	0.11558254808187485	0.0036305042449384928	0.1525002270936966
-0.08726175874471664	0.007258223369717598	-0.11909319460391998	0.13861703872680664	0.11462821066379547	0.0933363065123558	-0.0031730325426906347	-0.24926869571208954	0.21963173151016235	-0.14526309072971344	0.0842147246003151	0.15545527637004852	0.15138570964336395	-0.02171877585351467	0.16369269788265228	-0.001529867760837078	-0.05965366214513779	0.046305444091558456	-0.09091267734766006	0.15399831533432007	0.09767749905586243	0.07787619531154633	-0.10700475424528122	0.10252844542264938	-0.0003840902936644852	-0.00756129901856184	-0.014457997865974903	-0.14221273362636566	-0.07552254945039749	-0.0516425222158432	-0.03553510084748268	-0.17055824398994446	0.1146417111158371	-0.09487815201282501	0.05044056102633476	-0.15480872988700867	0.004570788238197565	-0.0475146509706974	0.06268508732318878	-0.15768326818943024	-0.03973495215177536	0.0749296098947525	-0.0636475533246994	-0.014939149841666222	-0.18232659995555878	0.11002202332019806	0.033311471343040466	0.04544375464320183	0.052192844450473785	0.09962007403373718	0.13307887315750122	0.021998144686222076	0.03828279674053192	-0.23679882287979126	-0.08169032633304596	0.14197185635566711	0.09899993985891342	-0.109363853931427	0.06706282496452332	0.08847935497760773	0.09922363609075546	-0.12017592042684555	0.061857812106609344	-0.17577232420444489
-0.08726175874471664	0.007258223369717598	-0.11909319460391998	0.13861703872680664	0.11462821066379547	0.0933363065123558	-0.0031730325426906347	-0.24926869571208954	0.21963173151016235	-0.14526309072971344	0.0842147246003151	0.15545527637004852	0.15138570964336395	-0.02171877585351467	0.16369269788265228	-0.001529867760837078	-0.05965366214513779	0.046305444091558456	-0.09091267734766006	0.15399831533432007	0.09767749905586243	0.07787619531154633	-0.10700475424528122	0.10252844542264938	-0.0003840902936644852	-0.00756129901856184	-0.014457997865974903	-0.14221273362636566	-0.07552254945039749	-0.0516425222158432	-0.03553510084748268	-0.17055824398994446	0.1146417111158371	-0.09487815201282501	0.05044056102633476	-0.15480872988700867	0.004570788238197565	-0.0475146509706974	0.06268508732318878	-0.15768326818943024	-0.03973495215177536	0.0749296098947525	-0.0636475533246994	-0.014939149841666222	-0.18232659995555878	0.11002202332019806	0.033311471343040466	0.04544375464320183	0.052192844450473785	0.09962007403373718	0.13307887315750122	0.021998144686222076	0.03828279674053192	-0.23679882287979126	-0.08169032633304596	0.14197185635566711	0.09899993985891342	-0.109363853931427	0.06706282496452332	0.08847935497760773	0.09922363609075546	-0.12017592042684555	0.061857812106609344	-0.17577232420444489
-0.08726175874471664	0.007258223369717598	-0.11909319460391998	0.13861703872680664	0.11462821066379547	0.0933363065123558	-0.0031730325426906347	-0.24926869571208954	0.21963173151016235	-0.14526309072971344	0.0842147246003151	0.15545527637004852	0.15138570964336395	-0.02171877585351467	0.16369269788265228	-0.001529867760837078	-0.05965366214513779	0.046305444091558456	-0.09091267734766006	0.15399831533432007	0.09767749905586243	0.07787619531154633	-0.10700475424528122	0.10252844542264938	-0.0003840902936644852	-0.00756129901856184	-0.014457997865974903	-0.14221273362636566	-0.07552254945039749	-0.0516425222158432	-0.03553510084748268	-0.17055824398994446	0.1146417111158371	-0.09487815201282501	0.05044056102633476	-0.15480872988700867	0.004570788238197565	-0.0475146509706974	0.06268508732318878	-0.15768326818943024	-0.03973495215177536	0.0749296098947525	-0.0636475533246994	-0.014939149841666222	-0.18232659995555878	0.11002202332019806	0.033311471343040466	0.04544375464320183	0.052192844450473785	0.09962007403373718	0.13307887315750122	0.021998144686222076	0.03828279674053192	-0.23679882287979126	-0.08169032633304596	0.14197185635566711	0.09899993985891342	-0.109363853931427	0.06706282496452332	0.08847935497760773	0.09922363609075546	-0.12017592042684555	0.061857812106609344	-0.17577232420444489
0.08116396516561508	0.006310942582786083	0.022666024044156075	-0.0710112452507019	-0.07233849912881851	-0.0014496410731226206	0.07404519617557526	-0.024173710495233536	0.056532230228185654	0.08120176941156387	-0.07378101348876953	-0.048160869628190994	-0.027221372351050377	0.013350208289921284	0.013621262274682522	-0.03941179811954498	-0.01563783921301365	0.04654980078339577	0.07076197862625122	-0.0816512405872345	-0.06828247010707855	-0.07207781821489334	-0.05553498491644859	0.06383857131004333	0.08215837180614471	-0.049400001764297485	-0.04925739765167236	0.029882827773690224	-0.04821844771504402	0.011331534944474697	-0.02791503258049488	-0.08697552233934402	-0.03601594641804695	0.0005842244136147201	-0.09790197014808655	0.0221080482006073	0.02058367244899273	0.011607863940298557	0.08170704543590546	-0.0526919960975647	0.014193526469171047	0.06857618689537048	0.03166358545422554	-0.031849220395088196	0.09623345732688904	-0.014070197939872742	-0.08467811346054077	-0.02204972878098488	0.02614879608154297	0.056857697665691376	0.030889324843883514	-0.009733966551721096	0.028169605880975723	-0.04084246605634689	-0.011094833724200726	-0.04438548535108566	-0.02952338196337223	0.045149024575948715	-0.06341351568698883	0.02507098950445652	-0.05548906326293945	0.08696681261062622	0.0048586903139948845	0.033686600625514984
-0.005540368612855673	-0.054458703845739365	0.19335728883743286	-0.12146791815757751	0.08708678185939789	-0.21519604325294495	0.043468210846185684	0.36058688163757324	-0.26860904693603516	0.21727363765239716	-0.055457185953855515	-0.0405566543340683	-0.13622482120990753	-0.10254823416471481	-0.14214447140693665	0.042477741837501526	0.017620446160435677	-0.055427100509405136	0.2035757154226303	-0.18367807567119598	-0.0552368201315403	-0.08701888471841812	0.07527358829975128	-0.10785757005214691	0.03132752701640129	0.1805586963891983	-0.08199991285800934	0.22151057422161102	0.12624140083789825	0.14220429956912994	-0.038041383028030396	0.1632213443517685	-0.12135707587003708	-0.021099889650940895	-0.04568194970488548	0.15763282775878906	-0.16149963438510895	0.04013597220182419	-0.16431353986263275	0.16627410054206848	-0.07711447775363922	-0.13113819062709808	0.15115609765052795	-0.06464514881372452	0.11536218971014023	-0.03478730097413063	-0.06160518154501915	0.039699800312519073	-0.09437654167413712	-0.26571717858314514	-0.19669049978256226	-0.1498437076807022	-0.09176716208457947	0.2605834901332855	0.14555470645427704	-0.2030772566795349	-0.19322988390922546	0.1218579038977623	-0.08389946073293686	-0.08823947608470917	-0.06352748721837997	0.11558254808187485	0.0036305042449384928	0.1525002270936966
-0.08726175874471664	0.007258223369717598	-0.11909319460391998	0.13861703872680664	0.11462821066379547	0.0933363065123558	-0.0031730325426906347	-0.24926869571208954	0.21963173151016235	-0.14526309072971344	0.0842147246003151	0.15545527637004852	0.15138570964336395	-0.02171877585351467	0.16369269788265228	-0.001529867760837078	-0.05965366214513779	0.046305444091558456	-0.09091267734766006	0.15399831533432007	0.09767749905586243	0.07787619531154633	-0.10700475424528122	0.10252844542264938	-0.0003840902936644852	-0.00756129901856184	-0.014457997865974903	-0.14221273362636566	-0.07552254945039749	-0.0516425222158432	-0.03553510084748268	-0.17055824398994446	0.1146417111158371	-0.09487815201282501	0.05044056102633476	-0.15480872988700867	0.004570788238197565	-0.0475146509706974	0.06268508732318878	-0.15768326818943024	-0.03973495215177536	0.0749296098947525	-0.0636475533246994	-0.014939149841666222	-0.18232659995555878	0.11002202332019806	0.033311471343040466	0.04544375464320183	0.052192844450473785	0.09962007403373718	0.13307887315750122	0.021998144686222076	0.03828279674053192	-0.23679882287979126	-0.08169032633304596	0.14197185635566711	0.09899993985891342	-0.109363853931427	0.06706282496452332	0.08847935497760773	0.09922363609075546	-0.12017592042684555	0.061857812106609344	-0.17577232420444489
-0.005540368612855673	-0.054458703845739365	0.19335728883743286	-0.12146791815757751	0.08708678185939789	-0.21519604325294495	0.043468210846185684	0.36058688163757324	-0.26860904693603516	0.21727363765239716	-0.055457185953855515	-0.0405566543340683	-0.13622482120990753	-0.10254823416471481	-0.14214447140693665	0.042477741837501526	0.017620446160435677	-0.055427100509405136	0.2035757154226303	-0.18367807567119598	-0.0552368201315403	-0.08701888471841812	0.07527358829975128	-0.10785757005214691	0.03132752701640129	0.1805586963891983	-0.08199991285800934	0.22151057422161102	0.12624140083789825	0.14220429956912994	-0.038041383028030396	0.1632213443517685	-0.12135707587003708	-0.021099889650940895	-0.04568194970488548	0.15763282775878906	-0.16149963438510895	0.04013597220182419	-0.16431353986263275	0.16627410054206848	-0.07711447775363922	-0.13113819062709808	0.15115609765052795	-0.06464514881372452	0.11536218971014023	-0.03478730097413063	-0.06160518154501915	0.039699800312519073	-0.09437654167413712	-0.26571717858314514	-0.19669049978256226	-0.1498437076807022	-0.09176716208457947	0.2605834901332855	0.14555470645427704	-0.2030772566795349	-0.19322988390922546	0.1218579038977623	-0.08389946073293686	-0.08823947608470917	-0.06352748721837997	0.11558254808187485	0.0036305042449384928	0.1525002270936966
-0.005540368612855673	-0.054458703845739365	0.19335728883743286	-0.12146791815757751	0.08708678185939789	-0.21519604325294495	0.043468210846185684	0.36058688163757324	-0.26860904693603516	0.21727363765239716	-0.055457185953855515	-0.0405566543340683	-0.13622482120990753	-0.10254823416471481	-0.14214447140693665	0.042477741837501526	0.017620446160435677	-0.055427100509405136	0.2035757154226303	-0.18367807567119598	-0.0552368201315403	-0.08701888471841812	0.07527358829975128	-0.10785757005214691	0.03132752701640129	0.1805586963891983	-0.08199991285800934	0.22151057422161102	0.12624140083789825	0.14220429956912994	-0.038041383028030396	0.1632213443517685	-0.12135707587003708	-0.021099889650940895	-0.04568194970488548	0.15763282775878906	-0.16149963438510895	0.04013597220182419	-0.16431353986263275	0.16627410054206848	-0.07711447775363922	-0.13113819062709808	0.15115609765052795	-0.06464514881372452	0.11536218971014023	-0.03478730097413063	-0.06160518154501915	0.039699800312519073	-0.09437654167413712	-0.26571717858314514	-0.19669049978256226	-0.1498437076807022	-0.09176716208457947	0.2605834901332855	0.14555470645427704	-0.2030772566795349	-0.19322988390922546	0.1218579038977623	-0.08389946073293686	-0.08823947608470917	-0.06352748721837997	0.11558254808187485	0.0036305042449384928	0.1525002270936966
-0.08726175874471664	0.007258223369717598	-0.11909319460391998	0.13861703872680664	0.11462821066379547	0.0933363065123558	-0.0031730325426906347	-0.24926869571208954	0.21963173151016235	-0.14526309072971344	0.0842147246003151	0.15545527637004852	0.15138570964336395	-0.02171877585351467	0.16369269788265228	-0.001529867760837078	-0.05965366214513779	0.046305444091558456	-0.09091267734766006	0.15399831533432007	0.09767749905586243	0.07787619531154633	-0.10700475424528122	0.10252844542264938	-0.0003840902936644852	-0.00756129901856184	-0.014457997865974903	-0.14221273362636566	-0.07552254945039749	-0.0516425222158432	-0.03553510084748268	-0.17055824398994446	0.1146417111158371	-0.09487815201282501	0.05044056102633476	-0.15480872988700867	0.004570788238197565	-0.0475146509706974	0.06268508732318878	-0.15768326818943024	-0.03973495215177536	0.0749296098947525	-0.0636475533246994	-0.014939149841666222	-0.18232659995555878	0.11002202332019806	0.033311471343040466	0.04544375464320183	0.052192844450473785	0.09962007403373718	0.13307887315750122	0.021998144686222076	0.03828279674053192	-0.23679882287979126	-0.08169032633304596	0.14197185635566711	0.09899993985891342	-0.109363853931427	0.06706282496452332	0.08847935497760773	0.09922363609075546	-0.12017592042684555	0.061857812106609344	-0.17577232420444489
-0.08726175874471664	0.007258223369717598	-0.11909319460391998	0.13861703872680664	0.11462821066379547	0.0933363065123558	-0.0031730325426906347	-0.24926869571208954	0.21963173151016235	-0.14526309072971344	0.0842147246003151	0.15545527637004852	0.15138570964336395	-0.02171877585351467	0.16369269788265228	-0.001529867760837078	-0.05965366214513779	0.046305444091558456	-0.09091267734766006	0.15399831533432007	0.09767749905586243	0.07787619531154633	-0.10700475424528122	0.10252844542264938	-0.0003840902936644852	-0.00756129901856184	-0.014457997865974903	-0.14221273362636566	-0.07552254945039749	-0.0516425222158432	-0.03553510084748268	-0.17055824398994446	0.1146417111158371	-0.09487815201282501	0.05044056102633476	-0.15480872988700867	0.004570788238197565	-0.0475146509706974	0.06268508732318878	-0.15768326818943024	-0.03973495215177536	0.0749296098947525	-0.0636475533246994	-0.014939149841666222	-0.18232659995555878	0.11002202332019806	0.033311471343040466	0.04544375464320183	0.052192844450473785	0.09962007403373718	0.13307887315750122	0.021998144686222076	0.03828279674053192	-0.23679882287979126	-0.08169032633304596	0.14197185635566711	0.09899993985891342	-0.109363853931427	0.06706282496452332	0.08847935497760773	0.09922363609075546	-0.12017592042684555	0.061857812106609344	-0.17577232420444489
-0.08726175874471664	0.007258223369717598	-0.11909319460391998	0.13861703872680664	0.11462821066379547	0.0933363065123558	-0.0031730325426906347	-0.24926869571208954	0.21963173151016235	-0.14526309072971344	0.0842147246003151	0.15545527637004852	0.15138570964336395	-0.02171877585351467	0.16369269788265228	-0.001529867760837078	-0.05965366214513779	0.046305444091558456	-0.09091267734766006	0.15399831533432007	0.09767749905586243	0.07787619531154633	-0.10700475424528122	0.10252844542264938	-0.0003840902936644852	-0.00756129901856184	-0.014457997865974903	-0.14221273362636566	-0.07552254945039749	-0.0516425222158432	-0.03553510084748268	-0.17055824398994446	0.1146417111158371	-0.09487815201282501	0.05044056102633476	-0.15480872988700867	0.004570788238197565	-0.0475146509706974	0.06268508732318878	-0.15768326818943024	-0.03973495215177536	0.0749296098947525	-0.0636475533246994	-0.014939149841666222	-0.18232659995555878	0.11002202332019806	0.033311471343040466	0.04544375464320183	0.052192844450473785	0.09962007403373718	0.13307887315750122	0.021998144686222076	0.03828279674053192	-0.23679882287979126	-0.08169032633304596	0.14197185635566711	0.09899993985891342	-0.109363853931427	0.06706282496452332	0.08847935497760773	0.09922363609075546	-0.12017592042684555	0.061857812106609344	-0.17577232420444489
-0.005540368612855673	-0.054458703845739365	0.19335728883743286	-0.12146791815757751	0.08708678185939789	-0.21519604325294495	0.043468210846185684	0.36058688163757324	-0.26860904693603516	0.21727363765239716	-0.055457185953855515	-0.0405566543340683	-0.13622482120990753	-0.10254823416471481	-0.14214447140693665	0.042477741837501526	0.017620446160435677	-0.055427100509405136	0.2035757154226303	-0.18367807567119598	-0.0552368201315403	-0.08701888471841812	0.07527358829975128	-0.10785757005214691	0.03132752701640129	0.1805586963891983	-0.08199991285800934	0.22151057422161102	0.12624140083789825	0.14220429956912994	-0.038041383028030396	0.1632213443517685	-0.12135707587003708	-0.021099889650940895	-0.04568194970488548	0.15763282775878906	-0.16149963438510895	0.04013597220182419	-0.16431353986263275	0.16627410054206848	-0.07711447775363922	-0.13113819062709808	0.15115609765052795	-0.06464514881372452	0.11536218971014023	-0.03478730097413063	-0.06160518154501915	0.039699800312519073	-0.09437654167413712	-0.26571717858314514	-0.19669049978256226	-0.1498437076807022	-0.09176716208457947	0.2605834901332855	0.14555470645427704	-0.2030772566795349	-0.19322988390922546	0.1218579038977623	-0.08389946073293686	-0.08823947608470917	-0.06352748721837997	0.11558254808187485	0.0036305042449384928	0.1525002270936966
-0.08726175874471664	0.007258223369717598	-0.11909319460391998	0.13861703872680664	0.11462821066379547	0.0933363065123558	-0.0031730325426906347	-0.24926869571208954	0.21963173151016235	-0.14526309072971344	0.0842147246003151	0.15545527637004852	0.15138570964336395	-0.02171877585351467	0.16369269788265228	-0.001529867760837078	-0.05965366214513779	0.046305444091558456	-0.09091267734766006	0.15399831533432007	0.09767749905586243	0.07787619531154633	-0.10700475424528122	0.10252844542264938	-0.0003840902936644852	-0.00756129901856184	-0.014457997865974903	-0.14221273362636566	-0.07552254945039749	-0.0516425222158432	-0.03553510084748268	-0.17055824398994446	0.1146417111158371	-0.09487815201282501	0.05044056102633476	-0.15480872988700867	0.004570788238197565	-0.0475146509706974	0.06268508732318878	-0.15768326818943024	-0.03973495215177536	0.0749296098947525	-0.0636475533246994	-0.014939149841666222	-0.18232659995555878	0.11002202332019806	0.033311471343040466	0.04544375464320183	0.052192844450473785	0.09962007403373718	0.13307887315750122	0.021998144686222076	0.03828279674053192	-0.23679882287979126	-0.08169032633304596	0.14197185635566711	0.09899993985891342	-0.109363853931427	0.06706282496452332	0.08847935497760773	0.09922363609075546	-0.12017592042684555	0.061857812106609344	-0.17577232420444489
-0.08726175874471664	0.007258223369717598	-0.11909319460391998	0.13861703872680664	0.11462821066379547	0.0933363065123558	-0.0031730325426906347	-0.24926869571208954	0.21963173151016235	-0.14526309072971344	0.0842147246003151	0.15545527637004852	0.15138570964336395	-0.02171877585351467	0.16369269788265228	-0.001529867760837078	-0.05965366214513779	0.046305444091558456	-0.09091267734766006	0.15399831533432007	0.09767749905586243	0.07787619531154633	-0.10700475424528122	0.10252844542264938	-0.0003840902936644852	-0.00756129901856184	-0.014457997865974903	-0.14221273362636566	-0.07552254945039749	-0.0516425222158432	-0.03553510084748268	-0.17055824398994446	0.1146417111158371	-0.09487815201282501	0.05044056102633476	-0.15480872988700867	0.004570788238197565	-0.0475146509706974	0.06268508732318878	-0.15768326818943024	-0.03973495215177536	0.0749296098947525	-0.0636475533246994	-0.014939149841666222	-0.18232659995555878	0.11002202332019806	0.033311471343040466	0.04544375464320183	0.052192844450473785	0.09962007403373718	0.13307887315750122	0.021998144686222076	0.03828279674053192	-0.23679882287979126	-0.08169032633304596	0.14197185635566711	0.09899993985891342	-0.109363853931427	0.06706282496452332	0.08847935497760773	0.09922363609075546	-0.12017592042684555	0.061857812106609344	-0.17577232420444489
-0.005540368612855673	-0.054458703845739365	0.19335728883743286	-0.12146791815757751	0.08708678185939789	-0.21519604325294495	0.043468210846185684	0.36058688163757324	-0.26860904693603516	0.21727363765239716	-0.055457185953855515	-0.0405566543340683	-0.13622482120990753	-0.10254823416471481	-0.14214447140693665	0.042477741837501526	0.017620446160435677	-0.055427100509405136	0.2035757154226303	-0.18367807567119598	-0.0552368201315403	-0.08701888471841812	0.07527358829975128	-0.10785757005214691	0.03132752701640129	0.1805586963891983	-0.08199991285800934	0.22151057422161102	0.12624140083789825	0.14220429956912994	-0.038041383028030396	0.1632213443517685	-0.12135707587003708	-0.021099889650940895	-0.04568194970488548	0.15763282775878906	-0.16149963438510895	0.04013597220182419	-0.16431353986263275	0.16627410054206848	-0.07711447775363922	-0.13113819062709808	0.15115609765052795	-0.06464514881372452	0.11536218971014023	-0.03478730097413063	-0.06160518154501915	0.039699800312519073	-0.09437654167413712	-0.26571717858314514	-0.19669049978256226	-0.1498437076807022	-0.09176716208457947	0.2605834901332855	0.14555470645427704	-0.2030772566795349	-0.19322988390922546	0.1218579038977623	-0.08389946073293686	-0.08823947608470917	-0.06352748721837997	0.11558254808187485	0.0036305042449384928	0.1525002270936966
-0.005540368612855673	-0.054458703845739365	0.19335728883743286	-0.12146791815757751	0.08708678185939789	-0.21519604325294495	0.043468210846185684	0.36058688163757324	-0.26860904693603516	0.21727363765239716	-0.055457185953855515	-0.0405566543340683	-0.13622482120990753	-0.10254823416471481	-0.14214447140693665	0.042477741837501526	0.017620446160435677	-0.055427100509405136	0.2035757154226303	-0.18367807567119598	-0.0552368201315403	-0.08701888471841812	0.07527358829975128	-0.10785757005214691	0.03132752701640129	0.1805586963891983	-0.08199991285800934	0.22151057422161102	0.12624140083789825	0.14220429956912994	-0.038041383028030396	0.1632213443517685	-0.12135707587003708	-0.021099889650940895	-0.04568194970488548	0.15763282775878906	-0.16149963438510895	0.04013597220182419	-0.16431353986263275	0.16627410054206848	-0.07711447775363922	-0.13113819062709808	0.15115609765052795	-0.06464514881372452	0.11536218971014023	-0.03478730097413063	-0.06160518154501915	0.039699800312519073	-0.09437654167413712	-0.26571717858314514	-0.19669049978256226	-0.1498437076807022	-0.09176716208457947	0.2605834901332855	0.14555470645427704	-0.2030772566795349	-0.19322988390922546	0.1218579038977623	-0.08389946073293686	-0.08823947608470917	-0.06352748721837997	0.11558254808187485	0.0036305042449384928	0.1525002270936966
-0.08726175874471664	0.007258223369717598	-0.11909319460391998	0.13861703872680664	0.11462821066379547	0.0933363065123558	-0.0031730325426906347	-0.24926869571208954	0.21963173151016235	-0.14526309072971344	0.0842147246003151	0.15545527637004852	0.15138570964336395	-0.02171877585351467	0.16369269788265228	-0.001529867760837078	-0.05965366214513779	0.046305444091558456	-0.09091267734766006	0.15399831533432007	0.09767749905586243	0.07787619531154633	-0.10700475424528122	0.10252844542264938	-0.0003840902936644852	-0.00756129901856184	-0.014457997865974903	-0.14221273362636566	-0.07552254945039749	-0.0516425222158432	-0.03553510084748268	-0.17055824398994446	0.1146417111158371	-0.09487815201282501	0.05044056102633476	-0.15480872988700867	0.004570788238197565	-0.0475146509706974	0.06268508732318878	-0.15768326818943024	-0.03973495215177536	0.0749296098947525	-0.0636475533246994	-0.014939149841666222	-0.18232659995555878	0.11002202332019806	0.033311471343040466	0.04544375464320183	0.052192844450473785	0.09962007403373718	0.13307887315750122	0.021998144686222076	0.03828279674053192	-0.23679882287979126	-0.08169032633304596	0.14197185635566711	0.09899993985891342	-0.109363853931427	0.06706282496452332	0.08847935497760773	0.09922363609075546	-0.12017592042684555	0.061857812106609344	-0.17577232420444489
-0.08726175874471664	0.007258223369717598	-0.11909319460391998	0.13861703872680664	0.11462821066379547	0.0933363065123558	-0.0031730325426906347	-0.24926869571208954	0.21963173151016235	-0.14526309072971344	0.0842147246003151	0.15545527637004852	0.15138570964336395	-0.02171877585351467	0.16369269788265228	-0.001529867760837078	-0.05965366214513779	0.046305444091558456	-0.09091267734766006	0.15399831533432007	0.09767749905586243	0.07787619531154633	-0.10700475424528122	0.10252844542264938	-0.0003840902936644852	-0.00756129901856184	-0.014457997865974903	-0.14221273362636566	-0.07552254945039749	-0.0516425222158432	-0.03553510084748268	-0.17055824398994446	0.1146417111158371	-0.09487815201282501	0.05044056102633476	-0.15480872988700867	0.004570788238197565	-0.0475146509706974	0.06268508732318878	-0.15768326818943024	-0.03973495215177536	0.0749296098947525	-0.0636475533246994	-0.014939149841666222	-0.18232659995555878	0.11002202332019806	0.033311471343040466	0.04544375464320183	0.052192844450473785	0.09962007403373718	0.13307887315750122	0.021998144686222076	0.03828279674053192	-0.23679882287979126	-0.08169032633304596	0.14197185635566711	0.09899993985891342	-0.109363853931427	0.06706282496452332	0.08847935497760773	0.09922363609075546	-0.12017592042684555	0.061857812106609344	-0.17577232420444489
-0.005540368612855673	-0.054458703845739365	0.19335728883743286	-0.12146791815757751	0.08708678185939789	-0.21519604325294495	0.043468210846185684	0.36058688163757324	-0.26860904693603516	0.21727363765239716	-0.055457185953855515	-0.0405566543340683	-0.13622482120990753	-0.10254823416471481	-0.14214447140693665	0.042477741837501526	0.017620446160435677	-0.055427100509405136	0.2035757154226303	-0.18367807567119598	-0.0552368201315403	-0.08701888471841812	0.07527358829975128	-0.10785757005214691	0.03132752701640129	0.1805586963891983	-0.08199991285800934	0.22151057422161102	0.12624140083789825	0.14220429956912994	-0.038041383028030396	0.1632213443517685	-0.12135707587003708	-0.021099889650940895	-0.04568194970488548	0.15763282775878906	-0.16149963438510895	0.04013597220182419	-0.16431353986263275	0.16627410054206848	-0.07711447775363922	-0.13113819062709808	0.15115609765052795	-0.06464514881372452	0.11536218971014023	-0.03478730097413063	-0.06160518154501915	0.039699800312519073	-0.09437654167413712	-0.26571717858314514	-0.19669049978256226	-0.1498437076807022	-0.09176716208457947	0.2605834901332855	0.14555470645427704	-0.2030772566795349	-0.19322988390922546	0.1218579038977623	-0.08389946073293686	-0.08823947608470917	-0.06352748721837997	0.11558254808187485	0.0036305042449384928	0.1525002270936966
-0.005540368612855673	-0.054458703845739365	0.19335728883743286	-0.12146791815757751	0.08708678185939789	-0.21519604325294495	0.043468210846185684	0.36058688163757324	-0.26860904693603516	0.21727363765239716	-0.055457185953855515	-0.0405566543340683	-0.13622482120990753	-0.10254823416471481	-0.14214447140693665	0.042477741837501526	0.017620446160435677	-0.055427100509405136	0.2035757154226303	-0.18367807567119598	-0.0552368201315403	-0.08701888471841812	0.07527358829975128	-0.10785757005214691	0.03132752701640129	0.1805586963891983	-0.08199991285800934	0.22151057422161102	0.12624140083789825	0.14220429956912994	-0.038041383028030396	0.1632213443517685	-0.12135707587003708	-0.021099889650940895	-0.04568194970488548	0.15763282775878906	-0.16149963438510895	0.04013597220182419	-0.16431353986263275	0.16627410054206848	-0.07711447775363922	-0.13113819062709808	0.15115609765052795	-0.06464514881372452	0.11536218971014023	-0.03478730097413063	-0.06160518154501915	0.039699800312519073	-0.09437654167413712	-0.26571717858314514	-0.19669049978256226	-0.1498437076807022	-0.09176716208457947	0.2605834901332855	0.14555470645427704	-0.2030772566795349	-0.19322988390922546	0.1218579038977623	-0.08389946073293686	-0.08823947608470917	-0.06352748721837997	0.11558254808187485	0.0036305042449384928	0.1525002270936966
-0.08726175874471664	0.007258223369717598	-0.11909319460391998	0.13861703872680664	0.11462821066379547	0.0933363065123558	-0.0031730325426906347	-0.24926869571208954	0.21963173151016235	-0.14526309072971344	0.0842147246003151	0.15545527637004852	0.15138570964336395	-0.02171877585351467	0.16369269788265228	-0.001529867760837078	-0.05965366214513779	0.046305444091558456	-0.09091267734766006	0.15399831533432007	0.09767749905586243	0.07787619531154633	-0.10700475424528122	0.10252844542264938	-0.0003840902936644852	-0.00756129901856184	-0.014457997865974903	-0.14221273362636566	-0.07552254945039749	-0.0516425222158432	-0.03553510084748268	-0.17055824398994446	0.1146417111158371	-0.09487815201282501	0.05044056102633476	-0.15480872988700867	0.004570788238197565	-0.0475146509706974	0.06268508732318878	-0.15768326818943024	-0.03973495215177536	0.0749296098947525	-0.0636475533246994	-0.014939149841666222	-0.18232659995555878	0.11002202332019806	0.033311471343040466	0.04544375464320183	0.052192844450473785	0.09962007403373718	0.13307887315750122	0.021998144686222076	0.03828279674053192	-0.23679882287979126	-0.08169032633304596	0.14197185635566711	0.09899993985891342	-0.109363853931427	0.06706282496452332	0.08847935497760773	0.09922363609075546	-0.12017592042684555	0.061857812106609344	-0.17577232420444489
-0.08726175874471664	0.007258223369717598	-0.11909319460391998	0.13861703872680664	0.11462821066379547	0.0933363065123558	-0.0031730325426906347	-0.24926869571208954	0.21963173151016235	-0.14526309072971344	0.0842147246003151	0.15545527637004852	0.15138570964336395	-0.02171877585351467	0.16369269788265228	-0.001529867760837078	-0.05965366214513779	0.046305444091558456	-0.09091267734766006	0.15399831533432007	0.09767749905586243	0.07787619531154633	-0.10700475424528122	0.10252844542264938	-0.0003840902936644852	-0.00756129901856184	-0.014457997865974903	-0.14221273362636566	-0.07552254945039749	-0.0516425222158432	-0.03553510084748268	-0.17055824398994446	0.1146417111158371	-0.09487815201282501	0.05044056102633476	-0.15480872988700867	0.004570788238197565	-0.0475146509706974	0.06268508732318878	-0.15768326818943024	-0.03973495215177536	0.0749296098947525	-0.0636475533246994	-0.014939149841666222	-0.18232659995555878	0.11002202332019806	0.033311471343040466	0.04544375464320183	0.052192844450473785	0.09962007403373718	0.13307887315750122	0.021998144686222076	0.03828279674053192	-0.23679882287979126	-0.08169032633304596	0.14197185635566711	0.09899993985891342	-0.109363853931427	0.06706282496452332	0.08847935497760773	0.09922363609075546	-0.12017592042684555	0.061857812106609344	-0.17577232420444489
-0.07433612644672394	0.04944539815187454	-0.12472765892744064	0.08360902220010757	-0.05512083321809769	0.09909230470657349	0.06381590664386749	-0.031858835369348526	0.041558727622032166	-0.0608585886657238	-0.000545004615560174	0.09172520786523819	0.054548345506191254	-0.08035594969987869	0.011707024648785591	-0.003024728037416935	0.07149409502744675	-0.020776905119419098	-0.012386403977870941	-0.04822733253240585	-0.05423537269234657	0.01671617664396763	-0.0734582394361496	0.0879814550280571	-0.0607786700129509	0.06495903432369232	-0.05310641974210739	-0.06970535963773727	-0.10276991128921509	-0.023150237277150154	-0.02130979113280773	-0.048095814883708954	-0.005666122771799564	0.04321169853210449	0.046491589397192	-0.07808869332075119	0.10227972269058228	-0.05852265655994415	0.053302548825740814	0.07206448912620544	-0.0758686289191246	-0.0724669024348259	0.05191656947135925	-0.06705943495035172	0.025406809523701668	0.023338785395026207	0.016545327380299568	-0.027595100924372673	-0.07019542157649994	0.07632608711719513	-0.0541495643556118	-0.06362883746623993	-0.05727265402674675	0.006307053379714489	0.06686732918024063	-0.007214631885290146	0.1062275767326355	0.01579524576663971	0.07050888240337372	0.023257290944457054	-0.05829266831278801	0.0006626701797358692	-0.042199913412332535	-0.12078343331813812
-0.07644042372703552	0.03280193731188774	0.028897104784846306	-0.022979067638516426	-0.06401348859071732	-0.03477269783616066	0.0909198597073555	0.037440765649080276	0.056938476860523224	0.06606990098953247	0.009755773469805717	0.03461318463087082	0.06557797640562057	-0.05306678265333176	0.09849721193313599	-0.07069947570562363	-0.039638955146074295	0.08217065036296844	-0.10251548886299133	-0.021876109763979912	-0.04519239813089371	-0.0934620127081871	-0.05616654455661774	0.023945223540067673	-0.04406038299202919	-0.06015566736459732	-0.0761626660823822	-0.013541319407522678	-0.049041472375392914	0.04373232647776604	-0.09184306859970093	-0.05915508419275284	0.023101553320884705	-0.04449049383401871	-0.08854838460683823	0.006678054574877024	0.010253043845295906	0.048299554735422134	-0.08821713179349899	-0.03353710472583771	0.07300599664449692	0.10383927822113037	0.08202988654375076	0.00034052913542836905	-0.0291089229285717	-0.065807044506073	0.09139253199100494	0.09166145324707031	0.0176830030977726	0.08256839960813522	0.09117646515369415	0.06614107638597488	0.0018168878741562366	0.07543604075908661	-0.08159317076206207	-0.037157975137233734	0.012973272241652012	0.09228330850601196	-0.053218379616737366	-0.09666554629802704	-0.10003252327442169	0.00995846837759018	-0.050284527242183685	0.07661447674036026
-0.005540368612855673	-0.054458703845739365	0.19335728883743286	-0.12146791815757751	0.08708678185939789	-0.21519604325294495	0.043468210846185684	0.36058688163757324	-0.26860904693603516	0.21727363765239716	-0.055457185953855515	-0.0405566543340683	-0.13622482120990753	-0.10254823416471481	-0.14214447140693665	0.042477741837501526	0.017620446160435677	-0.055427100509405136	0.2035757154226303	-0.18367807567119598	-0.0552368201315403	-0.08701888471841812	0.07527358829975128	-0.10785757005214691	0.03132752701640129	0.1805586963891983	-0.08199991285800934	0.22151057422161102	0.12624140083789825	0.14220429956912994	-0.038041383028030396	0.1632213443517685	-0.12135707587003708	-0.021099889650940895	-0.04568194970488548	0.15763282775878906	-0.16149963438510895	0.04013597220182419	-0.16431353986263275	0.16627410054206848	-0.07711447775363922	-0.13113819062709808	0.15115609765052795	-0.06464514881372452	0.11536218971014023	-0.03478730097413063	-0.06160518154501915	0.039699800312519073	-0.09437654167413712	-0.26571717858314514	-0.19669049978256226	-0.1498437076807022	-0.09176716208457947	0.2605834901332855	0.14555470645427704	-0.2030772566795349	-0.19322988390922546	0.1218579038977623	-0.08389946073293686	-0.08823947608470917	-0.06352748721837997	0.11558254808187485	0.0036305042449384928	0.1525002270936966
-0.08726175874471664	0.007258223369717598	-0.11909319460391998	0.13861703872680664	0.11462821066379547	0.0933363065123558	-0.0031730325426906347	-0.24926869571208954	0.21963173151016235	-0.14526309072971344	0.0842147246003151	0.15545527637004852	0.15138570964336395	-0.02171877585351467	0.16369269788265228	-0.001529867760837078	-0.05965366214513779	0.046305444091558456	-0.09091267734766006	0.15399831533432007	0.09767749905586243	0.07787619531154633	-0.10700475424528122	0.10252844542264938	-0.0003840902936644852	-0.00756129901856184	-0.014457997865974903	-0.14221273362636566	-0.07552254945039749	-0.0516425222158432	-0.03553510084748268	-0.17055824398994446	0.1146417111158371	-0.09487815201282501	0.05044056102633476	-0.15480872988700867	0.004570788238197565	-0.0475146509706974	0.06268508732318878	-0.15768326818943024	-0.03973495215177536	0.0749296098947525	-0.0636475533246994	-0.014939149841666222	-0.18232659995555878	0.11002202332019806	0.033311471343040466	0.04544375464320183	0.052192844450473785	0.09962007403373718	0.13307887315750122	0.021998144686222076	0.03828279674053192	-0.23679882287979126	-0.08169032633304596	0.14197185635566711	0.09899993985891342	-0.109363853931427	0.06706282496452332	0.08847935497760773	0.09922363609075546	-0.12017592042684555	0.061857812106609344	-0.17577232420444489
-0.08726175874471664	0.007258223369717598	-0.11909319460391998	0.13861703872680664	0.11462821066379547	0.0933363065123558	-0.0031730325426906347	-0.24926869571208954	0.21963173151016235	-0.14526309072971344	0.0842147246003151	0.15545527637004852	0.15138570964336395	-0.02171877585351467	0.16369269788265228	-0.001529867760837078	-0.05965366214513779	0.046305444091558456	-0.09091267734766006	0.15399831533432007	0.09767749905586243	0.07787619531154633	-0.10700475424528122	0.10252844542264938	-0.0003840902936644852	-0.00756129901856184	-0.014457997865974903	-0.14221273362636566	-0.07552254945039749	-0.0516425222158432	-0.03553510084748268	-0.17055824398994446	0.1146417111158371	-0.09487815201282501	0.05044056102633476	-0.15480872988700867	0.004570788238197565	-0.0475146509706974	0.06268508732318878	-0.15768326818943024	-0.03973495215177536	0.0749296098947525	-0.0636475533246994	-0.014939149841666222	-0.18232659995555878	0.11002202332019806	0.033311471343040466	0.04544375464320183	0.052192844450473785	0.09962007403373718	0.13307887315750122	0.021998144686222076	0.03828279674053192	-0.23679882287979126	-0.08169032633304596	0.14197185635566711	0.09899993985891342	-0.109363853931427	0.06706282496452332	0.08847935497760773	0.09922363609075546	-0.12017592042684555	0.061857812106609344	-0.17577232420444489
-0.005540368612855673	-0.054458703845739365	0.19335728883743286	-0.12146791815757751	0.08708678185939789	-0.21519604325294495	0.043468210846185684	0.36058688163757324	-0.26860904693603516	0.21727363765239716	-0.055457185953855515	-0.0405566543340683	-0.13622482120990753	-0.10254823416471481	-0.14214447140693665	0.042477741837501526	0.017620446160435677	-0.055427100509405136	0.2035757154226303	-0.18367807567119598	-0.0552368201315403	-0.08701888471841812	0.07527358829975128	-0.10785757005214691	0.03132752701640129	0.1805586963891983	-0.08199991285800934	0.22151057422161102	0.12624140083789825	0.14220429956912994	-0.038041383028030396	0.1632213443517685	-0.12135707587003708	-0.021099889650940895	-0.04568194970488548	0.15763282775878906	-0.16149963438510895	0.04013597220182419	-0.16431353986263275	0.16627410054206848	-0.07711447775363922	-0.13113819062709808	0.15115609765052795	-0.06464514881372452	0.11536218971014023	-0.03478730097413063	-0.06160518154501915	0.039699800312519073	-0.09437654167413712	-0.26571717858314514	-0.19669049978256226	-0.1498437076807022	-0.09176716208457947	0.2605834901332855	0.14555470645427704	-0.2030772566795349	-0.19322988390922546	0.1218579038977623	-0.08389946073293686	-0.08823947608470917	-0.06352748721837997	0.11558254808187485	0.0036305042449384928	0.1525002270936966
-0.08726175874471664	0.007258223369717598	-0.11909319460391998	0.13861703872680664	0.11462821066379547	0.0933363065123558	-0.0031730325426906347	-0.24926869571208954	0.21963173151016235	-0.14526309072971344	0.0842147246003151	0.15545527637004852	0.15138570964336395	-0.02171877585351467	0.16369269788265228	-0.001529867760837078	-0.05965366214513779	0.046305444091558456	-0.09091267734766006	0.15399831533432007	0.09767749905586243	0.07787619531154633	-0.10700475424528122	0.10252844542264938	-0.0003840902936644852	-0.00756129901856184	-0.014457997865974903	-0.14221273362636566	-0.07552254945039749	-0.0516425222158432	-0.03553510084748268	-0.17055824398994446	0.1146417111158371	-0.09487815201282501	0.05044056102633476	-0.15480872988700867	0.004570788238197565	-0.0475146509706974	0.06268508732318878	-0.15768326818943024	-0.03973495215177536	0.0749296098947525	-0.0636475533246994	-0.014939149841666222	-0.18232659995555878	0.11002202332019806	0.033311471343040466	0.04544375464320183	0.052192844450473785	0.09962007403373718	0.13307887315750122	0.021998144686222076	0.03828279674053192	-0.23679882287979126	-0.08169032633304596	0.14197185635566711	0.09899993985891342	-0.109363853931427	0.06706282496452332	0.08847935497760773	0.09922363609075546	-0.12017592042684555	0.061857812106609344	-0.17577232420444489
-0.08726175874471664	0.007258223369717598	-0.11909319460391998	0.13861703872680664	0.11462821066379547	0.0933363065123558	-0.0031730325426906347	-0.24926869571208954	0.21963173151016235	-0.14526309072971344	0.0842147246003151	0.15545527637004852	0.15138570964336395	-0.02171877585351467	0.16369269788265228	-0.001529867760837078	-0.05965366214513779	0.046305444091558456	-0.09091267734766006	0.15399831533432007	0.09767749905586243	0.07787619531154633	-0.10700475424528122	0.10252844542264938	-0.0003840902936644852	-0.00756129901856184	-0.014457997865974903	-0.14221273362636566	-0.07552254945039749	-0.0516425222158432	-0.03553510084748268	-0.17055824398994446	0.1146417111158371	-0.09487815201282501	0.05044056102633476	-0.15480872988700867	0.004570788238197565	-0.0475146509706974	0.06268508732318878	-0.15768326818943024	-0.03973495215177536	0.0749296098947525	-0.0636475533246994	-0.014939149841666222	-0.18232659995555878	0.11002202332019806	0.033311471343040466	0.04544375464320183	0.052192844450473785	0.09962007403373718	0.13307887315750122	0.021998144686222076	0.03828279674053192	-0.23679882287979126	-0.08169032633304596	0.14197185635566711	0.09899993985891342	-0.109363853931427	0.06706282496452332	0.08847935497760773	0.09922363609075546	-0.12017592042684555	0.061857812106609344	-0.17577232420444489
-0.005540368612855673	-0.054458703845739365	0.19335728883743286	-0.12146791815757751	0.08708678185939789	-0.21519604325294495	0.043468210846185684	0.36058688163757324	-0.26860904693603516	0.21727363765239716	-0.055457185953855515	-0.0405566543340683	-0.13622482120990753	-0.10254823416471481	-0.14214447140693665	0.042477741837501526	0.017620446160435677	-0.055427100509405136	0.2035757154226303	-0.18367807567119598	-0.0552368201315403	-0.08701888471841812	0.07527358829975128	-0.10785757005214691	0.03132752701640129	0.1805586963891983	-0.08199991285800934	0.22151057422161102	0.12624140083789825	0.14220429956912994	-0.038041383028030396	0.1632213443517685	-0.12135707587003708	-0.021099889650940895	-0.04568194970488548	0.15763282775878906	-0.16149963438510895	0.04013597220182419	-0.16431353986263275	0.16627410054206848	-0.07711447775363922	-0.13113819062709808	0.15115609765052795	-0.06464514881372452	0.11536218971014023	-0.03478730097413063	-0.06160518154501915	0.039699800312519073	-0.09437654167413712	-0.26571717858314514	-0.19669049978256226	-0.1498437076807022	-0.09176716208457947	0.2605834901332855	0.14555470645427704	-0.2030772566795349	-0.19322988390922546	0.1218579038977623	-0.08389946073293686	-0.08823947608470917	-0.06352748721837997	0.11558254808187485	0.0036305042449384928	0.1525002270936966
-0.005540368612855673	-0.054458703845739365	0.19335728883743286	-0.12146791815757751	0.08708678185939789	-0.21519604325294495	0.043468210846185684	0.36058688163757324	-0.26860904693603516	0.21727363765239716	-0.055457185953855515	-0.0405566543340683	-0.13622482120990753	-0.10254823416471481	-0.14214447140693665	0.042477741837501526	0.017620446160435677	-0.055427100509405136	0.2035757154226303	-0.18367807567119598	-0.0552368201315403	-0.08701888471841812	0.07527358829975128	-0.10785757005214691	0.03132752701640129	0.1805586963891983	-0.08199991285800934	0.22151057422161102	0.12624140083789825	0.14220429956912994	-0.038041383028030396	0.1632213443517685	-0.12135707587003708	-0.021099889650940895	-0.04568194970488548	0.15763282775878906	-0.16149963438510895	0.04013597220182419	-0.16431353986263275	0.16627410054206848	-0.07711447775363922	-0.13113819062709808	0.15115609765052795	-0.06464514881372452	0.11536218971014023	-0.03478730097413063	-0.06160518154501915	0.039699800312519073	-0.09437654167413712	-0.26571717858314514	-0.19669049978256226	-0.1498437076807022	-0.09176716208457947	0.2605834901332855	0.14555470645427704	-0.2030772566795349	-0.19322988390922546	0.1218579038977623	-0.08389946073293686	-0.08823947608470917	-0.06352748721837997	0.11558254808187485	0.0036305042449384928	0.1525002270936966
-0.08726175874471664	0.007258223369717598	-0.11909319460391998	0.13861703872680664	0.11462821066379547	0.0933363065123558	-0.0031730325426906347	-0.24926869571208954	0.21963173151016235	-0.14526309072971344	0.0842147246003151	0.15545527637004852	0.15138570964336395	-0.02171877585351467	0.16369269788265228	-0.001529867760837078	-0.05965366214513779	0.046305444091558456	-0.09091267734766006	0.15399831533432007	0.09767749905586243	0.07787619531154633	-0.10700475424528122	0.10252844542264938	-0.0003840902936644852	-0.00756129901856184	-0.014457997865974903	-0.14221273362636566	-0.07552254945039749	-0.0516425222158432	-0.03553510084748268	-0.17055824398994446	0.1146417111158371	-0.09487815201282501	0.05044056102633476	-0.15480872988700867	0.004570788238197565	-0.0475146509706974	0.06268508732318878	-0.15768326818943024	-0.03973495215177536	0.0749296098947525	-0.0636475533246994	-0.014939149841666222	-0.18232659995555878	0.11002202332019806	0.033311471343040466	0.04544375464320183	0.052192844450473785	0.09962007403373718	0.13307887315750122	0.021998144686222076	0.03828279674053192	-0.23679882287979126	-0.08169032633304596	0.14197185635566711	0.09899993985891342	-0.109363853931427	0.06706282496452332	0.08847935497760773	0.09922363609075546	-0.12017592042684555	0.061857812106609344	-0.17577232420444489
-0.08726175874471664	0.007258223369717598	-0.11909319460391998	0.13861703872680664	0.11462821066379547	0.0933363065123558	-0.0031730325426906347	-0.24926869571208954	0.21963173151016235	-0.14526309072971344	0.0842147246003151	0.15545527637004852	0.15138570964336395	-0.02171877585351467	0.16369269788265228	-0.001529867760837078	-0.05965366214513779	0.046305444091558456	-0.09091267734766006	0.15399831533432007	0.09767749905586243	0.07787619531154633	-0.10700475424528122	0.10252844542264938	-0.0003840902936644852	-0.00756129901856184	-0.014457997865974903	-0.14221273362636566	-0.07552254945039749	-0.0516425222158432	-0.03553510084748268	-0.17055824398994446	0.1146417111158371	-0.09487815201282501	0.05044056102633476	-0.15480872988700867	0.004570788238197565	-0.0475146509706974	0.06268508732318878	-0.15768326818943024	-0.03973495215177536	0.0749296098947525	-0.0636475533246994	-0.014939149841666222	-0.18232659995555878	0.11002202332019806	0.033311471343040466	0.04544375464320183	0.052192844450473785	0.09962007403373718	0.13307887315750122	0.021998144686222076	0.03828279674053192	-0.23679882287979126	-0.08169032633304596	0.14197185635566711	0.09899993985891342	-0.109363853931427	0.06706282496452332	0.08847935497760773	0.09922363609075546	-0.12017592042684555	0.061857812106609344	-0.17577232420444489
-0.005540368612855673	-0.054458703845739365	0.19335728883743286	-0.12146791815757751	0.08708678185939789	-0.21519604325294495	0.043468210846185684	0.36058688163757324	-0.26860904693603516	0.21727363765239716	-0.055457185953855515	-0.0405566543340683	-0.13622482120990753	-0.10254823416471481	-0.14214447140693665	0.042477741837501526	0.017620446160435677	-0.055427100509405136	0.2035757154226303	-0.18367807567119598	-0.0552368201315403	-0.08701888471841812	0.07527358829975128	-0.10785757005214691	0.03132752701640129	0.1805586963891983	-0.08199991285800934	0.22151057422161102	0.12624140083789825	0.14220429956912994	-0.038041383028030396	0.1632213443517685	-0.12135707587003708	-0.021099889650940895	-0.04568194970488548	0.15763282775878906	-0.16149963438510895	0.04013597220182419	-0.16431353986263275	0.16627410054206848	-0.07711447775363922	-0.13113819062709808	0.15115609765052795	-0.06464514881372452	0.11536218971014023	-0.03478730097413063	-0.06160518154501915	0.039699800312519073	-0.09437654167413712	-0.26571717858314514	-0.19669049978256226	-0.1498437076807022	-0.09176716208457947	0.2605834901332855	0.14555470645427704	-0.2030772566795349	-0.19322988390922546	0.1218579038977623	-0.08389946073293686	-0.08823947608470917	-0.06352748721837997	0.11558254808187485	0.0036305042449384928	0.1525002270936966
-0.005540368612855673	-0.054458703845739365	0.19335728883743286	-0.12146791815757751	0.08708678185939789	-0.21519604325294495	0.043468210846185684	0.36058688163757324	-0.26860904693603516	0.21727363765239716	-0.055457185953855515	-0.0405566543340683	-0.13622482120990753	-0.10254823416471481	-0.14214447140693665	0.042477741837501526	0.017620446160435677	-0.055427100509405136	0.2035757154226303	-0.18367807567119598	-0.0552368201315403	-0.08701888471841812	0.07527358829975128	-0.10785757005214691	0.03132752701640129	0.1805586963891983	-0.08199991285800934	0.22151057422161102	0.12624140083789825	0.14220429956912994	-0.038041383028030396	0.1632213443517685	-0.12135707587003708	-0.021099889650940895	-0.04568194970488548	0.15763282775878906	-0.16149963438510895	0.04013597220182419	-0.16431353986263275	0.16627410054206848	-0.07711447775363922	-0.13113819062709808	0.15115609765052795	-0.06464514881372452	0.11536218971014023	-0.03478730097413063	-0.06160518154501915	0.039699800312519073	-0.09437654167413712	-0.26571717858314514	-0.19669049978256226	-0.1498437076807022	-0.09176716208457947	0.2605834901332855	0.14555470645427704	-0.2030772566795349	-0.19322988390922546	0.1218579038977623	-0.08389946073293686	-0.08823947608470917	-0.06352748721837997	0.11558254808187485	0.0036305042449384928	0.1525002270936966
-0.08726175874471664	0.007258223369717598	-0.11909319460391998	0.13861703872680664	0.11462821066379547	0.0933363065123558	-0.0031730325426906347	-0.24926869571208954	0.21963173151016235	-0.14526309072971344	0.0842147246003151	0.15545527637004852	0.15138570964336395	-0.02171877585351467	0.16369269788265228	-0.001529867760837078	-0.05965366214513779	0.046305444091558456	-0.09091267734766006	0.15399831533432007	0.09767749905586243	0.07787619531154633	-0.10700475424528122	0.10252844542264938	-0.0003840902936644852	-0.00756129901856184	-0.014457997865974903	-0.14221273362636566	-0.07552254945039749	-0.0516425222158432	-0.03553510084748268	-0.17055824398994446	0.1146417111158371	-0.09487815201282501	0.05044056102633476	-0.15480872988700867	0.004570788238197565	-0.0475146509706974	0.06268508732318878	-0.15768326818943024	-0.03973495215177536	0.0749296098947525	-0.0636475533246994	-0.014939149841666222	-0.18232659995555878	0.11002202332019806	0.033311471343040466	0.04544375464320183	0.052192844450473785	0.09962007403373718	0.13307887315750122	0.021998144686222076	0.03828279674053192	-0.23679882287979126	-0.08169032633304596	0.14197185635566711	0.09899993985891342	-0.109363853931427	0.06706282496452332	0.08847935497760773	0.09922363609075546	-0.12017592042684555	0.061857812106609344	-0.17577232420444489
-0.08726175874471664	0.007258223369717598	-0.11909319460391998	0.13861703872680664	0.11462821066379547	0.0933363065123558	-0.0031730325426906347	-0.24926869571208954	0.21963173151016235	-0.14526309072971344	0.0842147246003151	0.15545527637004852	0.15138570964336395	-0.02171877585351467	0.16369269788265228	-0.001529867760837078	-0.05965366214513779	0.046305444091558456	-0.09091267734766006	0.15399831533432007	0.09767749905586243	0.07787619531154633	-0.10700475424528122	0.10252844542264938	-0.0003840902936644852	-0.00756129901856184	-0.014457997865974903	-0.14221273362636566	-0.07552254945039749	-0.0516425222158432	-0.03553510084748268	-0.17055824398994446	0.1146417111158371	-0.09487815201282501	0.05044056102633476	-0.15480872988700867	0.004570788238197565	-0.0475146509706974	0.06268508732318878	-0.15768326818943024	-0.03973495215177536	0.0749296098947525	-0.0636475533246994	-0.014939149841666222	-0.18232659995555878	0.11002202332019806	0.033311471343040466	0.04544375464320183	0.052192844450473785	0.09962007403373718	0.13307887315750122	0.021998144686222076	0.03828279674053192	-0.23679882287979126	-0.08169032633304596	0.14197185635566711	0.09899993985891342	-0.109363853931427	0.06706282496452332	0.08847935497760773	0.09922363609075546	-0.12017592042684555	0.061857812106609344	-0.17577232420444489
-0.005540368612855673	-0.054458703845739365	0.19335728883743286	-0.12146791815757751	0.08708678185939789	-0.21519604325294495	0.043468210846185684	0.36058688163757324	-0.26860904693603516	0.21727363765239716	-0.055457185953855515	-0.0405566543340683	-0.13622482120990753	-0.10254823416471481	-0.14214447140693665	0.042477741837501526	0.017620446160435677	-0.055427100509405136	0.2035757154226303	-0.18367807567119598	-0.0552368201315403	-0.08701888471841812	0.07527358829975128	-0.10785757005214691	0.03132752701640129	0.1805586963891983	-0.08199991285800934	0.22151057422161102	0.12624140083789825	0.14220429956912994	-0.038041383028030396	0.1632213443517685	-0.12135707587003708	-0.021099889650940895	-0.04568194970488548	0.15763282775878906	-0.16149963438510895	0.04013597220182419	-0.16431353986263275	0.16627410054206848	-0.07711447775363922	-0.13113819062709808	0.15115609765052795	-0.06464514881372452	0.11536218971014023	-0.03478730097413063	-0.06160518154501915	0.039699800312519073	-0.09437654167413712	-0.26571717858314514	-0.19669049978256226	-0.1498437076807022	-0.09176716208457947	0.2605834901332855	0.14555470645427704	-0.2030772566795349	-0.19322988390922546	0.1218579038977623	-0.08389946073293686	-0.08823947608470917	-0.06352748721837997	0.11558254808187485	0.0036305042449384928	0.1525002270936966
-0.005540368612855673	-0.054458703845739365	0.19335728883743286	-0.12146791815757751	0.08708678185939789	-0.21519604325294495	0.043468210846185684	0.36058688163757324	-0.26860904693603516	0.21727363765239716	-0.055457185953855515	-0.0405566543340683	-0.13622482120990753	-0.10254823416471481	-0.14214447140693665	0.042477741837501526	0.017620446160435677	-0.055427100509405136	0.2035757154226303	-0.18367807567119598	-0.0552368201315403	-0.08701888471841812	0.07527358829975128	-0.10785757005214691	0.03132752701640129	0.1805586963891983	-0.08199991285800934	0.22151057422161102	0.12624140083789825	0.14220429956912994	-0.038041383028030396	0.1632213443517685	-0.12135707587003708	-0.021099889650940895	-0.04568194970488548	0.15763282775878906	-0.16149963438510895	0.04013597220182419	-0.16431353986263275	0.16627410054206848	-0.07711447775363922	-0.13113819062709808	0.15115609765052795	-0.06464514881372452	0.11536218971014023	-0.03478730097413063	-0.06160518154501915	0.039699800312519073	-0.09437654167413712	-0.26571717858314514	-0.19669049978256226	-0.1498437076807022	-0.09176716208457947	0.2605834901332855	0.14555470645427704	-0.2030772566795349	-0.19322988390922546	0.1218579038977623	-0.08389946073293686	-0.08823947608470917	-0.06352748721837997	0.11558254808187485	0.0036305042449384928	0.1525002270936966
-0.08726175874471664	0.007258223369717598	-0.11909319460391998	0.13861703872680664	0.11462821066379547	0.0933363065123558	-0.0031730325426906347	-0.24926869571208954	0.21963173151016235	-0.14526309072971344	0.0842147246003151	0.15545527637004852	0.15138570964336395	-0.02171877585351467	0.16369269788265228	-0.001529867760837078	-0.05965366214513779	0.046305444091558456	-0.09091267734766006	0.15399831533432007	0.09767749905586243	0.07787619531154633	-0.10700475424528122	0.10252844542264938	-0.0003840902936644852	-0.00756129901856184	-0.014457997865974903	-0.14221273362636566	-0.07552254945039749	-0.0516425222158432	-0.03553510084748268	-0.17055824398994446	0.1146417111158371	-0.09487815201282501	0.05044056102633476	-0.15480872988700867	0.004570788238197565	-0.0475146509706974	0.06268508732318878	-0.15768326818943024	-0.03973495215177536	0.0749296098947525	-0.0636475533246994	-0.014939149841666222	-0.18232659995555878	0.11002202332019806	0.033311471343040466	0.04544375464320183	0.052192844450473785	0.09962007403373718	0.13307887315750122	0.021998144686222076	0.03828279674053192	-0.23679882287979126	-0.08169032633304596	0.14197185635566711	0.09899993985891342	-0.109363853931427	0.06706282496452332	0.08847935497760773	0.09922363609075546	-0.12017592042684555	0.061857812106609344	-0.17577232420444489
-0.005540368612855673	-0.054458703845739365	0.19335728883743286	-0.12146791815757751	0.08708678185939789	-0.21519604325294495	0.043468210846185684	0.36058688163757324	-0.26860904693603516	0.21727363765239716	-0.055457185953855515	-0.0405566543340683	-0.13622482120990753	-0.10254823416471481	-0.14214447140693665	0.042477741837501526	0.017620446160435677	-0.055427100509405136	0.2035757154226303	-0.18367807567119598	-0.0552368201315403	-0.08701888471841812	0.07527358829975128	-0.10785757005214691	0.03132752701640129	0.1805586963891983	-0.08199991285800934	0.22151057422161102	0.12624140083789825	0.14220429956912994	-0.038041383028030396	0.1632213443517685	-0.12135707587003708	-0.021099889650940895	-0.04568194970488548	0.15763282775878906	-0.16149963438510895	0.04013597220182419	-0.16431353986263275	0.16627410054206848	-0.07711447775363922	-0.13113819062709808	0.15115609765052795	-0.06464514881372452	0.11536218971014023	-0.03478730097413063	-0.06160518154501915	0.039699800312519073	-0.09437654167413712	-0.26571717858314514	-0.19669049978256226	-0.1498437076807022	-0.09176716208457947	0.2605834901332855	0.14555470645427704	-0.2030772566795349	-0.19322988390922546	0.1218579038977623	-0.08389946073293686	-0.08823947608470917	-0.06352748721837997	0.11558254808187485	0.0036305042449384928	0.1525002270936966
0.03015471249818802	0.08105248957872391	0.06414160132408142	0.05019788071513176	0.10882449150085449	0.027703536674380302	-0.009912867099046707	-0.08871730417013168	-0.029480908066034317	-0.05040806904435158	0.012039406225085258	0.009901357814669609	0.028083214536309242	0.09211678057909012	0.03751150518655777	0.015353107824921608	0.03697001934051514	0.023515481501817703	-0.018621470779180527	-0.08040998876094818	-0.07153088599443436	0.04065607860684395	-0.02815983071923256	-0.01750713586807251	0.039220791310071945	-0.03679725527763367	0.012654430232942104	-0.013911404646933079	0.014217969961464405	-0.0962333008646965	-0.02392597682774067	-0.08199948072433472	-0.09222430735826492	0.07285848259925842	-0.018963100388646126	-0.0037580784410238266	-0.028302431106567383	0.005200848449021578	-0.004513156600296497	-0.09578640758991241	0.07474985718727112	-0.0667169913649559	-0.026606298983097076	0.05286889150738716	-0.026879284530878067	0.010424556210637093	0.05384888872504234	-0.05360595881938934	0.004353594034910202	-0.08906952291727066	0.05394293740391731	-0.08926014602184296	0.03565452620387077	-0.05618349090218544	-0.05058376491069794	0.042780179530382156	-0.024257855489850044	0.05520948767662048	-0.08925926685333252	0.01621902734041214	-0.04582436755299568	-0.040917910635471344	0.034109730273485184	0.015457559376955032
0.08116396516561508	0.006310942582786083	0.022666024044156075	-0.0710112452507019	-0.07233849912881851	-0.0014496410731226206	0.07404519617557526	-0.024173710495233536	0.056532230228185654	0.08120176941156387	-0.07378101348876953	-0.048160869628190994	-0.027221372351050377	0.013350208289921284	0.013621262274682522	-0.03941179811954498	-0.01563783921301365	0.04654980078339577	0.07076197862625122	-0.0816512405872345	-0.06828247010707855	-0.07207781821489334	-0.05553498491644859	0.06383857131004333	0.08215837180614471	-0.049400001764297485	-0.04925739765167236	0.029882827773690224	-0.04821844771504402	0.011331534944474697	-0.02791503258049488	-0.08697552233934402	-0.03601594641804695	0.0005842244136147201	-0.09790197014808655	0.0221080482006073	0.02058367244899273	0.011607863940298557	0.08170704543590546	-0.0526919960975647	0.014193526469171047	0.06857618689537048	0.03166358545422554	-0.031849220395088196	0.09623345732688904	-0.014070197939872742	-0.08467811346054077	-0.02204972878098488	0.02614879608154297	0.056857697665691376	0.030889324843883514	-0.009733966551721096	0.028169605880975723	-0.04084246605634689	-0.011094833724200726	-0.04438548535108566	-0.02952338196337223	0.045149024575948715	-0.06341351568698883	0.02507098950445652	-0.05548906326293945	0.08696681261062622	0.0048586903139948845	0.033686600625514984
-0.005540368612855673	-0.054458703845739365	0.19335728883743286	-0.12146791815757751	0.08708678185939789	-0.21519604325294495	0.043468210846185684	0.36058688163757324	-0.26860904693603516	0.21727363765239716	-0.055457185953855515	-0.0405566543340683	-0.13622482120990753	-0.10254823416471481	-0.14214447140693665	0.042477741837501526	0.017620446160435677	-0.055427100509405136	0.2035757154226303	-0.18367807567119598	-0.0552368201315403	-0.08701888471841812	0.07527358829975128	-0.10785757005214691	0.03132752701640129	0.1805586963891983	-0.08199991285800934	0.22151057422161102	0.12624140083789825	0.14220429956912994	-0.038041383028030396	0.1632213443517685	-0.12135707587003708	-0.021099889650940895	-0.04568194970488548	0.15763282775878906	-0.16149963438510895	0.04013597220182419	-0.16431353986263275	0.16627410054206848	-0.07711447775363922	-0.13113819062709808	0.15115609765052795	-0.06464514881372452	0.11536218971014023	-0.03478730097413063	-0.06160518154501915	0.039699800312519073	-0.09437654167413712	-0.26571717858314514	-0.19669049978256226	-0.1498437076807022	-0.09176716208457947	0.2605834901332855	0.14555470645427704	-0.2030772566795349	-0.19322988390922546	0.1218579038977623	-0.08389946073293686	-0.08823947608470917	-0.06352748721837997	0.11558254808187485	0.0036305042449384928	0.1525002270936966
-0.08726175874471664	0.007258223369717598	-0.11909319460391998	0.13861703872680664	0.11462821066379547	0.0933363065123558	-0.0031730325426906347	-0.24926869571208954	0.21963173151016235	-0.14526309072971344	0.0842147246003151	0.15545527637004852	0.15138570964336395	-0.02171877585351467	0.16369269788265228	-0.001529867760837078	-0.05965366214513779	0.046305444091558456	-0.09091267734766006	0.15399831533432007	0.09767749905586243	0.07787619531154633	-0.10700475424528122	0.10252844542264938	-0.0003840902936644852	-0.00756129901856184	-0.014457997865974903	-0.14221273362636566	-0.07552254945039749	-0.0516425222158432	-0.03553510084748268	-0.17055824398994446	0.1146417111158371	-0.09487815201282501	0.05044056102633476	-0.15480872988700867	0.004570788238197565	-0.0475146509706974	0.06268508732318878	-0.15768326818943024	-0.03973495215177536	0.0749296098947525	-0.0636475533246994	-0.014939149841666222	-0.18232659995555878	0.11002202332019806	0.033311471343040466	0.04544375464320183	0.052192844450473785	0.09962007403373718	0.13307887315750122	0.021998144686222076	0.03828279674053192	-0.23679882287979126	-0.08169032633304596	0.14197185635566711	0.09899993985891342	-0.109363853931427	0.06706282496452332	0.08847935497760773	0.09922363609075546	-0.12017592042684555	0.061857812106609344	-0.17577232420444489
-0.005540368612855673	-0.054458703845739365	0.19335728883743286	-0.12146791815757751	0.08708678185939789	-0.21519604325294495	0.043468210846185684	0.36058688163757324	-0.26860904693603516	0.21727363765239716	-0.055457185953855515	-0.0405566543340683	-0.13622482120990753	-0.10254823416471481	-0.14214447140693665	0.042477741837501526	0.017620446160435677	-0.055427100509405136	0.2035757154226303	-0.18367807567119598	-0.0552368201315403	-0.08701888471841812	0.07527358829975128	-0.10785757005214691	0.03132752701640129	0.1805586963891983	-0.08199991285800934	0.22151057422161102	0.12624140083789825	0.14220429956912994	-0.038041383028030396	0.1632213443517685	-0.12135707587003708	-0.021099889650940895	-0.04568194970488548	0.15763282775878906	-0.16149963438510895	0.04013597220182419	-0.16431353986263275	0.16627410054206848	-0.07711447775363922	-0.13113819062709808	0.15115609765052795	-0.06464514881372452	0.11536218971014023	-0.03478730097413063	-0.06160518154501915	0.039699800312519073	-0.09437654167413712	-0.26571717858314514	-0.19669049978256226	-0.1498437076807022	-0.09176716208457947	0.2605834901332855	0.14555470645427704	-0.2030772566795349	-0.19322988390922546	0.1218579038977623	-0.08389946073293686	-0.08823947608470917	-0.06352748721837997	0.11558254808187485	0.0036305042449384928	0.1525002270936966
-0.005540368612855673	-0.054458703845739365	0.19335728883743286	-0.12146791815757751	0.08708678185939789	-0.21519604325294495	0.043468210846185684	0.36058688163757324	-0.26860904693603516	0.21727363765239716	-0.055457185953855515	-0.0405566543340683	-0.13622482120990753	-0.10254823416471481	-0.14214447140693665	0.042477741837501526	0.017620446160435677	-0.055427100509405136	0.2035757154226303	-0.18367807567119598	-0.0552368201315403	-0.08701888471841812	0.07527358829975128	-0.10785757005214691	0.03132752701640129	0.1805586963891983	-0.08199991285800934	0.22151057422161102	0.12624140083789825	0.14220429956912994	-0.038041383028030396	0.1632213443517685	-0.12135707587003708	-0.021099889650940895	-0.04568194970488548	0.15763282775878906	-0.16149963438510895	0.04013597220182419	-0.16431353986263275	0.16627410054206848	-0.07711447775363922	-0.13113819062709808	0.15115609765052795	-0.06464514881372452	0.11536218971014023	-0.03478730097413063	-0.06160518154501915	0.039699800312519073	-0.09437654167413712	-0.26571717858314514	-0.19669049978256226	-0.1498437076807022	-0.09176716208457947	0.2605834901332855	0.14555470645427704	-0.2030772566795349	-0.19322988390922546	0.1218579038977623	-0.08389946073293686	-0.08823947608470917	-0.06352748721837997	0.11558254808187485	0.0036305042449384928	0.1525002270936966
-0.005540368612855673	-0.054458703845739365	0.19335728883743286	-0.12146791815757751	0.08708678185939789	-0.21519604325294495	0.043468210846185684	0.36058688163757324	-0.26860904693603516	0.21727363765239716	-0.055457185953855515	-0.0405566543340683	-0.13622482120990753	-0.10254823416471481	-0.14214447140693665	0.042477741837501526	0.017620446160435677	-0.055427100509405136	0.2035757154226303	-0.18367807567119598	-0.0552368201315403	-0.08701888471841812	0.07527358829975128	-0.10785757005214691	0.03132752701640129	0.1805586963891983	-0.08199991285800934	0.22151057422161102	0.12624140083789825	0.14220429956912994	-0.038041383028030396	0.1632213443517685	-0.12135707587003708	-0.021099889650940895	-0.04568194970488548	0.15763282775878906	-0.16149963438510895	0.04013597220182419	-0.16431353986263275	0.16627410054206848	-0.07711447775363922	-0.13113819062709808	0.15115609765052795	-0.06464514881372452	0.11536218971014023	-0.03478730097413063	-0.06160518154501915	0.039699800312519073	-0.09437654167413712	-0.26571717858314514	-0.19669049978256226	-0.1498437076807022	-0.09176716208457947	0.2605834901332855	0.14555470645427704	-0.2030772566795349	-0.19322988390922546	0.1218579038977623	-0.08389946073293686	-0.08823947608470917	-0.06352748721837997	0.11558254808187485	0.0036305042449384928	0.1525002270936966
-0.08726175874471664	0.007258223369717598	-0.11909319460391998	0.13861703872680664	0.11462821066379547	0.0933363065123558	-0.0031730325426906347	-0.24926869571208954	0.21963173151016235	-0.14526309072971344	0.0842147246003151	0.15545527637004852	0.15138570964336395	-0.02171877585351467	0.16369269788265228	-0.001529867760837078	-0.05965366214513779	0.046305444091558456	-0.09091267734766006	0.15399831533432007	0.09767749905586243	0.07787619531154633	-0.10700475424528122	0.10252844542264938	-0.0003840902936644852	-0.00756129901856184	-0.014457997865974903	-0.14221273362636566	-0.07552254945039749	-0.0516425222158432	-0.03553510084748268	-0.17055824398994446	0.1146417111158371	-0.09487815201282501	0.05044056102633476	-0.15480872988700867	0.004570788238197565	-0.0475146509706974	0.06268508732318878	-0.15768326818943024	-0.03973495215177536	0.0749296098947525	-0.0636475533246994	-0.014939149841666222	-0.18232659995555878	0.11002202332019806	0.033311471343040466	0.04544375464320183	0.052192844450473785	0.09962007403373718	0.13307887315750122	0.021998144686222076	0.03828279674053192	-0.23679882287979126	-0.08169032633304596	0.14197185635566711	0.09899993985891342	-0.109363853931427	0.06706282496452332	0.08847935497760773	0.09922363609075546	-0.12017592042684555	0.061857812106609344	-0.17577232420444489
-0.005540368612855673	-0.054458703845739365	0.19335728883743286	-0.12146791815757751	0.08708678185939789	-0.21519604325294495	0.043468210846185684	0.36058688163757324	-0.26860904693603516	0.21727363765239716	-0.055457185953855515	-0.0405566543340683	-0.13622482120990753	-0.10254823416471481	-0.14214447140693665	0.042477741837501526	0.017620446160435677	-0.055427100509405136	0.2035757154226303	-0.18367807567119598	-0.0552368201315403	-0.08701888471841812	0.07527358829975128	-0.10785757005214691	0.03132752701640129	0.1805586963891983	-0.08199991285800934	0.22151057422161102	0.12624140083789825	0.14220429956912994	-0.038041383028030396	0.1632213443517685	-0.12135707587003708	-0.021099889650940895	-0.04568194970488548	0.15763282775878906	-0.16149963438510895	0.04013597220182419	-0.16431353986263275	0.16627410054206848	-0.07711447775363922	-0.13113819062709808	0.15115609765052795	-0.06464514881372452	0.11536218971014023	-0.03478730097413063	-0.06160518154501915	0.039699800312519073	-0.09437654167413712	-0.26571717858314514	-0.19669049978256226	-0.1498437076807022	-0.09176716208457947	0.2605834901332855	0.14555470645427704	-0.2030772566795349	-0.19322988390922546	0.1218579038977623	-0.08389946073293686	-0.08823947608470917	-0.06352748721837997	0.11558254808187485	0.0036305042449384928	0.1525002270936966
-0.005540368612855673	-0.054458703845739365	0.19335728883743286	-0.12146791815757751	0.08708678185939789	-0.21519604325294495	0.043468210846185684	0.36058688163757324	-0.26860904693603516	0.21727363765239716	-0.055457185953855515	-0.0405566543340683	-0.13622482120990753	-0.10254823416471481	-0.14214447140693665	0.042477741837501526	0.017620446160435677	-0.055427100509405136	0.2035757154226303	-0.18367807567119598	-0.0552368201315403	-0.08701888471841812	0.07527358829975128	-0.10785757005214691	0.03132752701640129	0.1805586963891983	-0.08199991285800934	0.22151057422161102	0.12624140083789825	0.14220429956912994	-0.038041383028030396	0.1632213443517685	-0.12135707587003708	-0.021099889650940895	-0.04568194970488548	0.15763282775878906	-0.16149963438510895	0.04013597220182419	-0.16431353986263275	0.16627410054206848	-0.07711447775363922	-0.13113819062709808	0.15115609765052795	-0.06464514881372452	0.11536218971014023	-0.03478730097413063	-0.06160518154501915	0.039699800312519073	-0.09437654167413712	-0.26571717858314514	-0.19669049978256226	-0.1498437076807022	-0.09176716208457947	0.2605834901332855	0.14555470645427704	-0.2030772566795349	-0.19322988390922546	0.1218579038977623	-0.08389946073293686	-0.08823947608470917	-0.06352748721837997	0.11558254808187485	0.0036305042449384928	0.1525002270936966
-0.08726175874471664	0.007258223369717598	-0.11909319460391998	0.13861703872680664	0.11462821066379547	0.0933363065123558	-0.0031730325426906347	-0.24926869571208954	0.21963173151016235	-0.14526309072971344	0.0842147246003151	0.15545527637004852	0.15138570964336395	-0.02171877585351467	0.16369269788265228	-0.001529867760837078	-0.05965366214513779	0.046305444091558456	-0.09091267734766006	0.15399831533432007	0.09767749905586243	0.07787619531154633	-0.10700475424528122	0.10252844542264938	-0.0003840902936644852	-0.00756129901856184	-0.014457997865974903	-0.14221273362636566	-0.07552254945039749	-0.0516425222158432	-0.03553510084748268	-0.17055824398994446	0.1146417111158371	-0.09487815201282501	0.05044056102633476	-0.15480872988700867	0.004570788238197565	-0.0475146509706974	0.06268508732318878	-0.15768326818943024	-0.03973495215177536	0.0749296098947525	-0.0636475533246994	-0.014939149841666222	-0.18232659995555878	0.11002202332019806	0.033311471343040466	0.04544375464320183	0.052192844450473785	0.09962007403373718	0.13307887315750122	0.021998144686222076	0.03828279674053192	-0.23679882287979126	-0.08169032633304596	0.14197185635566711	0.09899993985891342	-0.109363853931427	0.06706282496452332	0.08847935497760773	0.09922363609075546	-0.12017592042684555	0.061857812106609344	-0.17577232420444489
-0.07433612644672394	0.04944539815187454	-0.12472765892744064	0.08360902220010757	-0.05512083321809769	0.09909230470657349	0.06381590664386749	-0.031858835369348526	0.041558727622032166	-0.0608585886657238	-0.000545004615560174	0.09172520786523819	0.054548345506191254	-0.08035594969987869	0.011707024648785591	-0.003024728037416935	0.07149409502744675	-0.020776905119419098	-0.012386403977870941	-0.04822733253240585	-0.05423537269234657	0.01671617664396763	-0.0734582394361496	0.0879814550280571	-0.0607786700129509	0.06495903432369232	-0.05310641974210739	-0.06970535963773727	-0.10276991128921509	-0.023150237277150154	-0.02130979113280773	-0.048095814883708954	-0.005666122771799564	0.04321169853210449	0.046491589397192	-0.07808869332075119	0.10227972269058228	-0.05852265655994415	0.053302548825740814	0.07206448912620544	-0.0758686289191246	-0.0724669024348259	0.05191656947135925	-0.06705943495035172	0.025406809523701668	0.023338785395026207	0.016545327380299568	-0.027595100924372673	-0.07019542157649994	0.07632608711719513	-0.0541495643556118	-0.06362883746623993	-0.05727265402674675	0.006307053379714489	0.06686732918024063	-0.007214631885290146	0.1062275767326355	0.01579524576663971	0.07050888240337372	0.023257290944457054	-0.05829266831278801	0.0006626701797358692	-0.042199913412332535	-0.12078343331813812
-0.005540368612855673	-0.054458703845739365	0.19335728883743286	-0.12146791815757751	0.08708678185939789	-0.21519604325294495	0.043468210846185684	0.36058688163757324	-0.26860904693603516	0.21727363765239716	-0.055457185953855515	-0.0405566543340683	-0.13622482120990753	-0.10254823416471481	-0.14214447140693665	0.042477741837501526	0.017620446160435677	-0.055427100509405136	0.2035757154226303	-0.18367807567119598	-0.0552368201315403	-0.08701888471841812	0.07527358829975128	-0.10785757005214691	0.03132752701640129	0.1805586963891983	-0.08199991285800934	0.22151057422161102	0.12624140083789825	0.14220429956912994	-0.038041383028030396	0.1632213443517685	-0.12135707587003708	-0.021099889650940895	-0.04568194970488548	0.15763282775878906	-0.16149963438510895	0.04013597220182419	-0.16431353986263275	0.16627410054206848	-0.07711447775363922	-0.13113819062709808	0.15115609765052795	-0.06464514881372452	0.11536218971014023	-0.03478730097413063	-0.06160518154501915	0.039699800312519073	-0.09437654167413712	-0.26571717858314514	-0.19669049978256226	-0.1498437076807022	-0.09176716208457947	0.2605834901332855	0.14555470645427704	-0.2030772566795349	-0.19322988390922546	0.1218579038977623	-0.08389946073293686	-0.08823947608470917	-0.06352748721837997	0.11558254808187485	0.0036305042449384928	0.1525002270936966
-0.005540368612855673	-0.054458703845739365	0.19335728883743286	-0.12146791815757751	0.08708678185939789	-0.21519604325294495	0.043468210846185684	0.36058688163757324	-0.26860904693603516	0.21727363765239716	-0.055457185953855515	-0.0405566543340683	-0.13622482120990753	-0.10254823416471481	-0.14214447140693665	0.042477741837501526	0.017620446160435677	-0.055427100509405136	0.2035757154226303	-0.18367807567119598	-0.0552368201315403	-0.08701888471841812	0.07527358829975128	-0.10785757005214691	0.03132752701640129	0.1805586963891983	-0.08199991285800934	0.22151057422161102	0.12624140083789825	0.14220429956912994	-0.038041383028030396	0.1632213443517685	-0.12135707587003708	-0.021099889650940895	-0.04568194970488548	0.15763282775878906	-0.16149963438510895	0.04013597220182419	-0.16431353986263275	0.16627410054206848	-0.07711447775363922	-0.13113819062709808	0.15115609765052795	-0.06464514881372452	0.11536218971014023	-0.03478730097413063	-0.06160518154501915	0.039699800312519073	-0.09437654167413712	-0.26571717858314514	-0.19669049978256226	-0.1498437076807022	-0.09176716208457947	0.2605834901332855	0.14555470645427704	-0.2030772566795349	-0.19322988390922546	0.1218579038977623	-0.08389946073293686	-0.08823947608470917	-0.06352748721837997	0.11558254808187485	0.0036305042449384928	0.1525002270936966
-0.07433612644672394	0.04944539815187454	-0.12472765892744064	0.08360902220010757	-0.05512083321809769	0.09909230470657349	0.06381590664386749	-0.031858835369348526	0.041558727622032166	-0.0608585886657238	-0.000545004615560174	0.09172520786523819	0.054548345506191254	-0.08035594969987869	0.011707024648785591	-0.003024728037416935	0.07149409502744675	-0.020776905119419098	-0.012386403977870941	-0.04822733253240585	-0.05423537269234657	0.01671617664396763	-0.0734582394361496	0.0879814550280571	-0.0607786700129509	0.06495903432369232	-0.05310641974210739	-0.06970535963773727	-0.10276991128921509	-0.023150237277150154	-0.02130979113280773	-0.048095814883708954	-0.005666122771799564	0.04321169853210449	0.046491589397192	-0.07808869332075119	0.10227972269058228	-0.05852265655994415	0.053302548825740814	0.07206448912620544	-0.0758686289191246	-0.0724669024348259	0.05191656947135925	-0.06705943495035172	0.025406809523701668	0.023338785395026207	0.016545327380299568	-0.027595100924372673	-0.07019542157649994	0.07632608711719513	-0.0541495643556118	-0.06362883746623993	-0.05727265402674675	0.006307053379714489	0.06686732918024063	-0.007214631885290146	0.1062275767326355	0.01579524576663971	0.07050888240337372	0.023257290944457054	-0.05829266831278801	0.0006626701797358692	-0.042199913412332535	-0.12078343331813812
-0.08726175874471664	0.007258223369717598	-0.11909319460391998	0.13861703872680664	0.11462821066379547	0.0933363065123558	-0.0031730325426906347	-0.24926869571208954	0.21963173151016235	-0.14526309072971344	0.0842147246003151	0.15545527637004852	0.15138570964336395	-0.02171877585351467	0.16369269788265228	-0.001529867760837078	-0.05965366214513779	0.046305444091558456	-0.09091267734766006	0.15399831533432007	0.09767749905586243	0.07787619531154633	-0.10700475424528122	0.10252844542264938	-0.0003840902936644852	-0.00756129901856184	-0.014457997865974903	-0.14221273362636566	-0.07552254945039749	-0.0516425222158432	-0.03553510084748268	-0.17055824398994446	0.1146417111158371	-0.09487815201282501	0.05044056102633476	-0.15480872988700867	0.004570788238197565	-0.0475146509706974	0.06268508732318878	-0.15768326818943024	-0.03973495215177536	0.0749296098947525	-0.0636475533246994	-0.014939149841666222	-0.18232659995555878	0.11002202332019806	0.033311471343040466	0.04544375464320183	0.052192844450473785	0.09962007403373718	0.13307887315750122	0.021998144686222076	0.03828279674053192	-0.23679882287979126	-0.08169032633304596	0.14197185635566711	0.09899993985891342	-0.109363853931427	0.06706282496452332	0.08847935497760773	0.09922363609075546	-0.12017592042684555	0.061857812106609344	-0.17577232420444489
-0.005540368612855673	-0.054458703845739365	0.19335728883743286	-0.12146791815757751	0.08708678185939789	-0.21519604325294495	0.043468210846185684	0.36058688163757324	-0.26860904693603516	0.21727363765239716	-0.055457185953855515	-0.0405566543340683	-0.13622482120990753	-0.10254823416471481	-0.14214447140693665	0.042477741837501526	0.017620446160435677	-0.055427100509405136	0.2035757154226303	-0.18367807567119598	-0.0552368201315403	-0.08701888471841812	0.07527358829975128	-0.10785757005214691	0.03132752701640129	0.1805586963891983	-0.08199991285800934	0.22151057422161102	0.12624140083789825	0.14220429956912994	-0.038041383028030396	0.1632213443517685	-0.12135707587003708	-0.021099889650940895	-0.04568194970488548	0.15763282775878906	-0.16149963438510895	0.04013597220182419	-0.16431353986263275	0.16627410054206848	-0.07711447775363922	-0.13113819062709808	0.15115609765052795	-0.06464514881372452	0.11536218971014023	-0.03478730097413063	-0.06160518154501915	0.039699800312519073	-0.09437654167413712	-0.26571717858314514	-0.19669049978256226	-0.1498437076807022	-0.09176716208457947	0.2605834901332855	0.14555470645427704	-0.2030772566795349	-0.19322988390922546	0.1218579038977623	-0.08389946073293686	-0.08823947608470917	-0.06352748721837997	0.11558254808187485	0.0036305042449384928	0.1525002270936966
-0.07433612644672394	0.04944539815187454	-0.12472765892744064	0.08360902220010757	-0.05512083321809769	0.09909230470657349	0.06381590664386749	-0.031858835369348526	0.041558727622032166	-0.0608585886657238	-0.000545004615560174	0.09172520786523819	0.054548345506191254	-0.08035594969987869	0.011707024648785591	-0.003024728037416935	0.07149409502744675	-0.020776905119419098	-0.012386403977870941	-0.04822733253240585	-0.05423537269234657	0.01671617664396763	-0.0734582394361496	0.0879814550280571	-0.0607786700129509	0.06495903432369232	-0.05310641974210739	-0.06970535963773727	-0.10276991128921509	-0.023150237277150154	-0.02130979113280773	-0.048095814883708954	-0.005666122771799564	0.04321169853210449	0.046491589397192	-0.07808869332075119	0.10227972269058228	-0.05852265655994415	0.053302548825740814	0.07206448912620544	-0.0758686289191246	-0.0724669024348259	0.05191656947135925	-0.06705943495035172	0.025406809523701668	0.023338785395026207	0.016545327380299568	-0.027595100924372673	-0.07019542157649994	0.07632608711719513	-0.0541495643556118	-0.06362883746623993	-0.05727265402674675	0.006307053379714489	0.06686732918024063	-0.007214631885290146	0.1062275767326355	0.01579524576663971	0.07050888240337372	0.023257290944457054	-0.05829266831278801	0.0006626701797358692	-0.042199913412332535	-0.12078343331813812
-0.08726175874471664	0.007258223369717598	-0.11909319460391998	0.13861703872680664	0.11462821066379547	0.0933363065123558	-0.0031730325426906347	-0.24926869571208954	0.21963173151016235	-0.14526309072971344	0.0842147246003151	0.15545527637004852	0.15138570964336395	-0.02171877585351467	0.16369269788265228	-0.001529867760837078	-0.05965366214513779	0.046305444091558456	-0.09091267734766006	0.15399831533432007	0.09767749905586243	0.07787619531154633	-0.10700475424528122	0.10252844542264938	-0.0003840902936644852	-0.00756129901856184	-0.014457997865974903	-0.14221273362636566	-0.07552254945039749	-0.0516425222158432	-0.03553510084748268	-0.17055824398994446	0.1146417111158371	-0.09487815201282501	0.05044056102633476	-0.15480872988700867	0.004570788238197565	-0.0475146509706974	0.06268508732318878	-0.15768326818943024	-0.03973495215177536	0.0749296098947525	-0.0636475533246994	-0.014939149841666222	-0.18232659995555878	0.11002202332019806	0.033311471343040466	0.04544375464320183	0.052192844450473785	0.09962007403373718	0.13307887315750122	0.021998144686222076	0.03828279674053192	-0.23679882287979126	-0.08169032633304596	0.14197185635566711	0.09899993985891342	-0.109363853931427	0.06706282496452332	0.08847935497760773	0.09922363609075546	-0.12017592042684555	0.061857812106609344	-0.17577232420444489
-0.005540368612855673	-0.054458703845739365	0.19335728883743286	-0.12146791815757751	0.08708678185939789	-0.21519604325294495	0.043468210846185684	0.36058688163757324	-0.26860904693603516	0.21727363765239716	-0.055457185953855515	-0.0405566543340683	-0.13622482120990753	-0.10254823416471481	-0.14214447140693665	0.042477741837501526	0.017620446160435677	-0.055427100509405136	0.2035757154226303	-0.18367807567119598	-0.0552368201315403	-0.08701888471841812	0.07527358829975128	-0.10785757005214691	0.03132752701640129	0.1805586963891983	-0.08199991285800934	0.22151057422161102	0.12624140083789825	0.14220429956912994	-0.038041383028030396	0.1632213443517685	-0.12135707587003708	-0.021099889650940895	-0.04568194970488548	0.15763282775878906	-0.16149963438510895	0.04013597220182419	-0.16431353986263275	0.16627410054206848	-0.07711447775363922	-0.13113819062709808	0.15115609765052795	-0.06464514881372452	0.11536218971014023	-0.03478730097413063	-0.06160518154501915	0.039699800312519073	-0.09437654167413712	-0.26571717858314514	-0.19669049978256226	-0.1498437076807022	-0.09176716208457947	0.2605834901332855	0.14555470645427704	-0.2030772566795349	-0.19322988390922546	0.1218579038977623	-0.08389946073293686	-0.08823947608470917	-0.06352748721837997	0.11558254808187485	0.0036305042449384928	0.1525002270936966
-0.005540368612855673	-0.054458703845739365	0.19335728883743286	-0.12146791815757751	0.08708678185939789	-0.21519604325294495	0.043468210846185684	0.36058688163757324	-0.26860904693603516	0.21727363765239716	-0.055457185953855515	-0.0405566543340683	-0.13622482120990753	-0.10254823416471481	-0.14214447140693665	0.042477741837501526	0.017620446160435677	-0.055427100509405136	0.2035757154226303	-0.18367807567119598	-0.0552368201315403	-0.08701888471841812	0.07527358829975128	-0.10785757005214691	0.03132752701640129	0.1805586963891983	-0.08199991285800934	0.22151057422161102	0.12624140083789825	0.14220429956912994	-0.038041383028030396	0.1632213443517685	-0.12135707587003708	-0.021099889650940895	-0.04568194970488548	0.15763282775878906	-0.16149963438510895	0.04013597220182419	-0.16431353986263275	0.16627410054206848	-0.07711447775363922	-0.13113819062709808	0.15115609765052795	-0.06464514881372452	0.11536218971014023	-0.03478730097413063	-0.06160518154501915	0.039699800312519073	-0.09437654167413712	-0.26571717858314514	-0.19669049978256226	-0.1498437076807022	-0.09176716208457947	0.2605834901332855	0.14555470645427704	-0.2030772566795349	-0.19322988390922546	0.1218579038977623	-0.08389946073293686	-0.08823947608470917	-0.06352748721837997	0.11558254808187485	0.0036305042449384928	0.1525002270936966
-0.07644042372703552	0.03280193731188774	0.028897104784846306	-0.022979067638516426	-0.06401348859071732	-0.03477269783616066	0.0909198597073555	0.037440765649080276	0.056938476860523224	0.06606990098953247	0.009755773469805717	0.03461318463087082	0.06557797640562057	-0.05306678265333176	0.09849721193313599	-0.07069947570562363	-0.039638955146074295	0.08217065036296844	-0.10251548886299133	-0.021876109763979912	-0.04519239813089371	-0.0934620127081871	-0.05616654455661774	0.023945223540067673	-0.04406038299202919	-0.06015566736459732	-0.0761626660823822	-0.013541319407522678	-0.049041472375392914	0.04373232647776604	-0.09184306859970093	-0.05915508419275284	0.023101553320884705	-0.04449049383401871	-0.08854838460683823	0.006678054574877024	0.010253043845295906	0.048299554735422134	-0.08821713179349899	-0.03353710472583771	0.07300599664449692	0.10383927822113037	0.08202988654375076	0.00034052913542836905	-0.0291089229285717	-0.065807044506073	0.09139253199100494	0.09166145324707031	0.0176830030977726	0.08256839960813522	0.09117646515369415	0.06614107638597488	0.0018168878741562366	0.07543604075908661	-0.08159317076206207	-0.037157975137233734	0.012973272241652012	0.09228330850601196	-0.053218379616737366	-0.09666554629802704	-0.10003252327442169	0.00995846837759018	-0.050284527242183685	0.07661447674036026
-0.005540368612855673	-0.054458703845739365	0.19335728883743286	-0.12146791815757751	0.08708678185939789	-0.21519604325294495	0.043468210846185684	0.36058688163757324	-0.26860904693603516	0.21727363765239716	-0.055457185953855515	-0.0405566543340683	-0.13622482120990753	-0.10254823416471481	-0.14214447140693665	0.042477741837501526	0.017620446160435677	-0.055427100509405136	0.2035757154226303	-0.18367807567119598	-0.0552368201315403	-0.08701888471841812	0.07527358829975128	-0.10785757005214691	0.03132752701640129	0.1805586963891983	-0.08199991285800934	0.22151057422161102	0.12624140083789825	0.14220429956912994	-0.038041383028030396	0.1632213443517685	-0.12135707587003708	-0.021099889650940895	-0.04568194970488548	0.15763282775878906	-0.16149963438510895	0.04013597220182419	-0.16431353986263275	0.16627410054206848	-0.07711447775363922	-0.13113819062709808	0.15115609765052795	-0.06464514881372452	0.11536218971014023	-0.03478730097413063	-0.06160518154501915	0.039699800312519073	-0.09437654167413712	-0.26571717858314514	-0.19669049978256226	-0.1498437076807022	-0.09176716208457947	0.2605834901332855	0.14555470645427704	-0.2030772566795349	-0.19322988390922546	0.1218579038977623	-0.08389946073293686	-0.08823947608470917	-0.06352748721837997	0.11558254808187485	0.0036305042449384928	0.1525002270936966
-0.005540368612855673	-0.054458703845739365	0.19335728883743286	-0.12146791815757751	0.08708678185939789	-0.21519604325294495	0.043468210846185684	0.36058688163757324	-0.26860904693603516	0.21727363765239716	-0.055457185953855515	-0.0405566543340683	-0.13622482120990753	-0.10254823416471481	-0.14214447140693665	0.042477741837501526	0.017620446160435677	-0.055427100509405136	0.2035757154226303	-0.18367807567119598	-0.0552368201315403	-0.08701888471841812	0.07527358829975128	-0.10785757005214691	0.03132752701640129	0.1805586963891983	-0.08199991285800934	0.22151057422161102	0.12624140083789825	0.14220429956912994	-0.038041383028030396	0.1632213443517685	-0.12135707587003708	-0.021099889650940895	-0.04568194970488548	0.15763282775878906	-0.16149963438510895	0.04013597220182419	-0.16431353986263275	0.16627410054206848	-0.07711447775363922	-0.13113819062709808	0.15115609765052795	-0.06464514881372452	0.11536218971014023	-0.03478730097413063	-0.06160518154501915	0.039699800312519073	-0.09437654167413712	-0.26571717858314514	-0.19669049978256226	-0.1498437076807022	-0.09176716208457947	0.2605834901332855	0.14555470645427704	-0.2030772566795349	-0.19322988390922546	0.1218579038977623	-0.08389946073293686	-0.08823947608470917	-0.06352748721837997	0.11558254808187485	0.0036305042449384928	0.1525002270936966
-0.08726175874471664	0.007258223369717598	-0.11909319460391998	0.13861703872680664	0.11462821066379547	0.0933363065123558	-0.0031730325426906347	-0.24926869571208954	0.21963173151016235	-0.14526309072971344	0.0842147246003151	0.15545527637004852	0.15138570964336395	-0.02171877585351467	0.16369269788265228	-0.001529867760837078	-0.05965366214513779	0.046305444091558456	-0.09091267734766006	0.15399831533432007	0.09767749905586243	0.07787619531154633	-0.10700475424528122	0.10252844542264938	-0.0003840902936644852	-0.00756129901856184	-0.014457997865974903	-0.14221273362636566	-0.07552254945039749	-0.0516425222158432	-0.03553510084748268	-0.17055824398994446	0.1146417111158371	-0.09487815201282501	0.05044056102633476	-0.15480872988700867	0.004570788238197565	-0.0475146509706974	0.06268508732318878	-0.15768326818943024	-0.03973495215177536	0.0749296098947525	-0.0636475533246994	-0.014939149841666222	-0.18232659995555878	0.11002202332019806	0.033311471343040466	0.04544375464320183	0.052192844450473785	0.09962007403373718	0.13307887315750122	0.021998144686222076	0.03828279674053192	-0.23679882287979126	-0.08169032633304596	0.14197185635566711	0.09899993985891342	-0.109363853931427	0.06706282496452332	0.08847935497760773	0.09922363609075546	-0.12017592042684555	0.061857812106609344	-0.17577232420444489
-0.005540368612855673	-0.054458703845739365	0.19335728883743286	-0.12146791815757751	0.08708678185939789	-0.21519604325294495	0.043468210846185684	0.36058688163757324	-0.26860904693603516	0.21727363765239716	-0.055457185953855515	-0.0405566543340683	-0.13622482120990753	-0.10254823416471481	-0.14214447140693665	0.042477741837501526	0.017620446160435677	-0.055427100509405136	0.2035757154226303	-0.18367807567119598	-0.0552368201315403	-0.08701888471841812	0.07527358829975128	-0.10785757005214691	0.03132752701640129	0.1805586963891983	-0.08199991285800934	0.22151057422161102	0.12624140083789825	0.14220429956912994	-0.038041383028030396	0.1632213443517685	-0.12135707587003708	-0.021099889650940895	-0.04568194970488548	0.15763282775878906	-0.16149963438510895	0.04013597220182419	-0.16431353986263275	0.16627410054206848	-0.07711447775363922	-0.13113819062709808	0.15115609765052795	-0.06464514881372452	0.11536218971014023	-0.03478730097413063	-0.06160518154501915	0.039699800312519073	-0.09437654167413712	-0.26571717858314514	-0.19669049978256226	-0.1498437076807022	-0.09176716208457947	0.2605834901332855	0.14555470645427704	-0.2030772566795349	-0.19322988390922546	0.1218579038977623	-0.08389946073293686	-0.08823947608470917	-0.06352748721837997	0.11558254808187485	0.0036305042449384928	0.1525002270936966
-0.005540368612855673	-0.054458703845739365	0.19335728883743286	-0.12146791815757751	0.08708678185939789	-0.21519604325294495	0.043468210846185684	0.36058688163757324	-0.26860904693603516	0.21727363765239716	-0.055457185953855515	-0.0405566543340683	-0.13622482120990753	-0.10254823416471481	-0.14214447140693665	0.042477741837501526	0.017620446160435677	-0.055427100509405136	0.2035757154226303	-0.18367807567119598	-0.0552368201315403	-0.08701888471841812	0.07527358829975128	-0.10785757005214691	0.03132752701640129	0.1805586963891983	-0.08199991285800934	0.22151057422161102	0.12624140083789825	0.14220429956912994	-0.038041383028030396	0.1632213443517685	-0.12135707587003708	-0.021099889650940895	-0.04568194970488548	0.15763282775878906	-0.16149963438510895	0.04013597220182419	-0.16431353986263275	0.16627410054206848	-0.07711447775363922	-0.13113819062709808	0.15115609765052795	-0.06464514881372452	0.11536218971014023	-0.03478730097413063	-0.06160518154501915	0.039699800312519073	-0.09437654167413712	-0.26571717858314514	-0.19669049978256226	-0.1498437076807022	-0.09176716208457947	0.2605834901332855	0.14555470645427704	-0.2030772566795349	-0.19322988390922546	0.1218579038977623	-0.08389946073293686	-0.08823947608470917	-0.06352748721837997	0.11558254808187485	0.0036305042449384928	0.1525002270936966
-0.08726175874471664	0.007258223369717598	-0.11909319460391998	0.13861703872680664	0.11462821066379547	0.0933363065123558	-0.0031730325426906347	-0.24926869571208954	0.21963173151016235	-0.14526309072971344	0.0842147246003151	0.15545527637004852	0.15138570964336395	-0.02171877585351467	0.16369269788265228	-0.001529867760837078	-0.05965366214513779	0.046305444091558456	-0.09091267734766006	0.15399831533432007	0.09767749905586243	0.07787619531154633	-0.10700475424528122	0.10252844542264938	-0.0003840902936644852	-0.00756129901856184	-0.014457997865974903	-0.14221273362636566	-0.07552254945039749	-0.0516425222158432	-0.03553510084748268	-0.17055824398994446	0.1146417111158371	-0.09487815201282501	0.05044056102633476	-0.15480872988700867	0.004570788238197565	-0.0475146509706974	0.06268508732318878	-0.15768326818943024	-0.03973495215177536	0.0749296098947525	-0.0636475533246994	-0.014939149841666222	-0.18232659995555878	0.11002202332019806	0.033311471343040466	0.04544375464320183	0.052192844450473785	0.09962007403373718	0.13307887315750122	0.021998144686222076	0.03828279674053192	-0.23679882287979126	-0.08169032633304596	0.14197185635566711	0.09899993985891342	-0.109363853931427	0.06706282496452332	0.08847935497760773	0.09922363609075546	-0.12017592042684555	0.061857812106609344	-0.17577232420444489
-0.08726175874471664	0.007258223369717598	-0.11909319460391998	0.13861703872680664	0.11462821066379547	0.0933363065123558	-0.0031730325426906347	-0.24926869571208954	0.21963173151016235	-0.14526309072971344	0.0842147246003151	0.15545527637004852	0.15138570964336395	-0.02171877585351467	0.16369269788265228	-0.001529867760837078	-0.05965366214513779	0.046305444091558456	-0.09091267734766006	0.15399831533432007	0.09767749905586243	0.07787619531154633	-0.10700475424528122	0.10252844542264938	-0.0003840902936644852	-0.00756129901856184	-0.014457997865974903	-0.14221273362636566	-0.07552254945039749	-0.0516425222158432	-0.03553510084748268	-0.17055824398994446	0.1146417111158371	-0.09487815201282501	0.05044056102633476	-0.15480872988700867	0.004570788238197565	-0.0475146509706974	0.06268508732318878	-0.15768326818943024	-0.03973495215177536	0.0749296098947525	-0.0636475533246994	-0.014939149841666222	-0.18232659995555878	0.11002202332019806	0.033311471343040466	0.04544375464320183	0.052192844450473785	0.09962007403373718	0.13307887315750122	0.021998144686222076	0.03828279674053192	-0.23679882287979126	-0.08169032633304596	0.14197185635566711	0.09899993985891342	-0.109363853931427	0.06706282496452332	0.08847935497760773	0.09922363609075546	-0.12017592042684555	0.061857812106609344	-0.17577232420444489
-0.005540368612855673	-0.054458703845739365	0.19335728883743286	-0.12146791815757751	0.08708678185939789	-0.21519604325294495	0.043468210846185684	0.36058688163757324	-0.26860904693603516	0.21727363765239716	-0.055457185953855515	-0.0405566543340683	-0.13622482120990753	-0.10254823416471481	-0.14214447140693665	0.042477741837501526	0.017620446160435677	-0.055427100509405136	0.2035757154226303	-0.18367807567119598	-0.0552368201315403	-0.08701888471841812	0.07527358829975128	-0.10785757005214691	0.03132752701640129	0.1805586963891983	-0.08199991285800934	0.22151057422161102	0.12624140083789825	0.14220429956912994	-0.038041383028030396	0.1632213443517685	-0.12135707587003708	-0.021099889650940895	-0.04568194970488548	0.15763282775878906	-0.16149963438510895	0.04013597220182419	-0.16431353986263275	0.16627410054206848	-0.07711447775363922	-0.13113819062709808	0.15115609765052795	-0.06464514881372452	0.11536218971014023	-0.03478730097413063	-0.06160518154501915	0.039699800312519073	-0.09437654167413712	-0.26571717858314514	-0.19669049978256226	-0.1498437076807022	-0.09176716208457947	0.2605834901332855	0.14555470645427704	-0.2030772566795349	-0.19322988390922546	0.1218579038977623	-0.08389946073293686	-0.08823947608470917	-0.06352748721837997	0.11558254808187485	0.0036305042449384928	0.1525002270936966
-0.08726175874471664	0.007258223369717598	-0.11909319460391998	0.13861703872680664	0.11462821066379547	0.0933363065123558	-0.0031730325426906347	-0.24926869571208954	0.21963173151016235	-0.14526309072971344	0.0842147246003151	0.15545527637004852	0.15138570964336395	-0.02171877585351467	0.16369269788265228	-0.001529867760837078	-0.05965366214513779	0.046305444091558456	-0.09091267734766006	0.15399831533432007	0.09767749905586243	0.07787619531154633	-0.10700475424528122	0.10252844542264938	-0.0003840902936644852	-0.00756129901856184	-0.014457997865974903	-0.14221273362636566	-0.07552254945039749	-0.0516425222158432	-0.03553510084748268	-0.17055824398994446	0.1146417111158371	-0.09487815201282501	0.05044056102633476	-0.15480872988700867	0.004570788238197565	-0.0475146509706974	0.06268508732318878	-0.15768326818943024	-0.03973495215177536	0.0749296098947525	-0.0636475533246994	-0.014939149841666222	-0.18232659995555878	0.11002202332019806	0.033311471343040466	0.04544375464320183	0.052192844450473785	0.09962007403373718	0.13307887315750122	0.021998144686222076	0.03828279674053192	-0.23679882287979126	-0.08169032633304596	0.14197185635566711	0.09899993985891342	-0.109363853931427	0.06706282496452332	0.08847935497760773	0.09922363609075546	-0.12017592042684555	0.061857812106609344	-0.17577232420444489
-0.07433612644672394	0.04944539815187454	-0.12472765892744064	0.08360902220010757	-0.05512083321809769	0.09909230470657349	0.06381590664386749	-0.031858835369348526	0.041558727622032166	-0.0608585886657238	-0.000545004615560174	0.09172520786523819	0.054548345506191254	-0.08035594969987869	0.011707024648785591	-0.003024728037416935	0.07149409502744675	-0.020776905119419098	-0.012386403977870941	-0.04822733253240585	-0.05423537269234657	0.01671617664396763	-0.0734582394361496	0.0879814550280571	-0.0607786700129509	0.06495903432369232	-0.05310641974210739	-0.06970535963773727	-0.10276991128921509	-0.023150237277150154	-0.02130979113280773	-0.048095814883708954	-0.005666122771799564	0.04321169853210449	0.046491589397192	-0.07808869332075119	0.10227972269058228	-0.05852265655994415	0.053302548825740814	0.07206448912620544	-0.0758686289191246	-0.0724669024348259	0.05191656947135925	-0.06705943495035172	0.025406809523701668	0.023338785395026207	0.016545327380299568	-0.027595100924372673	-0.07019542157649994	0.07632608711719513	-0.0541495643556118	-0.06362883746623993	-0.05727265402674675	0.006307053379714489	0.06686732918024063	-0.007214631885290146	0.1062275767326355	0.01579524576663971	0.07050888240337372	0.023257290944457054	-0.05829266831278801	0.0006626701797358692	-0.042199913412332535	-0.12078343331813812
-0.005540368612855673	-0.054458703845739365	0.19335728883743286	-0.12146791815757751	0.08708678185939789	-0.21519604325294495	0.043468210846185684	0.36058688163757324	-0.26860904693603516	0.21727363765239716	-0.055457185953855515	-0.0405566543340683	-0.13622482120990753	-0.10254823416471481	-0.14214447140693665	0.042477741837501526	0.017620446160435677	-0.055427100509405136	0.2035757154226303	-0.18367807567119598	-0.0552368201315403	-0.08701888471841812	0.07527358829975128	-0.10785757005214691	0.03132752701640129	0.1805586963891983	-0.08199991285800934	0.22151057422161102	0.12624140083789825	0.14220429956912994	-0.038041383028030396	0.1632213443517685	-0.12135707587003708	-0.021099889650940895	-0.04568194970488548	0.15763282775878906	-0.16149963438510895	0.04013597220182419	-0.16431353986263275	0.16627410054206848	-0.07711447775363922	-0.13113819062709808	0.15115609765052795	-0.06464514881372452	0.11536218971014023	-0.03478730097413063	-0.06160518154501915	0.039699800312519073	-0.09437654167413712	-0.26571717858314514	-0.19669049978256226	-0.1498437076807022	-0.09176716208457947	0.2605834901332855	0.14555470645427704	-0.2030772566795349	-0.19322988390922546	0.1218579038977623	-0.08389946073293686	-0.08823947608470917	-0.06352748721837997	0.11558254808187485	0.0036305042449384928	0.1525002270936966
-0.005540368612855673	-0.054458703845739365	0.19335728883743286	-0.12146791815757751	0.08708678185939789	-0.21519604325294495	0.043468210846185684	0.36058688163757324	-0.26860904693603516	0.21727363765239716	-0.055457185953855515	-0.0405566543340683	-0.13622482120990753	-0.10254823416471481	-0.14214447140693665	0.042477741837501526	0.017620446160435677	-0.055427100509405136	0.2035757154226303	-0.18367807567119598	-0.0552368201315403	-0.08701888471841812	0.07527358829975128	-0.10785757005214691	0.03132752701640129	0.1805586963891983	-0.08199991285800934	0.22151057422161102	0.12624140083789825	0.14220429956912994	-0.038041383028030396	0.1632213443517685	-0.12135707587003708	-0.021099889650940895	-0.04568194970488548	0.15763282775878906	-0.16149963438510895	0.04013597220182419	-0.16431353986263275	0.16627410054206848	-0.07711447775363922	-0.13113819062709808	0.15115609765052795	-0.06464514881372452	0.11536218971014023	-0.03478730097413063	-0.06160518154501915	0.039699800312519073	-0.09437654167413712	-0.26571717858314514	-0.19669049978256226	-0.1498437076807022	-0.09176716208457947	0.2605834901332855	0.14555470645427704	-0.2030772566795349	-0.19322988390922546	0.1218579038977623	-0.08389946073293686	-0.08823947608470917	-0.06352748721837997	0.11558254808187485	0.0036305042449384928	0.1525002270936966
-0.08726175874471664	0.007258223369717598	-0.11909319460391998	0.13861703872680664	0.11462821066379547	0.0933363065123558	-0.0031730325426906347	-0.24926869571208954	0.21963173151016235	-0.14526309072971344	0.0842147246003151	0.15545527637004852	0.15138570964336395	-0.02171877585351467	0.16369269788265228	-0.001529867760837078	-0.05965366214513779	0.046305444091558456	-0.09091267734766006	0.15399831533432007	0.09767749905586243	0.07787619531154633	-0.10700475424528122	0.10252844542264938	-0.0003840902936644852	-0.00756129901856184	-0.014457997865974903	-0.14221273362636566	-0.07552254945039749	-0.0516425222158432	-0.03553510084748268	-0.17055824398994446	0.1146417111158371	-0.09487815201282501	0.05044056102633476	-0.15480872988700867	0.004570788238197565	-0.0475146509706974	0.06268508732318878	-0.15768326818943024	-0.03973495215177536	0.0749296098947525	-0.0636475533246994	-0.014939149841666222	-0.18232659995555878	0.11002202332019806	0.033311471343040466	0.04544375464320183	0.052192844450473785	0.09962007403373718	0.13307887315750122	0.021998144686222076	0.03828279674053192	-0.23679882287979126	-0.08169032633304596	0.14197185635566711	0.09899993985891342	-0.109363853931427	0.06706282496452332	0.08847935497760773	0.09922363609075546	-0.12017592042684555	0.061857812106609344	-0.17577232420444489
-0.08726175874471664	0.007258223369717598	-0.11909319460391998	0.13861703872680664	0.11462821066379547	0.0933363065123558	-0.0031730325426906347	-0.24926869571208954	0.21963173151016235	-0.14526309072971344	0.0842147246003151	0.15545527637004852	0.15138570964336395	-0.02171877585351467	0.16369269788265228	-0.001529867760837078	-0.05965366214513779	0.046305444091558456	-0.09091267734766006	0.15399831533432007	0.09767749905586243	0.07787619531154633	-0.10700475424528122	0.10252844542264938	-0.0003840902936644852	-0.00756129901856184	-0.014457997865974903	-0.14221273362636566	-0.07552254945039749	-0.0516425222158432	-0.03553510084748268	-0.17055824398994446	0.1146417111158371	-0.09487815201282501	0.05044056102633476	-0.15480872988700867	0.004570788238197565	-0.0475146509706974	0.06268508732318878	-0.15768326818943024	-0.03973495215177536	0.0749296098947525	-0.0636475533246994	-0.014939149841666222	-0.18232659995555878	0.11002202332019806	0.033311471343040466	0.04544375464320183	0.052192844450473785	0.09962007403373718	0.13307887315750122	0.021998144686222076	0.03828279674053192	-0.23679882287979126	-0.08169032633304596	0.14197185635566711	0.09899993985891342	-0.109363853931427	0.06706282496452332	0.08847935497760773	0.09922363609075546	-0.12017592042684555	0.061857812106609344	-0.17577232420444489
-0.08726175874471664	0.007258223369717598	-0.11909319460391998	0.13861703872680664	0.11462821066379547	0.0933363065123558	-0.0031730325426906347	-0.24926869571208954	0.21963173151016235	-0.14526309072971344	0.0842147246003151	0.15545527637004852	0.15138570964336395	-0.02171877585351467	0.16369269788265228	-0.001529867760837078	-0.05965366214513779	0.046305444091558456	-0.09091267734766006	0.15399831533432007	0.09767749905586243	0.07787619531154633	-0.10700475424528122	0.10252844542264938	-0.0003840902936644852	-0.00756129901856184	-0.014457997865974903	-0.14221273362636566	-0.07552254945039749	-0.0516425222158432	-0.03553510084748268	-0.17055824398994446	0.1146417111158371	-0.09487815201282501	0.05044056102633476	-0.15480872988700867	0.004570788238197565	-0.0475146509706974	0.06268508732318878	-0.15768326818943024	-0.03973495215177536	0.0749296098947525	-0.0636475533246994	-0.014939149841666222	-0.18232659995555878	0.11002202332019806	0.033311471343040466	0.04544375464320183	0.052192844450473785	0.09962007403373718	0.13307887315750122	0.021998144686222076	0.03828279674053192	-0.23679882287979126	-0.08169032633304596	0.14197185635566711	0.09899993985891342	-0.109363853931427	0.06706282496452332	0.08847935497760773	0.09922363609075546	-0.12017592042684555	0.061857812106609344	-0.17577232420444489
-0.005540368612855673	-0.054458703845739365	0.19335728883743286	-0.12146791815757751	0.08708678185939789	-0.21519604325294495	0.043468210846185684	0.36058688163757324	-0.26860904693603516	0.21727363765239716	-0.055457185953855515	-0.0405566543340683	-0.13622482120990753	-0.10254823416471481	-0.14214447140693665	0.042477741837501526	0.017620446160435677	-0.055427100509405136	0.2035757154226303	-0.18367807567119598	-0.0552368201315403	-0.08701888471841812	0.07527358829975128	-0.10785757005214691	0.03132752701640129	0.1805586963891983	-0.08199991285800934	0.22151057422161102	0.12624140083789825	0.14220429956912994	-0.038041383028030396	0.1632213443517685	-0.12135707587003708	-0.021099889650940895	-0.04568194970488548	0.15763282775878906	-0.16149963438510895	0.04013597220182419	-0.16431353986263275	0.16627410054206848	-0.07711447775363922	-0.13113819062709808	0.15115609765052795	-0.06464514881372452	0.11536218971014023	-0.03478730097413063	-0.06160518154501915	0.039699800312519073	-0.09437654167413712	-0.26571717858314514	-0.19669049978256226	-0.1498437076807022	-0.09176716208457947	0.2605834901332855	0.14555470645427704	-0.2030772566795349	-0.19322988390922546	0.1218579038977623	-0.08389946073293686	-0.08823947608470917	-0.06352748721837997	0.11558254808187485	0.0036305042449384928	0.1525002270936966
-0.08726175874471664	0.007258223369717598	-0.11909319460391998	0.13861703872680664	0.11462821066379547	0.0933363065123558	-0.0031730325426906347	-0.24926869571208954	0.21963173151016235	-0.14526309072971344	0.0842147246003151	0.15545527637004852	0.15138570964336395	-0.02171877585351467	0.16369269788265228	-0.001529867760837078	-0.05965366214513779	0.046305444091558456	-0.09091267734766006	0.15399831533432007	0.09767749905586243	0.07787619531154633	-0.10700475424528122	0.10252844542264938	-0.0003840902936644852	-0.00756129901856184	-0.014457997865974903	-0.14221273362636566	-0.07552254945039749	-0.0516425222158432	-0.03553510084748268	-0.17055824398994446	0.1146417111158371	-0.09487815201282501	0.05044056102633476	-0.15480872988700867	0.004570788238197565	-0.0475146509706974	0.06268508732318878	-0.15768326818943024	-0.03973495215177536	0.0749296098947525	-0.0636475533246994	-0.014939149841666222	-0.18232659995555878	0.11002202332019806	0.033311471343040466	0.04544375464320183	0.052192844450473785	0.09962007403373718	0.13307887315750122	0.021998144686222076	0.03828279674053192	-0.23679882287979126	-0.08169032633304596	0.14197185635566711	0.09899993985891342	-0.109363853931427	0.06706282496452332	0.08847935497760773	0.09922363609075546	-0.12017592042684555	0.061857812106609344	-0.17577232420444489
-0.005540368612855673	-0.054458703845739365	0.19335728883743286	-0.12146791815757751	0.08708678185939789	-0.21519604325294495	0.043468210846185684	0.36058688163757324	-0.26860904693603516	0.21727363765239716	-0.055457185953855515	-0.0405566543340683	-0.13622482120990753	-0.10254823416471481	-0.14214447140693665	0.042477741837501526	0.017620446160435677	-0.055427100509405136	0.2035757154226303	-0.18367807567119598	-0.0552368201315403	-0.08701888471841812	0.07527358829975128	-0.10785757005214691	0.03132752701640129	0.1805586963891983	-0.08199991285800934	0.22151057422161102	0.12624140083789825	0.14220429956912994	-0.038041383028030396	0.1632213443517685	-0.12135707587003708	-0.021099889650940895	-0.04568194970488548	0.15763282775878906	-0.16149963438510895	0.04013597220182419	-0.16431353986263275	0.16627410054206848	-0.07711447775363922	-0.13113819062709808	0.15115609765052795	-0.06464514881372452	0.11536218971014023	-0.03478730097413063	-0.06160518154501915	0.039699800312519073	-0.09437654167413712	-0.26571717858314514	-0.19669049978256226	-0.1498437076807022	-0.09176716208457947	0.2605834901332855	0.14555470645427704	-0.2030772566795349	-0.19322988390922546	0.1218579038977623	-0.08389946073293686	-0.08823947608470917	-0.06352748721837997	0.11558254808187485	0.0036305042449384928	0.1525002270936966
-0.005540368612855673	-0.054458703845739365	0.19335728883743286	-0.12146791815757751	0.08708678185939789	-0.21519604325294495	0.043468210846185684	0.36058688163757324	-0.26860904693603516	0.21727363765239716	-0.055457185953855515	-0.0405566543340683	-0.13622482120990753	-0.10254823416471481	-0.14214447140693665	0.042477741837501526	0.017620446160435677	-0.055427100509405136	0.2035757154226303	-0.18367807567119598	-0.0552368201315403	-0.08701888471841812	0.07527358829975128	-0.10785757005214691	0.03132752701640129	0.1805586963891983	-0.08199991285800934	0.22151057422161102	0.12624140083789825	0.14220429956912994	-0.038041383028030396	0.1632213443517685	-0.12135707587003708	-0.021099889650940895	-0.04568194970488548	0.15763282775878906	-0.16149963438510895	0.04013597220182419	-0.16431353986263275	0.16627410054206848	-0.07711447775363922	-0.13113819062709808	0.15115609765052795	-0.06464514881372452	0.11536218971014023	-0.03478730097413063	-0.06160518154501915	0.039699800312519073	-0.09437654167413712	-0.26571717858314514	-0.19669049978256226	-0.1498437076807022	-0.09176716208457947	0.2605834901332855	0.14555470645427704	-0.2030772566795349	-0.19322988390922546	0.1218579038977623	-0.08389946073293686	-0.08823947608470917	-0.06352748721837997	0.11558254808187485	0.0036305042449384928	0.1525002270936966
0.08116396516561508	0.006310942582786083	0.022666024044156075	-0.0710112452507019	-0.07233849912881851	-0.0014496410731226206	0.07404519617557526	-0.024173710495233536	0.056532230228185654	0.08120176941156387	-0.07378101348876953	-0.048160869628190994	-0.027221372351050377	0.013350208289921284	0.013621262274682522	-0.03941179811954498	-0.01563783921301365	0.04654980078339577	0.07076197862625122	-0.0816512405872345	-0.06828247010707855	-0.07207781821489334	-0.05553498491644859	0.06383857131004333	0.08215837180614471	-0.049400001764297485	-0.04925739765167236	0.029882827773690224	-0.04821844771504402	0.011331534944474697	-0.02791503258049488	-0.08697552233934402	-0.03601594641804695	0.0005842244136147201	-0.09790197014808655	0.0221080482006073	0.02058367244899273	0.011607863940298557	0.08170704543590546	-0.0526919960975647	0.014193526469171047	0.06857618689537048	0.03166358545422554	-0.031849220395088196	0.09623345732688904	-0.014070197939872742	-0.08467811346054077	-0.02204972878098488	0.02614879608154297	0.056857697665691376	0.030889324843883514	-0.009733966551721096	0.028169605880975723	-0.04084246605634689	-0.011094833724200726	-0.04438548535108566	-0.02952338196337223	0.045149024575948715	-0.06341351568698883	0.02507098950445652	-0.05548906326293945	0.08696681261062622	0.0048586903139948845	0.033686600625514984
-0.005540368612855673	-0.054458703845739365	0.19335728883743286	-0.12146791815757751	0.08708678185939789	-0.21519604325294495	0.043468210846185684	0.36058688163757324	-0.26860904693603516	0.21727363765239716	-0.055457185953855515	-0.0405566543340683	-0.13622482120990753	-0.10254823416471481	-0.14214447140693665	0.042477741837501526	0.017620446160435677	-0.055427100509405136	0.2035757154226303	-0.18367807567119598	-0.0552368201315403	-0.08701888471841812	0.07527358829975128	-0.10785757005214691	0.03132752701640129	0.1805586963891983	-0.08199991285800934	0.22151057422161102	0.12624140083789825	0.14220429956912994	-0.038041383028030396	0.1632213443517685	-0.12135707587003708	-0.021099889650940895	-0.04568194970488548	0.15763282775878906	-0.16149963438510895	0.04013597220182419	-0.16431353986263275	0.16627410054206848	-0.07711447775363922	-0.13113819062709808	0.15115609765052795	-0.06464514881372452	0.11536218971014023	-0.03478730097413063	-0.06160518154501915	0.039699800312519073	-0.09437654167413712	-0.26571717858314514	-0.19669049978256226	-0.1498437076807022	-0.09176716208457947	0.2605834901332855	0.14555470645427704	-0.2030772566795349	-0.19322988390922546	0.1218579038977623	-0.08389946073293686	-0.08823947608470917	-0.06352748721837997	0.11558254808187485	0.0036305042449384928	0.1525002270936966
-0.005540368612855673	-0.054458703845739365	0.19335728883743286	-0.12146791815757751	0.08708678185939789	-0.21519604325294495	0.043468210846185684	0.36058688163757324	-0.26860904693603516	0.21727363765239716	-0.055457185953855515	-0.0405566543340683	-0.13622482120990753	-0.10254823416471481	-0.14214447140693665	0.042477741837501526	0.017620446160435677	-0.055427100509405136	0.2035757154226303	-0.18367807567119598	-0.0552368201315403	-0.08701888471841812	0.07527358829975128	-0.10785757005214691	0.03132752701640129	0.1805586963891983	-0.08199991285800934	0.22151057422161102	0.12624140083789825	0.14220429956912994	-0.038041383028030396	0.1632213443517685	-0.12135707587003708	-0.021099889650940895	-0.04568194970488548	0.15763282775878906	-0.16149963438510895	0.04013597220182419	-0.16431353986263275	0.16627410054206848	-0.07711447775363922	-0.13113819062709808	0.15115609765052795	-0.06464514881372452	0.11536218971014023	-0.03478730097413063	-0.06160518154501915	0.039699800312519073	-0.09437654167413712	-0.26571717858314514	-0.19669049978256226	-0.1498437076807022	-0.09176716208457947	0.2605834901332855	0.14555470645427704	-0.2030772566795349	-0.19322988390922546	0.1218579038977623	-0.08389946073293686	-0.08823947608470917	-0.06352748721837997	0.11558254808187485	0.0036305042449384928	0.1525002270936966
-0.08726175874471664	0.007258223369717598	-0.11909319460391998	0.13861703872680664	0.11462821066379547	0.0933363065123558	-0.0031730325426906347	-0.24926869571208954	0.21963173151016235	-0.14526309072971344	0.0842147246003151	0.15545527637004852	0.15138570964336395	-0.02171877585351467	0.16369269788265228	-0.001529867760837078	-0.05965366214513779	0.046305444091558456	-0.09091267734766006	0.15399831533432007	0.09767749905586243	0.07787619531154633	-0.10700475424528122	0.10252844542264938	-0.0003840902936644852	-0.00756129901856184	-0.014457997865974903	-0.14221273362636566	-0.07552254945039749	-0.0516425222158432	-0.03553510084748268	-0.17055824398994446	0.1146417111158371	-0.09487815201282501	0.05044056102633476	-0.15480872988700867	0.004570788238197565	-0.0475146509706974	0.06268508732318878	-0.15768326818943024	-0.03973495215177536	0.0749296098947525	-0.0636475533246994	-0.014939149841666222	-0.18232659995555878	0.11002202332019806	0.033311471343040466	0.04544375464320183	0.052192844450473785	0.09962007403373718	0.13307887315750122	0.021998144686222076	0.03828279674053192	-0.23679882287979126	-0.08169032633304596	0.14197185635566711	0.09899993985891342	-0.109363853931427	0.06706282496452332	0.08847935497760773	0.09922363609075546	-0.12017592042684555	0.061857812106609344	-0.17577232420444489
-0.005540368612855673	-0.054458703845739365	0.19335728883743286	-0.12146791815757751	0.08708678185939789	-0.21519604325294495	0.043468210846185684	0.36058688163757324	-0.26860904693603516	0.21727363765239716	-0.055457185953855515	-0.0405566543340683	-0.13622482120990753	-0.10254823416471481	-0.14214447140693665	0.042477741837501526	0.017620446160435677	-0.055427100509405136	0.2035757154226303	-0.18367807567119598	-0.0552368201315403	-0.08701888471841812	0.07527358829975128	-0.10785757005214691	0.03132752701640129	0.1805586963891983	-0.08199991285800934	0.22151057422161102	0.12624140083789825	0.14220429956912994	-0.038041383028030396	0.1632213443517685	-0.12135707587003708	-0.021099889650940895	-0.04568194970488548	0.15763282775878906	-0.16149963438510895	0.04013597220182419	-0.16431353986263275	0.16627410054206848	-0.07711447775363922	-0.13113819062709808	0.15115609765052795	-0.06464514881372452	0.11536218971014023	-0.03478730097413063	-0.06160518154501915	0.039699800312519073	-0.09437654167413712	-0.26571717858314514	-0.19669049978256226	-0.1498437076807022	-0.09176716208457947	0.2605834901332855	0.14555470645427704	-0.2030772566795349	-0.19322988390922546	0.1218579038977623	-0.08389946073293686	-0.08823947608470917	-0.06352748721837997	0.11558254808187485	0.0036305042449384928	0.1525002270936966
-0.005540368612855673	-0.054458703845739365	0.19335728883743286	-0.12146791815757751	0.08708678185939789	-0.21519604325294495	0.043468210846185684	0.36058688163757324	-0.26860904693603516	0.21727363765239716	-0.055457185953855515	-0.0405566543340683	-0.13622482120990753	-0.10254823416471481	-0.14214447140693665	0.042477741837501526	0.017620446160435677	-0.055427100509405136	0.2035757154226303	-0.18367807567119598	-0.0552368201315403	-0.08701888471841812	0.07527358829975128	-0.10785757005214691	0.03132752701640129	0.1805586963891983	-0.08199991285800934	0.22151057422161102	0.12624140083789825	0.14220429956912994	-0.038041383028030396	0.1632213443517685	-0.12135707587003708	-0.021099889650940895	-0.04568194970488548	0.15763282775878906	-0.16149963438510895	0.04013597220182419	-0.16431353986263275	0.16627410054206848	-0.07711447775363922	-0.13113819062709808	0.15115609765052795	-0.06464514881372452	0.11536218971014023	-0.03478730097413063	-0.06160518154501915	0.039699800312519073	-0.09437654167413712	-0.26571717858314514	-0.19669049978256226	-0.1498437076807022	-0.09176716208457947	0.2605834901332855	0.14555470645427704	-0.2030772566795349	-0.19322988390922546	0.1218579038977623	-0.08389946073293686	-0.08823947608470917	-0.06352748721837997	0.11558254808187485	0.0036305042449384928	0.1525002270936966
-0.08726175874471664	0.007258223369717598	-0.11909319460391998	0.13861703872680664	0.11462821066379547	0.0933363065123558	-0.0031730325426906347	-0.24926869571208954	0.21963173151016235	-0.14526309072971344	0.0842147246003151	0.15545527637004852	0.15138570964336395	-0.02171877585351467	0.16369269788265228	-0.001529867760837078	-0.05965366214513779	0.046305444091558456	-0.09091267734766006	0.15399831533432007	0.09767749905586243	0.07787619531154633	-0.10700475424528122	0.10252844542264938	-0.0003840902936644852	-0.00756129901856184	-0.014457997865974903	-0.14221273362636566	-0.07552254945039749	-0.0516425222158432	-0.03553510084748268	-0.17055824398994446	0.1146417111158371	-0.09487815201282501	0.05044056102633476	-0.15480872988700867	0.004570788238197565	-0.0475146509706974	0.06268508732318878	-0.15768326818943024	-0.03973495215177536	0.0749296098947525	-0.0636475533246994	-0.014939149841666222	-0.18232659995555878	0.11002202332019806	0.033311471343040466	0.04544375464320183	0.052192844450473785	0.09962007403373718	0.13307887315750122	0.021998144686222076	0.03828279674053192	-0.23679882287979126	-0.08169032633304596	0.14197185635566711	0.09899993985891342	-0.109363853931427	0.06706282496452332	0.08847935497760773	0.09922363609075546	-0.12017592042684555	0.061857812106609344	-0.17577232420444489
-0.005540368612855673	-0.054458703845739365	0.19335728883743286	-0.12146791815757751	0.08708678185939789	-0.21519604325294495	0.043468210846185684	0.36058688163757324	-0.26860904693603516	0.21727363765239716	-0.055457185953855515	-0.0405566543340683	-0.13622482120990753	-0.10254823416471481	-0.14214447140693665	0.042477741837501526	0.017620446160435677	-0.055427100509405136	0.2035757154226303	-0.18367807567119598	-0.0552368201315403	-0.08701888471841812	0.07527358829975128	-0.10785757005214691	0.03132752701640129	0.1805586963891983	-0.08199991285800934	0.22151057422161102	0.12624140083789825	0.14220429956912994	-0.038041383028030396	0.1632213443517685	-0.12135707587003708	-0.021099889650940895	-0.04568194970488548	0.15763282775878906	-0.16149963438510895	0.04013597220182419	-0.16431353986263275	0.16627410054206848	-0.07711447775363922	-0.13113819062709808	0.15115609765052795	-0.06464514881372452	0.11536218971014023	-0.03478730097413063	-0.06160518154501915	0.039699800312519073	-0.09437654167413712	-0.26571717858314514	-0.19669049978256226	-0.1498437076807022	-0.09176716208457947	0.2605834901332855	0.14555470645427704	-0.2030772566795349	-0.19322988390922546	0.1218579038977623	-0.08389946073293686	-0.08823947608470917	-0.06352748721837997	0.11558254808187485	0.0036305042449384928	0.1525002270936966
-0.005540368612855673	-0.054458703845739365	0.19335728883743286	-0.12146791815757751	0.08708678185939789	-0.21519604325294495	0.043468210846185684	0.36058688163757324	-0.26860904693603516	0.21727363765239716	-0.055457185953855515	-0.0405566543340683	-0.13622482120990753	-0.10254823416471481	-0.14214447140693665	0.042477741837501526	0.017620446160435677	-0.055427100509405136	0.2035757154226303	-0.18367807567119598	-0.0552368201315403	-0.08701888471841812	0.07527358829975128	-0.10785757005214691	0.03132752701640129	0.1805586963891983	-0.08199991285800934	0.22151057422161102	0.12624140083789825	0.14220429956912994	-0.038041383028030396	0.1632213443517685	-0.12135707587003708	-0.021099889650940895	-0.04568194970488548	0.15763282775878906	-0.16149963438510895	0.04013597220182419	-0.16431353986263275	0.16627410054206848	-0.07711447775363922	-0.13113819062709808	0.15115609765052795	-0.06464514881372452	0.11536218971014023	-0.03478730097413063	-0.06160518154501915	0.039699800312519073	-0.09437654167413712	-0.26571717858314514	-0.19669049978256226	-0.1498437076807022	-0.09176716208457947	0.2605834901332855	0.14555470645427704	-0.2030772566795349	-0.19322988390922546	0.1218579038977623	-0.08389946073293686	-0.08823947608470917	-0.06352748721837997	0.11558254808187485	0.0036305042449384928	0.1525002270936966
-0.08726175874471664	0.007258223369717598	-0.11909319460391998	0.13861703872680664	0.11462821066379547	0.0933363065123558	-0.0031730325426906347	-0.24926869571208954	0.21963173151016235	-0.14526309072971344	0.0842147246003151	0.15545527637004852	0.15138570964336395	-0.02171877585351467	0.16369269788265228	-0.001529867760837078	-0.05965366214513779	0.046305444091558456	-0.09091267734766006	0.15399831533432007	0.09767749905586243	0.07787619531154633	-0.10700475424528122	0.10252844542264938	-0.0003840902936644852	-0.00756129901856184	-0.014457997865974903	-0.14221273362636566	-0.07552254945039749	-0.0516425222158432	-0.03553510084748268	-0.17055824398994446	0.1146417111158371	-0.09487815201282501	0.05044056102633476	-0.15480872988700867	0.004570788238197565	-0.0475146509706974	0.06268508732318878	-0.15768326818943024	-0.03973495215177536	0.0749296098947525	-0.0636475533246994	-0.014939149841666222	-0.18232659995555878	0.11002202332019806	0.033311471343040466	0.04544375464320183	0.052192844450473785	0.09962007403373718	0.13307887315750122	0.021998144686222076	0.03828279674053192	-0.23679882287979126	-0.08169032633304596	0.14197185635566711	0.09899993985891342	-0.109363853931427	0.06706282496452332	0.08847935497760773	0.09922363609075546	-0.12017592042684555	0.061857812106609344	-0.17577232420444489
-0.005540368612855673	-0.054458703845739365	0.19335728883743286	-0.12146791815757751	0.08708678185939789	-0.21519604325294495	0.043468210846185684	0.36058688163757324	-0.26860904693603516	0.21727363765239716	-0.055457185953855515	-0.0405566543340683	-0.13622482120990753	-0.10254823416471481	-0.14214447140693665	0.042477741837501526	0.017620446160435677	-0.055427100509405136	0.2035757154226303	-0.18367807567119598	-0.0552368201315403	-0.08701888471841812	0.07527358829975128	-0.10785757005214691	0.03132752701640129	0.1805586963891983	-0.08199991285800934	0.22151057422161102	0.12624140083789825	0.14220429956912994	-0.038041383028030396	0.1632213443517685	-0.12135707587003708	-0.021099889650940895	-0.04568194970488548	0.15763282775878906	-0.16149963438510895	0.04013597220182419	-0.16431353986263275	0.16627410054206848	-0.07711447775363922	-0.13113819062709808	0.15115609765052795	-0.06464514881372452	0.11536218971014023	-0.03478730097413063	-0.06160518154501915	0.039699800312519073	-0.09437654167413712	-0.26571717858314514	-0.19669049978256226	-0.1498437076807022	-0.09176716208457947	0.2605834901332855	0.14555470645427704	-0.2030772566795349	-0.19322988390922546	0.1218579038977623	-0.08389946073293686	-0.08823947608470917	-0.06352748721837997	0.11558254808187485	0.0036305042449384928	0.1525002270936966
-0.005540368612855673	-0.054458703845739365	0.19335728883743286	-0.12146791815757751	0.08708678185939789	-0.21519604325294495	0.043468210846185684	0.36058688163757324	-0.26860904693603516	0.21727363765239716	-0.055457185953855515	-0.0405566543340683	-0.13622482120990753	-0.10254823416471481	-0.14214447140693665	0.042477741837501526	0.017620446160435677	-0.055427100509405136	0.2035757154226303	-0.18367807567119598	-0.0552368201315403	-0.08701888471841812	0.07527358829975128	-0.10785757005214691	0.03132752701640129	0.1805586963891983	-0.08199991285800934	0.22151057422161102	0.12624140083789825	0.14220429956912994	-0.038041383028030396	0.1632213443517685	-0.12135707587003708	-0.021099889650940895	-0.04568194970488548	0.15763282775878906	-0.16149963438510895	0.04013597220182419	-0.16431353986263275	0.16627410054206848	-0.07711447775363922	-0.13113819062709808	0.15115609765052795	-0.06464514881372452	0.11536218971014023	-0.03478730097413063	-0.06160518154501915	0.039699800312519073	-0.09437654167413712	-0.26571717858314514	-0.19669049978256226	-0.1498437076807022	-0.09176716208457947	0.2605834901332855	0.14555470645427704	-0.2030772566795349	-0.19322988390922546	0.1218579038977623	-0.08389946073293686	-0.08823947608470917	-0.06352748721837997	0.11558254808187485	0.0036305042449384928	0.1525002270936966
-0.005540368612855673	-0.054458703845739365	0.19335728883743286	-0.12146791815757751	0.08708678185939789	-0.21519604325294495	0.043468210846185684	0.36058688163757324	-0.26860904693603516	0.21727363765239716	-0.055457185953855515	-0.0405566543340683	-0.13622482120990753	-0.10254823416471481	-0.14214447140693665	0.042477741837501526	0.017620446160435677	-0.055427100509405136	0.2035757154226303	-0.18367807567119598	-0.0552368201315403	-0.08701888471841812	0.07527358829975128	-0.10785757005214691	0.03132752701640129	0.1805586963891983	-0.08199991285800934	0.22151057422161102	0.12624140083789825	0.14220429956912994	-0.038041383028030396	0.1632213443517685	-0.12135707587003708	-0.021099889650940895	-0.04568194970488548	0.15763282775878906	-0.16149963438510895	0.04013597220182419	-0.16431353986263275	0.16627410054206848	-0.07711447775363922	-0.13113819062709808	0.15115609765052795	-0.06464514881372452	0.11536218971014023	-0.03478730097413063	-0.06160518154501915	0.039699800312519073	-0.09437654167413712	-0.26571717858314514	-0.19669049978256226	-0.1498437076807022	-0.09176716208457947	0.2605834901332855	0.14555470645427704	-0.2030772566795349	-0.19322988390922546	0.1218579038977623	-0.08389946073293686	-0.08823947608470917	-0.06352748721837997	0.11558254808187485	0.0036305042449384928	0.1525002270936966
-0.005540368612855673	-0.054458703845739365	0.19335728883743286	-0.12146791815757751	0.08708678185939789	-0.21519604325294495	0.043468210846185684	0.36058688163757324	-0.26860904693603516	0.21727363765239716	-0.055457185953855515	-0.0405566543340683	-0.13622482120990753	-0.10254823416471481	-0.14214447140693665	0.042477741837501526	0.017620446160435677	-0.055427100509405136	0.2035757154226303	-0.18367807567119598	-0.0552368201315403	-0.08701888471841812	0.07527358829975128	-0.10785757005214691	0.03132752701640129	0.1805586963891983	-0.08199991285800934	0.22151057422161102	0.12624140083789825	0.14220429956912994	-0.038041383028030396	0.1632213443517685	-0.12135707587003708	-0.021099889650940895	-0.04568194970488548	0.15763282775878906	-0.16149963438510895	0.04013597220182419	-0.16431353986263275	0.16627410054206848	-0.07711447775363922	-0.13113819062709808	0.15115609765052795	-0.06464514881372452	0.11536218971014023	-0.03478730097413063	-0.06160518154501915	0.039699800312519073	-0.09437654167413712	-0.26571717858314514	-0.19669049978256226	-0.1498437076807022	-0.09176716208457947	0.2605834901332855	0.14555470645427704	-0.2030772566795349	-0.19322988390922546	0.1218579038977623	-0.08389946073293686	-0.08823947608470917	-0.06352748721837997	0.11558254808187485	0.0036305042449384928	0.1525002270936966
-0.08726175874471664	0.007258223369717598	-0.11909319460391998	0.13861703872680664	0.11462821066379547	0.0933363065123558	-0.0031730325426906347	-0.24926869571208954	0.21963173151016235	-0.14526309072971344	0.0842147246003151	0.15545527637004852	0.15138570964336395	-0.02171877585351467	0.16369269788265228	-0.001529867760837078	-0.05965366214513779	0.046305444091558456	-0.09091267734766006	0.15399831533432007	0.09767749905586243	0.07787619531154633	-0.10700475424528122	0.10252844542264938	-0.0003840902936644852	-0.00756129901856184	-0.014457997865974903	-0.14221273362636566	-0.07552254945039749	-0.0516425222158432	-0.03553510084748268	-0.17055824398994446	0.1146417111158371	-0.09487815201282501	0.05044056102633476	-0.15480872988700867	0.004570788238197565	-0.0475146509706974	0.06268508732318878	-0.15768326818943024	-0.03973495215177536	0.0749296098947525	-0.0636475533246994	-0.014939149841666222	-0.18232659995555878	0.11002202332019806	0.033311471343040466	0.04544375464320183	0.052192844450473785	0.09962007403373718	0.13307887315750122	0.021998144686222076	0.03828279674053192	-0.23679882287979126	-0.08169032633304596	0.14197185635566711	0.09899993985891342	-0.109363853931427	0.06706282496452332	0.08847935497760773	0.09922363609075546	-0.12017592042684555	0.061857812106609344	-0.17577232420444489
-0.08726175874471664	0.007258223369717598	-0.11909319460391998	0.13861703872680664	0.11462821066379547	0.0933363065123558	-0.0031730325426906347	-0.24926869571208954	0.21963173151016235	-0.14526309072971344	0.0842147246003151	0.15545527637004852	0.15138570964336395	-0.02171877585351467	0.16369269788265228	-0.001529867760837078	-0.05965366214513779	0.046305444091558456	-0.09091267734766006	0.15399831533432007	0.09767749905586243	0.07787619531154633	-0.10700475424528122	0.10252844542264938	-0.0003840902936644852	-0.00756129901856184	-0.014457997865974903	-0.14221273362636566	-0.07552254945039749	-0.0516425222158432	-0.03553510084748268	-0.17055824398994446	0.1146417111158371	-0.09487815201282501	0.05044056102633476	-0.15480872988700867	0.004570788238197565	-0.0475146509706974	0.06268508732318878	-0.15768326818943024	-0.03973495215177536	0.0749296098947525	-0.0636475533246994	-0.014939149841666222	-0.18232659995555878	0.11002202332019806	0.033311471343040466	0.04544375464320183	0.052192844450473785	0.09962007403373718	0.13307887315750122	0.021998144686222076	0.03828279674053192	-0.23679882287979126	-0.08169032633304596	0.14197185635566711	0.09899993985891342	-0.109363853931427	0.06706282496452332	0.08847935497760773	0.09922363609075546	-0.12017592042684555	0.061857812106609344	-0.17577232420444489
-0.005540368612855673	-0.054458703845739365	0.19335728883743286	-0.12146791815757751	0.08708678185939789	-0.21519604325294495	0.043468210846185684	0.36058688163757324	-0.26860904693603516	0.21727363765239716	-0.055457185953855515	-0.0405566543340683	-0.13622482120990753	-0.10254823416471481	-0.14214447140693665	0.042477741837501526	0.017620446160435677	-0.055427100509405136	0.2035757154226303	-0.18367807567119598	-0.0552368201315403	-0.08701888471841812	0.07527358829975128	-0.10785757005214691	0.03132752701640129	0.1805586963891983	-0.08199991285800934	0.22151057422161102	0.12624140083789825	0.14220429956912994	-0.038041383028030396	0.1632213443517685	-0.12135707587003708	-0.021099889650940895	-0.04568194970488548	0.15763282775878906	-0.16149963438510895	0.04013597220182419	-0.16431353986263275	0.16627410054206848	-0.07711447775363922	-0.13113819062709808	0.15115609765052795	-0.06464514881372452	0.11536218971014023	-0.03478730097413063	-0.06160518154501915	0.039699800312519073	-0.09437654167413712	-0.26571717858314514	-0.19669049978256226	-0.1498437076807022	-0.09176716208457947	0.2605834901332855	0.14555470645427704	-0.2030772566795349	-0.19322988390922546	0.1218579038977623	-0.08389946073293686	-0.08823947608470917	-0.06352748721837997	0.11558254808187485	0.0036305042449384928	0.1525002270936966
-0.08726175874471664	0.007258223369717598	-0.11909319460391998	0.13861703872680664	0.11462821066379547	0.0933363065123558	-0.0031730325426906347	-0.24926869571208954	0.21963173151016235	-0.14526309072971344	0.0842147246003151	0.15545527637004852	0.15138570964336395	-0.02171877585351467	0.16369269788265228	-0.001529867760837078	-0.05965366214513779	0.046305444091558456	-0.09091267734766006	0.15399831533432007	0.09767749905586243	0.07787619531154633	-0.10700475424528122	0.10252844542264938	-0.0003840902936644852	-0.00756129901856184	-0.014457997865974903	-0.14221273362636566	-0.07552254945039749	-0.0516425222158432	-0.03553510084748268	-0.17055824398994446	0.1146417111158371	-0.09487815201282501	0.05044056102633476	-0.15480872988700867	0.004570788238197565	-0.0475146509706974	0.06268508732318878	-0.15768326818943024	-0.03973495215177536	0.0749296098947525	-0.0636475533246994	-0.014939149841666222	-0.18232659995555878	0.11002202332019806	0.033311471343040466	0.04544375464320183	0.052192844450473785	0.09962007403373718	0.13307887315750122	0.021998144686222076	0.03828279674053192	-0.23679882287979126	-0.08169032633304596	0.14197185635566711	0.09899993985891342	-0.109363853931427	0.06706282496452332	0.08847935497760773	0.09922363609075546	-0.12017592042684555	0.061857812106609344	-0.17577232420444489
-0.005540368612855673	-0.054458703845739365	0.19335728883743286	-0.12146791815757751	0.08708678185939789	-0.21519604325294495	0.043468210846185684	0.36058688163757324	-0.26860904693603516	0.21727363765239716	-0.055457185953855515	-0.0405566543340683	-0.13622482120990753	-0.10254823416471481	-0.14214447140693665	0.042477741837501526	0.017620446160435677	-0.055427100509405136	0.2035757154226303	-0.18367807567119598	-0.0552368201315403	-0.08701888471841812	0.07527358829975128	-0.10785757005214691	0.03132752701640129	0.1805586963891983	-0.08199991285800934	0.22151057422161102	0.12624140083789825	0.14220429956912994	-0.038041383028030396	0.1632213443517685	-0.12135707587003708	-0.021099889650940895	-0.04568194970488548	0.15763282775878906	-0.16149963438510895	0.04013597220182419	-0.16431353986263275	0.16627410054206848	-0.07711447775363922	-0.13113819062709808	0.15115609765052795	-0.06464514881372452	0.11536218971014023	-0.03478730097413063	-0.06160518154501915	0.039699800312519073	-0.09437654167413712	-0.26571717858314514	-0.19669049978256226	-0.1498437076807022	-0.09176716208457947	0.2605834901332855	0.14555470645427704	-0.2030772566795349	-0.19322988390922546	0.1218579038977623	-0.08389946073293686	-0.08823947608470917	-0.06352748721837997	0.11558254808187485	0.0036305042449384928	0.1525002270936966
-0.005540368612855673	-0.054458703845739365	0.19335728883743286	-0.12146791815757751	0.08708678185939789	-0.21519604325294495	0.043468210846185684	0.36058688163757324	-0.26860904693603516	0.21727363765239716	-0.055457185953855515	-0.0405566543340683	-0.13622482120990753	-0.10254823416471481	-0.14214447140693665	0.042477741837501526	0.017620446160435677	-0.055427100509405136	0.2035757154226303	-0.18367807567119598	-0.0552368201315403	-0.08701888471841812	0.07527358829975128	-0.10785757005214691	0.03132752701640129	0.1805586963891983	-0.08199991285800934	0.22151057422161102	0.12624140083789825	0.14220429956912994	-0.038041383028030396	0.1632213443517685	-0.12135707587003708	-0.021099889650940895	-0.04568194970488548	0.15763282775878906	-0.16149963438510895	0.04013597220182419	-0.16431353986263275	0.16627410054206848	-0.07711447775363922	-0.13113819062709808	0.15115609765052795	-0.06464514881372452	0.11536218971014023	-0.03478730097413063	-0.06160518154501915	0.039699800312519073	-0.09437654167413712	-0.26571717858314514	-0.19669049978256226	-0.1498437076807022	-0.09176716208457947	0.2605834901332855	0.14555470645427704	-0.2030772566795349	-0.19322988390922546	0.1218579038977623	-0.08389946073293686	-0.08823947608470917	-0.06352748721837997	0.11558254808187485	0.0036305042449384928	0.1525002270936966
-0.07644042372703552	0.03280193731188774	0.028897104784846306	-0.022979067638516426	-0.06401348859071732	-0.03477269783616066	0.0909198597073555	0.037440765649080276	0.056938476860523224	0.06606990098953247	0.009755773469805717	0.03461318463087082	0.06557797640562057	-0.05306678265333176	0.09849721193313599	-0.07069947570562363	-0.039638955146074295	0.08217065036296844	-0.10251548886299133	-0.021876109763979912	-0.04519239813089371	-0.0934620127081871	-0.05616654455661774	0.023945223540067673	-0.04406038299202919	-0.06015566736459732	-0.0761626660823822	-0.013541319407522678	-0.049041472375392914	0.04373232647776604	-0.09184306859970093	-0.05915508419275284	0.023101553320884705	-0.04449049383401871	-0.08854838460683823	0.006678054574877024	0.010253043845295906	0.048299554735422134	-0.08821713179349899	-0.03353710472583771	0.07300599664449692	0.10383927822113037	0.08202988654375076	0.00034052913542836905	-0.0291089229285717	-0.065807044506073	0.09139253199100494	0.09166145324707031	0.0176830030977726	0.08256839960813522	0.09117646515369415	0.06614107638597488	0.0018168878741562366	0.07543604075908661	-0.08159317076206207	-0.037157975137233734	0.012973272241652012	0.09228330850601196	-0.053218379616737366	-0.09666554629802704	-0.10003252327442169	0.00995846837759018	-0.050284527242183685	0.07661447674036026
-0.005540368612855673	-0.054458703845739365	0.19335728883743286	-0.12146791815757751	0.08708678185939789	-0.21519604325294495	0.043468210846185684	0.36058688163757324	-0.26860904693603516	0.21727363765239716	-0.055457185953855515	-0.0405566543340683	-0.13622482120990753	-0.10254823416471481	-0.14214447140693665	0.042477741837501526	0.017620446160435677	-0.055427100509405136	0.2035757154226303	-0.18367807567119598	-0.0552368201315403	-0.08701888471841812	0.07527358829975128	-0.10785757005214691	0.03132752701640129	0.1805586963891983	-0.08199991285800934	0.22151057422161102	0.12624140083789825	0.14220429956912994	-0.038041383028030396	0.1632213443517685	-0.12135707587003708	-0.021099889650940895	-0.04568194970488548	0.15763282775878906	-0.16149963438510895	0.04013597220182419	-0.16431353986263275	0.16627410054206848	-0.07711447775363922	-0.13113819062709808	0.15115609765052795	-0.06464514881372452	0.11536218971014023	-0.03478730097413063	-0.06160518154501915	0.039699800312519073	-0.09437654167413712	-0.26571717858314514	-0.19669049978256226	-0.1498437076807022	-0.09176716208457947	0.2605834901332855	0.14555470645427704	-0.2030772566795349	-0.19322988390922546	0.1218579038977623	-0.08389946073293686	-0.08823947608470917	-0.06352748721837997	0.11558254808187485	0.0036305042449384928	0.1525002270936966
-0.08726175874471664	0.007258223369717598	-0.11909319460391998	0.13861703872680664	0.11462821066379547	0.0933363065123558	-0.0031730325426906347	-0.24926869571208954	0.21963173151016235	-0.14526309072971344	0.0842147246003151	0.15545527637004852	0.15138570964336395	-0.02171877585351467	0.16369269788265228	-0.001529867760837078	-0.05965366214513779	0.046305444091558456	-0.09091267734766006	0.15399831533432007	0.09767749905586243	0.07787619531154633	-0.10700475424528122	0.10252844542264938	-0.0003840902936644852	-0.00756129901856184	-0.014457997865974903	-0.14221273362636566	-0.07552254945039749	-0.0516425222158432	-0.03553510084748268	-0.17055824398994446	0.1146417111158371	-0.09487815201282501	0.05044056102633476	-0.15480872988700867	0.004570788238197565	-0.0475146509706974	0.06268508732318878	-0.15768326818943024	-0.03973495215177536	0.0749296098947525	-0.0636475533246994	-0.014939149841666222	-0.18232659995555878	0.11002202332019806	0.033311471343040466	0.04544375464320183	0.052192844450473785	0.09962007403373718	0.13307887315750122	0.021998144686222076	0.03828279674053192	-0.23679882287979126	-0.08169032633304596	0.14197185635566711	0.09899993985891342	-0.109363853931427	0.06706282496452332	0.08847935497760773	0.09922363609075546	-0.12017592042684555	0.061857812106609344	-0.17577232420444489
-0.08726175874471664	0.007258223369717598	-0.11909319460391998	0.13861703872680664	0.11462821066379547	0.0933363065123558	-0.0031730325426906347	-0.24926869571208954	0.21963173151016235	-0.14526309072971344	0.0842147246003151	0.15545527637004852	0.15138570964336395	-0.02171877585351467	0.16369269788265228	-0.001529867760837078	-0.05965366214513779	0.046305444091558456	-0.09091267734766006	0.15399831533432007	0.09767749905586243	0.07787619531154633	-0.10700475424528122	0.10252844542264938	-0.0003840902936644852	-0.00756129901856184	-0.014457997865974903	-0.14221273362636566	-0.07552254945039749	-0.0516425222158432	-0.03553510084748268	-0.17055824398994446	0.1146417111158371	-0.09487815201282501	0.05044056102633476	-0.15480872988700867	0.004570788238197565	-0.0475146509706974	0.06268508732318878	-0.15768326818943024	-0.03973495215177536	0.0749296098947525	-0.0636475533246994	-0.014939149841666222	-0.18232659995555878	0.11002202332019806	0.033311471343040466	0.04544375464320183	0.052192844450473785	0.09962007403373718	0.13307887315750122	0.021998144686222076	0.03828279674053192	-0.23679882287979126	-0.08169032633304596	0.14197185635566711	0.09899993985891342	-0.109363853931427	0.06706282496452332	0.08847935497760773	0.09922363609075546	-0.12017592042684555	0.061857812106609344	-0.17577232420444489
-0.005540368612855673	-0.054458703845739365	0.19335728883743286	-0.12146791815757751	0.08708678185939789	-0.21519604325294495	0.043468210846185684	0.36058688163757324	-0.26860904693603516	0.21727363765239716	-0.055457185953855515	-0.0405566543340683	-0.13622482120990753	-0.10254823416471481	-0.14214447140693665	0.042477741837501526	0.017620446160435677	-0.055427100509405136	0.2035757154226303	-0.18367807567119598	-0.0552368201315403	-0.08701888471841812	0.07527358829975128	-0.10785757005214691	0.03132752701640129	0.1805586963891983	-0.08199991285800934	0.22151057422161102	0.12624140083789825	0.14220429956912994	-0.038041383028030396	0.1632213443517685	-0.12135707587003708	-0.021099889650940895	-0.04568194970488548	0.15763282775878906	-0.16149963438510895	0.04013597220182419	-0.16431353986263275	0.16627410054206848	-0.07711447775363922	-0.13113819062709808	0.15115609765052795	-0.06464514881372452	0.11536218971014023	-0.03478730097413063	-0.06160518154501915	0.039699800312519073	-0.09437654167413712	-0.26571717858314514	-0.19669049978256226	-0.1498437076807022	-0.09176716208457947	0.2605834901332855	0.14555470645427704	-0.2030772566795349	-0.19322988390922546	0.1218579038977623	-0.08389946073293686	-0.08823947608470917	-0.06352748721837997	0.11558254808187485	0.0036305042449384928	0.1525002270936966
-0.005540368612855673	-0.054458703845739365	0.19335728883743286	-0.12146791815757751	0.08708678185939789	-0.21519604325294495	0.043468210846185684	0.36058688163757324	-0.26860904693603516	0.21727363765239716	-0.055457185953855515	-0.0405566543340683	-0.13622482120990753	-0.10254823416471481	-0.14214447140693665	0.042477741837501526	0.017620446160435677	-0.055427100509405136	0.2035757154226303	-0.18367807567119598	-0.0552368201315403	-0.08701888471841812	0.07527358829975128	-0.10785757005214691	0.03132752701640129	0.1805586963891983	-0.08199991285800934	0.22151057422161102	0.12624140083789825	0.14220429956912994	-0.038041383028030396	0.1632213443517685	-0.12135707587003708	-0.021099889650940895	-0.04568194970488548	0.15763282775878906	-0.16149963438510895	0.04013597220182419	-0.16431353986263275	0.16627410054206848	-0.07711447775363922	-0.13113819062709808	0.15115609765052795	-0.06464514881372452	0.11536218971014023	-0.03478730097413063	-0.06160518154501915	0.039699800312519073	-0.09437654167413712	-0.26571717858314514	-0.19669049978256226	-0.1498437076807022	-0.09176716208457947	0.2605834901332855	0.14555470645427704	-0.2030772566795349	-0.19322988390922546	0.1218579038977623	-0.08389946073293686	-0.08823947608470917	-0.06352748721837997	0.11558254808187485	0.0036305042449384928	0.1525002270936966
-0.08726175874471664	0.007258223369717598	-0.11909319460391998	0.13861703872680664	0.11462821066379547	0.0933363065123558	-0.0031730325426906347	-0.24926869571208954	0.21963173151016235	-0.14526309072971344	0.0842147246003151	0.15545527637004852	0.15138570964336395	-0.02171877585351467	0.16369269788265228	-0.001529867760837078	-0.05965366214513779	0.046305444091558456	-0.09091267734766006	0.15399831533432007	0.09767749905586243	0.07787619531154633	-0.10700475424528122	0.10252844542264938	-0.0003840902936644852	-0.00756129901856184	-0.014457997865974903	-0.14221273362636566	-0.07552254945039749	-0.0516425222158432	-0.03553510084748268	-0.17055824398994446	0.1146417111158371	-0.09487815201282501	0.05044056102633476	-0.15480872988700867	0.004570788238197565	-0.0475146509706974	0.06268508732318878	-0.15768326818943024	-0.03973495215177536	0.0749296098947525	-0.0636475533246994	-0.014939149841666222	-0.18232659995555878	0.11002202332019806	0.033311471343040466	0.04544375464320183	0.052192844450473785	0.09962007403373718	0.13307887315750122	0.021998144686222076	0.03828279674053192	-0.23679882287979126	-0.08169032633304596	0.14197185635566711	0.09899993985891342	-0.109363853931427	0.06706282496452332	0.08847935497760773	0.09922363609075546	-0.12017592042684555	0.061857812106609344	-0.17577232420444489
-0.005540368612855673	-0.054458703845739365	0.19335728883743286	-0.12146791815757751	0.08708678185939789	-0.21519604325294495	0.043468210846185684	0.36058688163757324	-0.26860904693603516	0.21727363765239716	-0.055457185953855515	-0.0405566543340683	-0.13622482120990753	-0.10254823416471481	-0.14214447140693665	0.042477741837501526	0.017620446160435677	-0.055427100509405136	0.2035757154226303	-0.18367807567119598	-0.0552368201315403	-0.08701888471841812	0.07527358829975128	-0.10785757005214691	0.03132752701640129	0.1805586963891983	-0.08199991285800934	0.22151057422161102	0.12624140083789825	0.14220429956912994	-0.038041383028030396	0.1632213443517685	-0.12135707587003708	-0.021099889650940895	-0.04568194970488548	0.15763282775878906	-0.16149963438510895	0.04013597220182419	-0.16431353986263275	0.16627410054206848	-0.07711447775363922	-0.13113819062709808	0.15115609765052795	-0.06464514881372452	0.11536218971014023	-0.03478730097413063	-0.06160518154501915	0.039699800312519073	-0.09437654167413712	-0.26571717858314514	-0.19669049978256226	-0.1498437076807022	-0.09176716208457947	0.2605834901332855	0.14555470645427704	-0.2030772566795349	-0.19322988390922546	0.1218579038977623	-0.08389946073293686	-0.08823947608470917	-0.06352748721837997	0.11558254808187485	0.0036305042449384928	0.1525002270936966
-0.005540368612855673	-0.054458703845739365	0.19335728883743286	-0.12146791815757751	0.08708678185939789	-0.21519604325294495	0.043468210846185684	0.36058688163757324	-0.26860904693603516	0.21727363765239716	-0.055457185953855515	-0.0405566543340683	-0.13622482120990753	-0.10254823416471481	-0.14214447140693665	0.042477741837501526	0.017620446160435677	-0.055427100509405136	0.2035757154226303	-0.18367807567119598	-0.0552368201315403	-0.08701888471841812	0.07527358829975128	-0.10785757005214691	0.03132752701640129	0.1805586963891983	-0.08199991285800934	0.22151057422161102	0.12624140083789825	0.14220429956912994	-0.038041383028030396	0.1632213443517685	-0.12135707587003708	-0.021099889650940895	-0.04568194970488548	0.15763282775878906	-0.16149963438510895	0.04013597220182419	-0.16431353986263275	0.16627410054206848	-0.07711447775363922	-0.13113819062709808	0.15115609765052795	-0.06464514881372452	0.11536218971014023	-0.03478730097413063	-0.06160518154501915	0.039699800312519073	-0.09437654167413712	-0.26571717858314514	-0.19669049978256226	-0.1498437076807022	-0.09176716208457947	0.2605834901332855	0.14555470645427704	-0.2030772566795349	-0.19322988390922546	0.1218579038977623	-0.08389946073293686	-0.08823947608470917	-0.06352748721837997	0.11558254808187485	0.0036305042449384928	0.1525002270936966
-0.08726175874471664	0.007258223369717598	-0.11909319460391998	0.13861703872680664	0.11462821066379547	0.0933363065123558	-0.0031730325426906347	-0.24926869571208954	0.21963173151016235	-0.14526309072971344	0.0842147246003151	0.15545527637004852	0.15138570964336395	-0.02171877585351467	0.16369269788265228	-0.001529867760837078	-0.05965366214513779	0.046305444091558456	-0.09091267734766006	0.15399831533432007	0.09767749905586243	0.07787619531154633	-0.10700475424528122	0.10252844542264938	-0.0003840902936644852	-0.00756129901856184	-0.014457997865974903	-0.14221273362636566	-0.07552254945039749	-0.0516425222158432	-0.03553510084748268	-0.17055824398994446	0.1146417111158371	-0.09487815201282501	0.05044056102633476	-0.15480872988700867	0.004570788238197565	-0.0475146509706974	0.06268508732318878	-0.15768326818943024	-0.03973495215177536	0.0749296098947525	-0.0636475533246994	-0.014939149841666222	-0.18232659995555878	0.11002202332019806	0.033311471343040466	0.04544375464320183	0.052192844450473785	0.09962007403373718	0.13307887315750122	0.021998144686222076	0.03828279674053192	-0.23679882287979126	-0.08169032633304596	0.14197185635566711	0.09899993985891342	-0.109363853931427	0.06706282496452332	0.08847935497760773	0.09922363609075546	-0.12017592042684555	0.061857812106609344	-0.17577232420444489
-0.005540368612855673	-0.054458703845739365	0.19335728883743286	-0.12146791815757751	0.08708678185939789	-0.21519604325294495	0.043468210846185684	0.36058688163757324	-0.26860904693603516	0.21727363765239716	-0.055457185953855515	-0.0405566543340683	-0.13622482120990753	-0.10254823416471481	-0.14214447140693665	0.042477741837501526	0.017620446160435677	-0.055427100509405136	0.2035757154226303	-0.18367807567119598	-0.0552368201315403	-0.08701888471841812	0.07527358829975128	-0.10785757005214691	0.03132752701640129	0.1805586963891983	-0.08199991285800934	0.22151057422161102	0.12624140083789825	0.14220429956912994	-0.038041383028030396	0.1632213443517685	-0.12135707587003708	-0.021099889650940895	-0.04568194970488548	0.15763282775878906	-0.16149963438510895	0.04013597220182419	-0.16431353986263275	0.16627410054206848	-0.07711447775363922	-0.13113819062709808	0.15115609765052795	-0.06464514881372452	0.11536218971014023	-0.03478730097413063	-0.06160518154501915	0.039699800312519073	-0.09437654167413712	-0.26571717858314514	-0.19669049978256226	-0.1498437076807022	-0.09176716208457947	0.2605834901332855	0.14555470645427704	-0.2030772566795349	-0.19322988390922546	0.1218579038977623	-0.08389946073293686	-0.08823947608470917	-0.06352748721837997	0.11558254808187485	0.0036305042449384928	0.1525002270936966
-0.005540368612855673	-0.054458703845739365	0.19335728883743286	-0.12146791815757751	0.08708678185939789	-0.21519604325294495	0.043468210846185684	0.36058688163757324	-0.26860904693603516	0.21727363765239716	-0.055457185953855515	-0.0405566543340683	-0.13622482120990753	-0.10254823416471481	-0.14214447140693665	0.042477741837501526	0.017620446160435677	-0.055427100509405136	0.2035757154226303	-0.18367807567119598	-0.0552368201315403	-0.08701888471841812	0.07527358829975128	-0.10785757005214691	0.03132752701640129	0.1805586963891983	-0.08199991285800934	0.22151057422161102	0.12624140083789825	0.14220429956912994	-0.038041383028030396	0.1632213443517685	-0.12135707587003708	-0.021099889650940895	-0.04568194970488548	0.15763282775878906	-0.16149963438510895	0.04013597220182419	-0.16431353986263275	0.16627410054206848	-0.07711447775363922	-0.13113819062709808	0.15115609765052795	-0.06464514881372452	0.11536218971014023	-0.03478730097413063	-0.06160518154501915	0.039699800312519073	-0.09437654167413712	-0.26571717858314514	-0.19669049978256226	-0.1498437076807022	-0.09176716208457947	0.2605834901332855	0.14555470645427704	-0.2030772566795349	-0.19322988390922546	0.1218579038977623	-0.08389946073293686	-0.08823947608470917	-0.06352748721837997	0.11558254808187485	0.0036305042449384928	0.1525002270936966
-0.005540368612855673	-0.054458703845739365	0.19335728883743286	-0.12146791815757751	0.08708678185939789	-0.21519604325294495	0.043468210846185684	0.36058688163757324	-0.26860904693603516	0.21727363765239716	-0.055457185953855515	-0.0405566543340683	-0.13622482120990753	-0.10254823416471481	-0.14214447140693665	0.042477741837501526	0.017620446160435677	-0.055427100509405136	0.2035757154226303	-0.18367807567119598	-0.0552368201315403	-0.08701888471841812	0.07527358829975128	-0.10785757005214691	0.03132752701640129	0.1805586963891983	-0.08199991285800934	0.22151057422161102	0.12624140083789825	0.14220429956912994	-0.038041383028030396	0.1632213443517685	-0.12135707587003708	-0.021099889650940895	-0.04568194970488548	0.15763282775878906	-0.16149963438510895	0.04013597220182419	-0.16431353986263275	0.16627410054206848	-0.07711447775363922	-0.13113819062709808	0.15115609765052795	-0.06464514881372452	0.11536218971014023	-0.03478730097413063	-0.06160518154501915	0.039699800312519073	-0.09437654167413712	-0.26571717858314514	-0.19669049978256226	-0.1498437076807022	-0.09176716208457947	0.2605834901332855	0.14555470645427704	-0.2030772566795349	-0.19322988390922546	0.1218579038977623	-0.08389946073293686	-0.08823947608470917	-0.06352748721837997	0.11558254808187485	0.0036305042449384928	0.1525002270936966
-0.005540368612855673	-0.054458703845739365	0.19335728883743286	-0.12146791815757751	0.08708678185939789	-0.21519604325294495	0.043468210846185684	0.36058688163757324	-0.26860904693603516	0.21727363765239716	-0.055457185953855515	-0.0405566543340683	-0.13622482120990753	-0.10254823416471481	-0.14214447140693665	0.042477741837501526	0.017620446160435677	-0.055427100509405136	0.2035757154226303	-0.18367807567119598	-0.0552368201315403	-0.08701888471841812	0.07527358829975128	-0.10785757005214691	0.03132752701640129	0.1805586963891983	-0.08199991285800934	0.22151057422161102	0.12624140083789825	0.14220429956912994	-0.038041383028030396	0.1632213443517685	-0.12135707587003708	-0.021099889650940895	-0.04568194970488548	0.15763282775878906	-0.16149963438510895	0.04013597220182419	-0.16431353986263275	0.16627410054206848	-0.07711447775363922	-0.13113819062709808	0.15115609765052795	-0.06464514881372452	0.11536218971014023	-0.03478730097413063	-0.06160518154501915	0.039699800312519073	-0.09437654167413712	-0.26571717858314514	-0.19669049978256226	-0.1498437076807022	-0.09176716208457947	0.2605834901332855	0.14555470645427704	-0.2030772566795349	-0.19322988390922546	0.1218579038977623	-0.08389946073293686	-0.08823947608470917	-0.06352748721837997	0.11558254808187485	0.0036305042449384928	0.1525002270936966
-0.07433612644672394	0.04944539815187454	-0.12472765892744064	0.08360902220010757	-0.05512083321809769	0.09909230470657349	0.06381590664386749	-0.031858835369348526	0.041558727622032166	-0.0608585886657238	-0.000545004615560174	0.09172520786523819	0.054548345506191254	-0.08035594969987869	0.011707024648785591	-0.003024728037416935	0.07149409502744675	-0.020776905119419098	-0.012386403977870941	-0.04822733253240585	-0.05423537269234657	0.01671617664396763	-0.0734582394361496	0.0879814550280571	-0.0607786700129509	0.06495903432369232	-0.05310641974210739	-0.06970535963773727	-0.10276991128921509	-0.023150237277150154	-0.02130979113280773	-0.048095814883708954	-0.005666122771799564	0.04321169853210449	0.046491589397192	-0.07808869332075119	0.10227972269058228	-0.05852265655994415	0.053302548825740814	0.07206448912620544	-0.0758686289191246	-0.0724669024348259	0.05191656947135925	-0.06705943495035172	0.025406809523701668	0.023338785395026207	0.016545327380299568	-0.027595100924372673	-0.07019542157649994	0.07632608711719513	-0.0541495643556118	-0.06362883746623993	-0.05727265402674675	0.006307053379714489	0.06686732918024063	-0.007214631885290146	0.1062275767326355	0.01579524576663971	0.07050888240337372	0.023257290944457054	-0.05829266831278801	0.0006626701797358692	-0.042199913412332535	-0.12078343331813812
-0.08726175874471664	0.007258223369717598	-0.11909319460391998	0.13861703872680664	0.11462821066379547	0.0933363065123558	-0.0031730325426906347	-0.24926869571208954	0.21963173151016235	-0.14526309072971344	0.0842147246003151	0.15545527637004852	0.15138570964336395	-0.02171877585351467	0.16369269788265228	-0.001529867760837078	-0.05965366214513779	0.046305444091558456	-0.09091267734766006	0.15399831533432007	0.09767749905586243	0.07787619531154633	-0.10700475424528122	0.10252844542264938	-0.0003840902936644852	-0.00756129901856184	-0.014457997865974903	-0.14221273362636566	-0.07552254945039749	-0.0516425222158432	-0.03553510084748268	-0.17055824398994446	0.1146417111158371	-0.09487815201282501	0.05044056102633476	-0.15480872988700867	0.004570788238197565	-0.0475146509706974	0.06268508732318878	-0.15768326818943024	-0.03973495215177536	0.0749296098947525	-0.0636475533246994	-0.014939149841666222	-0.18232659995555878	0.11002202332019806	0.033311471343040466	0.04544375464320183	0.052192844450473785	0.09962007403373718	0.13307887315750122	0.021998144686222076	0.03828279674053192	-0.23679882287979126	-0.08169032633304596	0.14197185635566711	0.09899993985891342	-0.109363853931427	0.06706282496452332	0.08847935497760773	0.09922363609075546	-0.12017592042684555	0.061857812106609344	-0.17577232420444489
-0.08726175874471664	0.007258223369717598	-0.11909319460391998	0.13861703872680664	0.11462821066379547	0.0933363065123558	-0.0031730325426906347	-0.24926869571208954	0.21963173151016235	-0.14526309072971344	0.0842147246003151	0.15545527637004852	0.15138570964336395	-0.02171877585351467	0.16369269788265228	-0.001529867760837078	-0.05965366214513779	0.046305444091558456	-0.09091267734766006	0.15399831533432007	0.09767749905586243	0.07787619531154633	-0.10700475424528122	0.10252844542264938	-0.0003840902936644852	-0.00756129901856184	-0.014457997865974903	-0.14221273362636566	-0.07552254945039749	-0.0516425222158432	-0.03553510084748268	-0.17055824398994446	0.1146417111158371	-0.09487815201282501	0.05044056102633476	-0.15480872988700867	0.004570788238197565	-0.0475146509706974	0.06268508732318878	-0.15768326818943024	-0.03973495215177536	0.0749296098947525	-0.0636475533246994	-0.014939149841666222	-0.18232659995555878	0.11002202332019806	0.033311471343040466	0.04544375464320183	0.052192844450473785	0.09962007403373718	0.13307887315750122	0.021998144686222076	0.03828279674053192	-0.23679882287979126	-0.08169032633304596	0.14197185635566711	0.09899993985891342	-0.109363853931427	0.06706282496452332	0.08847935497760773	0.09922363609075546	-0.12017592042684555	0.061857812106609344	-0.17577232420444489
-0.08726175874471664	0.007258223369717598	-0.11909319460391998	0.13861703872680664	0.11462821066379547	0.0933363065123558	-0.0031730325426906347	-0.24926869571208954	0.21963173151016235	-0.14526309072971344	0.0842147246003151	0.15545527637004852	0.15138570964336395	-0.02171877585351467	0.16369269788265228	-0.001529867760837078	-0.05965366214513779	0.046305444091558456	-0.09091267734766006	0.15399831533432007	0.09767749905586243	0.07787619531154633	-0.10700475424528122	0.10252844542264938	-0.0003840902936644852	-0.00756129901856184	-0.014457997865974903	-0.14221273362636566	-0.07552254945039749	-0.0516425222158432	-0.03553510084748268	-0.17055824398994446	0.1146417111158371	-0.09487815201282501	0.05044056102633476	-0.15480872988700867	0.004570788238197565	-0.0475146509706974	0.06268508732318878	-0.15768326818943024	-0.03973495215177536	0.0749296098947525	-0.0636475533246994	-0.014939149841666222	-0.18232659995555878	0.11002202332019806	0.033311471343040466	0.04544375464320183	0.052192844450473785	0.09962007403373718	0.13307887315750122	0.021998144686222076	0.03828279674053192	-0.23679882287979126	-0.08169032633304596	0.14197185635566711	0.09899993985891342	-0.109363853931427	0.06706282496452332	0.08847935497760773	0.09922363609075546	-0.12017592042684555	0.061857812106609344	-0.17577232420444489
-0.005540368612855673	-0.054458703845739365	0.19335728883743286	-0.12146791815757751	0.08708678185939789	-0.21519604325294495	0.043468210846185684	0.36058688163757324	-0.26860904693603516	0.21727363765239716	-0.055457185953855515	-0.0405566543340683	-0.13622482120990753	-0.10254823416471481	-0.14214447140693665	0.042477741837501526	0.017620446160435677	-0.055427100509405136	0.2035757154226303	-0.18367807567119598	-0.0552368201315403	-0.08701888471841812	0.07527358829975128	-0.10785757005214691	0.03132752701640129	0.1805586963891983	-0.08199991285800934	0.22151057422161102	0.12624140083789825	0.14220429956912994	-0.038041383028030396	0.1632213443517685	-0.12135707587003708	-0.021099889650940895	-0.04568194970488548	0.15763282775878906	-0.16149963438510895	0.04013597220182419	-0.16431353986263275	0.16627410054206848	-0.07711447775363922	-0.13113819062709808	0.15115609765052795	-0.06464514881372452	0.11536218971014023	-0.03478730097413063	-0.06160518154501915	0.039699800312519073	-0.09437654167413712	-0.26571717858314514	-0.19669049978256226	-0.1498437076807022	-0.09176716208457947	0.2605834901332855	0.14555470645427704	-0.2030772566795349	-0.19322988390922546	0.1218579038977623	-0.08389946073293686	-0.08823947608470917	-0.06352748721837997	0.11558254808187485	0.0036305042449384928	0.1525002270936966
-0.005540368612855673	-0.054458703845739365	0.19335728883743286	-0.12146791815757751	0.08708678185939789	-0.21519604325294495	0.043468210846185684	0.36058688163757324	-0.26860904693603516	0.21727363765239716	-0.055457185953855515	-0.0405566543340683	-0.13622482120990753	-0.10254823416471481	-0.14214447140693665	0.042477741837501526	0.017620446160435677	-0.055427100509405136	0.2035757154226303	-0.18367807567119598	-0.0552368201315403	-0.08701888471841812	0.07527358829975128	-0.10785757005214691	0.03132752701640129	0.1805586963891983	-0.08199991285800934	0.22151057422161102	0.12624140083789825	0.14220429956912994	-0.038041383028030396	0.1632213443517685	-0.12135707587003708	-0.021099889650940895	-0.04568194970488548	0.15763282775878906	-0.16149963438510895	0.04013597220182419	-0.16431353986263275	0.16627410054206848	-0.07711447775363922	-0.13113819062709808	0.15115609765052795	-0.06464514881372452	0.11536218971014023	-0.03478730097413063	-0.06160518154501915	0.039699800312519073	-0.09437654167413712	-0.26571717858314514	-0.19669049978256226	-0.1498437076807022	-0.09176716208457947	0.2605834901332855	0.14555470645427704	-0.2030772566795349	-0.19322988390922546	0.1218579038977623	-0.08389946073293686	-0.08823947608470917	-0.06352748721837997	0.11558254808187485	0.0036305042449384928	0.1525002270936966
-0.07433612644672394	0.04944539815187454	-0.12472765892744064	0.08360902220010757	-0.05512083321809769	0.09909230470657349	0.06381590664386749	-0.031858835369348526	0.041558727622032166	-0.0608585886657238	-0.000545004615560174	0.09172520786523819	0.054548345506191254	-0.08035594969987869	0.011707024648785591	-0.003024728037416935	0.07149409502744675	-0.020776905119419098	-0.012386403977870941	-0.04822733253240585	-0.05423537269234657	0.01671617664396763	-0.0734582394361496	0.0879814550280571	-0.0607786700129509	0.06495903432369232	-0.05310641974210739	-0.06970535963773727	-0.10276991128921509	-0.023150237277150154	-0.02130979113280773	-0.048095814883708954	-0.005666122771799564	0.04321169853210449	0.046491589397192	-0.07808869332075119	0.10227972269058228	-0.05852265655994415	0.053302548825740814	0.07206448912620544	-0.0758686289191246	-0.0724669024348259	0.05191656947135925	-0.06705943495035172	0.025406809523701668	0.023338785395026207	0.016545327380299568	-0.027595100924372673	-0.07019542157649994	0.07632608711719513	-0.0541495643556118	-0.06362883746623993	-0.05727265402674675	0.006307053379714489	0.06686732918024063	-0.007214631885290146	0.1062275767326355	0.01579524576663971	0.07050888240337372	0.023257290944457054	-0.05829266831278801	0.0006626701797358692	-0.042199913412332535	-0.12078343331813812
-0.005540368612855673	-0.054458703845739365	0.19335728883743286	-0.12146791815757751	0.08708678185939789	-0.21519604325294495	0.043468210846185684	0.36058688163757324	-0.26860904693603516	0.21727363765239716	-0.055457185953855515	-0.0405566543340683	-0.13622482120990753	-0.10254823416471481	-0.14214447140693665	0.042477741837501526	0.017620446160435677	-0.055427100509405136	0.2035757154226303	-0.18367807567119598	-0.0552368201315403	-0.08701888471841812	0.07527358829975128	-0.10785757005214691	0.03132752701640129	0.1805586963891983	-0.08199991285800934	0.22151057422161102	0.12624140083789825	0.14220429956912994	-0.038041383028030396	0.1632213443517685	-0.12135707587003708	-0.021099889650940895	-0.04568194970488548	0.15763282775878906	-0.16149963438510895	0.04013597220182419	-0.16431353986263275	0.16627410054206848	-0.07711447775363922	-0.13113819062709808	0.15115609765052795	-0.06464514881372452	0.11536218971014023	-0.03478730097413063	-0.06160518154501915	0.039699800312519073	-0.09437654167413712	-0.26571717858314514	-0.19669049978256226	-0.1498437076807022	-0.09176716208457947	0.2605834901332855	0.14555470645427704	-0.2030772566795349	-0.19322988390922546	0.1218579038977623	-0.08389946073293686	-0.08823947608470917	-0.06352748721837997	0.11558254808187485	0.0036305042449384928	0.1525002270936966
-0.08726175874471664	0.007258223369717598	-0.11909319460391998	0.13861703872680664	0.11462821066379547	0.0933363065123558	-0.0031730325426906347	-0.24926869571208954	0.21963173151016235	-0.14526309072971344	0.0842147246003151	0.15545527637004852	0.15138570964336395	-0.02171877585351467	0.16369269788265228	-0.001529867760837078	-0.05965366214513779	0.046305444091558456	-0.09091267734766006	0.15399831533432007	0.09767749905586243	0.07787619531154633	-0.10700475424528122	0.10252844542264938	-0.0003840902936644852	-0.00756129901856184	-0.014457997865974903	-0.14221273362636566	-0.07552254945039749	-0.0516425222158432	-0.03553510084748268	-0.17055824398994446	0.1146417111158371	-0.09487815201282501	0.05044056102633476	-0.15480872988700867	0.004570788238197565	-0.0475146509706974	0.06268508732318878	-0.15768326818943024	-0.03973495215177536	0.0749296098947525	-0.0636475533246994	-0.014939149841666222	-0.18232659995555878	0.11002202332019806	0.033311471343040466	0.04544375464320183	0.052192844450473785	0.09962007403373718	0.13307887315750122	0.021998144686222076	0.03828279674053192	-0.23679882287979126	-0.08169032633304596	0.14197185635566711	0.09899993985891342	-0.109363853931427	0.06706282496452332	0.08847935497760773	0.09922363609075546	-0.12017592042684555	0.061857812106609344	-0.17577232420444489
-0.08726175874471664	0.007258223369717598	-0.11909319460391998	0.13861703872680664	0.11462821066379547	0.0933363065123558	-0.0031730325426906347	-0.24926869571208954	0.21963173151016235	-0.14526309072971344	0.0842147246003151	0.15545527637004852	0.15138570964336395	-0.02171877585351467	0.16369269788265228	-0.001529867760837078	-0.05965366214513779	0.046305444091558456	-0.09091267734766006	0.15399831533432007	0.09767749905586243	0.07787619531154633	-0.10700475424528122	0.10252844542264938	-0.0003840902936644852	-0.00756129901856184	-0.014457997865974903	-0.14221273362636566	-0.07552254945039749	-0.0516425222158432	-0.03553510084748268	-0.17055824398994446	0.1146417111158371	-0.09487815201282501	0.05044056102633476	-0.15480872988700867	0.004570788238197565	-0.0475146509706974	0.06268508732318878	-0.15768326818943024	-0.03973495215177536	0.0749296098947525	-0.0636475533246994	-0.014939149841666222	-0.18232659995555878	0.11002202332019806	0.033311471343040466	0.04544375464320183	0.052192844450473785	0.09962007403373718	0.13307887315750122	0.021998144686222076	0.03828279674053192	-0.23679882287979126	-0.08169032633304596	0.14197185635566711	0.09899993985891342	-0.109363853931427	0.06706282496452332	0.08847935497760773	0.09922363609075546	-0.12017592042684555	0.061857812106609344	-0.17577232420444489
-0.005540368612855673	-0.054458703845739365	0.19335728883743286	-0.12146791815757751	0.08708678185939789	-0.21519604325294495	0.043468210846185684	0.36058688163757324	-0.26860904693603516	0.21727363765239716	-0.055457185953855515	-0.0405566543340683	-0.13622482120990753	-0.10254823416471481	-0.14214447140693665	0.042477741837501526	0.017620446160435677	-0.055427100509405136	0.2035757154226303	-0.18367807567119598	-0.0552368201315403	-0.08701888471841812	0.07527358829975128	-0.10785757005214691	0.03132752701640129	0.1805586963891983	-0.08199991285800934	0.22151057422161102	0.12624140083789825	0.14220429956912994	-0.038041383028030396	0.1632213443517685	-0.12135707587003708	-0.021099889650940895	-0.04568194970488548	0.15763282775878906	-0.16149963438510895	0.04013597220182419	-0.16431353986263275	0.16627410054206848	-0.07711447775363922	-0.13113819062709808	0.15115609765052795	-0.06464514881372452	0.11536218971014023	-0.03478730097413063	-0.06160518154501915	0.039699800312519073	-0.09437654167413712	-0.26571717858314514	-0.19669049978256226	-0.1498437076807022	-0.09176716208457947	0.2605834901332855	0.14555470645427704	-0.2030772566795349	-0.19322988390922546	0.1218579038977623	-0.08389946073293686	-0.08823947608470917	-0.06352748721837997	0.11558254808187485	0.0036305042449384928	0.1525002270936966
-0.08726175874471664	0.007258223369717598	-0.11909319460391998	0.13861703872680664	0.11462821066379547	0.0933363065123558	-0.0031730325426906347	-0.24926869571208954	0.21963173151016235	-0.14526309072971344	0.0842147246003151	0.15545527637004852	0.15138570964336395	-0.02171877585351467	0.16369269788265228	-0.001529867760837078	-0.05965366214513779	0.046305444091558456	-0.09091267734766006	0.15399831533432007	0.09767749905586243	0.07787619531154633	-0.10700475424528122	0.10252844542264938	-0.0003840902936644852	-0.00756129901856184	-0.014457997865974903	-0.14221273362636566	-0.07552254945039749	-0.0516425222158432	-0.03553510084748268	-0.17055824398994446	0.1146417111158371	-0.09487815201282501	0.05044056102633476	-0.15480872988700867	0.004570788238197565	-0.0475146509706974	0.06268508732318878	-0.15768326818943024	-0.03973495215177536	0.0749296098947525	-0.0636475533246994	-0.014939149841666222	-0.18232659995555878	0.11002202332019806	0.033311471343040466	0.04544375464320183	0.052192844450473785	0.09962007403373718	0.13307887315750122	0.021998144686222076	0.03828279674053192	-0.23679882287979126	-0.08169032633304596	0.14197185635566711	0.09899993985891342	-0.109363853931427	0.06706282496452332	0.08847935497760773	0.09922363609075546	-0.12017592042684555	0.061857812106609344	-0.17577232420444489
-0.08726175874471664	0.007258223369717598	-0.11909319460391998	0.13861703872680664	0.11462821066379547	0.0933363065123558	-0.0031730325426906347	-0.24926869571208954	0.21963173151016235	-0.14526309072971344	0.0842147246003151	0.15545527637004852	0.15138570964336395	-0.02171877585351467	0.16369269788265228	-0.001529867760837078	-0.05965366214513779	0.046305444091558456	-0.09091267734766006	0.15399831533432007	0.09767749905586243	0.07787619531154633	-0.10700475424528122	0.10252844542264938	-0.0003840902936644852	-0.00756129901856184	-0.014457997865974903	-0.14221273362636566	-0.07552254945039749	-0.0516425222158432	-0.03553510084748268	-0.17055824398994446	0.1146417111158371	-0.09487815201282501	0.05044056102633476	-0.15480872988700867	0.004570788238197565	-0.0475146509706974	0.06268508732318878	-0.15768326818943024	-0.03973495215177536	0.0749296098947525	-0.0636475533246994	-0.014939149841666222	-0.18232659995555878	0.11002202332019806	0.033311471343040466	0.04544375464320183	0.052192844450473785	0.09962007403373718	0.13307887315750122	0.021998144686222076	0.03828279674053192	-0.23679882287979126	-0.08169032633304596	0.14197185635566711	0.09899993985891342	-0.109363853931427	0.06706282496452332	0.08847935497760773	0.09922363609075546	-0.12017592042684555	0.061857812106609344	-0.17577232420444489
-0.005540368612855673	-0.054458703845739365	0.19335728883743286	-0.12146791815757751	0.08708678185939789	-0.21519604325294495	0.043468210846185684	0.36058688163757324	-0.26860904693603516	0.21727363765239716	-0.055457185953855515	-0.0405566543340683	-0.13622482120990753	-0.10254823416471481	-0.14214447140693665	0.042477741837501526	0.017620446160435677	-0.055427100509405136	0.2035757154226303	-0.18367807567119598	-0.0552368201315403	-0.08701888471841812	0.07527358829975128	-0.10785757005214691	0.03132752701640129	0.1805586963891983	-0.08199991285800934	0.22151057422161102	0.12624140083789825	0.14220429956912994	-0.038041383028030396	0.1632213443517685	-0.12135707587003708	-0.021099889650940895	-0.04568194970488548	0.15763282775878906	-0.16149963438510895	0.04013597220182419	-0.16431353986263275	0.16627410054206848	-0.07711447775363922	-0.13113819062709808	0.15115609765052795	-0.06464514881372452	0.11536218971014023	-0.03478730097413063	-0.06160518154501915	0.039699800312519073	-0.09437654167413712	-0.26571717858314514	-0.19669049978256226	-0.1498437076807022	-0.09176716208457947	0.2605834901332855	0.14555470645427704	-0.2030772566795349	-0.19322988390922546	0.1218579038977623	-0.08389946073293686	-0.08823947608470917	-0.06352748721837997	0.11558254808187485	0.0036305042449384928	0.1525002270936966
-0.08726175874471664	0.007258223369717598	-0.11909319460391998	0.13861703872680664	0.11462821066379547	0.0933363065123558	-0.0031730325426906347	-0.24926869571208954	0.21963173151016235	-0.14526309072971344	0.0842147246003151	0.15545527637004852	0.15138570964336395	-0.02171877585351467	0.16369269788265228	-0.001529867760837078	-0.05965366214513779	0.046305444091558456	-0.09091267734766006	0.15399831533432007	0.09767749905586243	0.07787619531154633	-0.10700475424528122	0.10252844542264938	-0.0003840902936644852	-0.00756129901856184	-0.014457997865974903	-0.14221273362636566	-0.07552254945039749	-0.0516425222158432	-0.03553510084748268	-0.17055824398994446	0.1146417111158371	-0.09487815201282501	0.05044056102633476	-0.15480872988700867	0.004570788238197565	-0.0475146509706974	0.06268508732318878	-0.15768326818943024	-0.03973495215177536	0.0749296098947525	-0.0636475533246994	-0.014939149841666222	-0.18232659995555878	0.11002202332019806	0.033311471343040466	0.04544375464320183	0.052192844450473785	0.09962007403373718	0.13307887315750122	0.021998144686222076	0.03828279674053192	-0.23679882287979126	-0.08169032633304596	0.14197185635566711	0.09899993985891342	-0.109363853931427	0.06706282496452332	0.08847935497760773	0.09922363609075546	-0.12017592042684555	0.061857812106609344	-0.17577232420444489
-0.08726175874471664	0.007258223369717598	-0.11909319460391998	0.13861703872680664	0.11462821066379547	0.0933363065123558	-0.0031730325426906347	-0.24926869571208954	0.21963173151016235	-0.14526309072971344	0.0842147246003151	0.15545527637004852	0.15138570964336395	-0.02171877585351467	0.16369269788265228	-0.001529867760837078	-0.05965366214513779	0.046305444091558456	-0.09091267734766006	0.15399831533432007	0.09767749905586243	0.07787619531154633	-0.10700475424528122	0.10252844542264938	-0.0003840902936644852	-0.00756129901856184	-0.014457997865974903	-0.14221273362636566	-0.07552254945039749	-0.0516425222158432	-0.03553510084748268	-0.17055824398994446	0.1146417111158371	-0.09487815201282501	0.05044056102633476	-0.15480872988700867	0.004570788238197565	-0.0475146509706974	0.06268508732318878	-0.15768326818943024	-0.03973495215177536	0.0749296098947525	-0.0636475533246994	-0.014939149841666222	-0.18232659995555878	0.11002202332019806	0.033311471343040466	0.04544375464320183	0.052192844450473785	0.09962007403373718	0.13307887315750122	0.021998144686222076	0.03828279674053192	-0.23679882287979126	-0.08169032633304596	0.14197185635566711	0.09899993985891342	-0.109363853931427	0.06706282496452332	0.08847935497760773	0.09922363609075546	-0.12017592042684555	0.061857812106609344	-0.17577232420444489
-0.005540368612855673	-0.054458703845739365	0.19335728883743286	-0.12146791815757751	0.08708678185939789	-0.21519604325294495	0.043468210846185684	0.36058688163757324	-0.26860904693603516	0.21727363765239716	-0.055457185953855515	-0.0405566543340683	-0.13622482120990753	-0.10254823416471481	-0.14214447140693665	0.042477741837501526	0.017620446160435677	-0.055427100509405136	0.2035757154226303	-0.18367807567119598	-0.0552368201315403	-0.08701888471841812	0.07527358829975128	-0.10785757005214691	0.03132752701640129	0.1805586963891983	-0.08199991285800934	0.22151057422161102	0.12624140083789825	0.14220429956912994	-0.038041383028030396	0.1632213443517685	-0.12135707587003708	-0.021099889650940895	-0.04568194970488548	0.15763282775878906	-0.16149963438510895	0.04013597220182419	-0.16431353986263275	0.16627410054206848	-0.07711447775363922	-0.13113819062709808	0.15115609765052795	-0.06464514881372452	0.11536218971014023	-0.03478730097413063	-0.06160518154501915	0.039699800312519073	-0.09437654167413712	-0.26571717858314514	-0.19669049978256226	-0.1498437076807022	-0.09176716208457947	0.2605834901332855	0.14555470645427704	-0.2030772566795349	-0.19322988390922546	0.1218579038977623	-0.08389946073293686	-0.08823947608470917	-0.06352748721837997	0.11558254808187485	0.0036305042449384928	0.1525002270936966
-0.08726175874471664	0.007258223369717598	-0.11909319460391998	0.13861703872680664	0.11462821066379547	0.0933363065123558	-0.0031730325426906347	-0.24926869571208954	0.21963173151016235	-0.14526309072971344	0.0842147246003151	0.15545527637004852	0.15138570964336395	-0.02171877585351467	0.16369269788265228	-0.001529867760837078	-0.05965366214513779	0.046305444091558456	-0.09091267734766006	0.15399831533432007	0.09767749905586243	0.07787619531154633	-0.10700475424528122	0.10252844542264938	-0.0003840902936644852	-0.00756129901856184	-0.014457997865974903	-0.14221273362636566	-0.07552254945039749	-0.0516425222158432	-0.03553510084748268	-0.17055824398994446	0.1146417111158371	-0.09487815201282501	0.05044056102633476	-0.15480872988700867	0.004570788238197565	-0.0475146509706974	0.06268508732318878	-0.15768326818943024	-0.03973495215177536	0.0749296098947525	-0.0636475533246994	-0.014939149841666222	-0.18232659995555878	0.11002202332019806	0.033311471343040466	0.04544375464320183	0.052192844450473785	0.09962007403373718	0.13307887315750122	0.021998144686222076	0.03828279674053192	-0.23679882287979126	-0.08169032633304596	0.14197185635566711	0.09899993985891342	-0.109363853931427	0.06706282496452332	0.08847935497760773	0.09922363609075546	-0.12017592042684555	0.061857812106609344	-0.17577232420444489
-0.005540368612855673	-0.054458703845739365	0.19335728883743286	-0.12146791815757751	0.08708678185939789	-0.21519604325294495	0.043468210846185684	0.36058688163757324	-0.26860904693603516	0.21727363765239716	-0.055457185953855515	-0.0405566543340683	-0.13622482120990753	-0.10254823416471481	-0.14214447140693665	0.042477741837501526	0.017620446160435677	-0.055427100509405136	0.2035757154226303	-0.18367807567119598	-0.0552368201315403	-0.08701888471841812	0.07527358829975128	-0.10785757005214691	0.03132752701640129	0.1805586963891983	-0.08199991285800934	0.22151057422161102	0.12624140083789825	0.14220429956912994	-0.038041383028030396	0.1632213443517685	-0.12135707587003708	-0.021099889650940895	-0.04568194970488548	0.15763282775878906	-0.16149963438510895	0.04013597220182419	-0.16431353986263275	0.16627410054206848	-0.07711447775363922	-0.13113819062709808	0.15115609765052795	-0.06464514881372452	0.11536218971014023	-0.03478730097413063	-0.06160518154501915	0.039699800312519073	-0.09437654167413712	-0.26571717858314514	-0.19669049978256226	-0.1498437076807022	-0.09176716208457947	0.2605834901332855	0.14555470645427704	-0.2030772566795349	-0.19322988390922546	0.1218579038977623	-0.08389946073293686	-0.08823947608470917	-0.06352748721837997	0.11558254808187485	0.0036305042449384928	0.1525002270936966
-0.08726175874471664	0.007258223369717598	-0.11909319460391998	0.13861703872680664	0.11462821066379547	0.0933363065123558	-0.0031730325426906347	-0.24926869571208954	0.21963173151016235	-0.14526309072971344	0.0842147246003151	0.15545527637004852	0.15138570964336395	-0.02171877585351467	0.16369269788265228	-0.001529867760837078	-0.05965366214513779	0.046305444091558456	-0.09091267734766006	0.15399831533432007	0.09767749905586243	0.07787619531154633	-0.10700475424528122	0.10252844542264938	-0.0003840902936644852	-0.00756129901856184	-0.014457997865974903	-0.14221273362636566	-0.07552254945039749	-0.0516425222158432	-0.03553510084748268	-0.17055824398994446	0.1146417111158371	-0.09487815201282501	0.05044056102633476	-0.15480872988700867	0.004570788238197565	-0.0475146509706974	0.06268508732318878	-0.15768326818943024	-0.03973495215177536	0.0749296098947525	-0.0636475533246994	-0.014939149841666222	-0.18232659995555878	0.11002202332019806	0.033311471343040466	0.04544375464320183	0.052192844450473785	0.09962007403373718	0.13307887315750122	0.021998144686222076	0.03828279674053192	-0.23679882287979126	-0.08169032633304596	0.14197185635566711	0.09899993985891342	-0.109363853931427	0.06706282496452332	0.08847935497760773	0.09922363609075546	-0.12017592042684555	0.061857812106609344	-0.17577232420444489
-0.08726175874471664	0.007258223369717598	-0.11909319460391998	0.13861703872680664	0.11462821066379547	0.0933363065123558	-0.0031730325426906347	-0.24926869571208954	0.21963173151016235	-0.14526309072971344	0.0842147246003151	0.15545527637004852	0.15138570964336395	-0.02171877585351467	0.16369269788265228	-0.001529867760837078	-0.05965366214513779	0.046305444091558456	-0.09091267734766006	0.15399831533432007	0.09767749905586243	0.07787619531154633	-0.10700475424528122	0.10252844542264938	-0.0003840902936644852	-0.00756129901856184	-0.014457997865974903	-0.14221273362636566	-0.07552254945039749	-0.0516425222158432	-0.03553510084748268	-0.17055824398994446	0.1146417111158371	-0.09487815201282501	0.05044056102633476	-0.15480872988700867	0.004570788238197565	-0.0475146509706974	0.06268508732318878	-0.15768326818943024	-0.03973495215177536	0.0749296098947525	-0.0636475533246994	-0.014939149841666222	-0.18232659995555878	0.11002202332019806	0.033311471343040466	0.04544375464320183	0.052192844450473785	0.09962007403373718	0.13307887315750122	0.021998144686222076	0.03828279674053192	-0.23679882287979126	-0.08169032633304596	0.14197185635566711	0.09899993985891342	-0.109363853931427	0.06706282496452332	0.08847935497760773	0.09922363609075546	-0.12017592042684555	0.061857812106609344	-0.17577232420444489
-0.005540368612855673	-0.054458703845739365	0.19335728883743286	-0.12146791815757751	0.08708678185939789	-0.21519604325294495	0.043468210846185684	0.36058688163757324	-0.26860904693603516	0.21727363765239716	-0.055457185953855515	-0.0405566543340683	-0.13622482120990753	-0.10254823416471481	-0.14214447140693665	0.042477741837501526	0.017620446160435677	-0.055427100509405136	0.2035757154226303	-0.18367807567119598	-0.0552368201315403	-0.08701888471841812	0.07527358829975128	-0.10785757005214691	0.03132752701640129	0.1805586963891983	-0.08199991285800934	0.22151057422161102	0.12624140083789825	0.14220429956912994	-0.038041383028030396	0.1632213443517685	-0.12135707587003708	-0.021099889650940895	-0.04568194970488548	0.15763282775878906	-0.16149963438510895	0.04013597220182419	-0.16431353986263275	0.16627410054206848	-0.07711447775363922	-0.13113819062709808	0.15115609765052795	-0.06464514881372452	0.11536218971014023	-0.03478730097413063	-0.06160518154501915	0.039699800312519073	-0.09437654167413712	-0.26571717858314514	-0.19669049978256226	-0.1498437076807022	-0.09176716208457947	0.2605834901332855	0.14555470645427704	-0.2030772566795349	-0.19322988390922546	0.1218579038977623	-0.08389946073293686	-0.08823947608470917	-0.06352748721837997	0.11558254808187485	0.0036305042449384928	0.1525002270936966
-0.07433612644672394	0.04944539815187454	-0.12472765892744064	0.08360902220010757	-0.05512083321809769	0.09909230470657349	0.06381590664386749	-0.031858835369348526	0.041558727622032166	-0.0608585886657238	-0.000545004615560174	0.09172520786523819	0.054548345506191254	-0.08035594969987869	0.011707024648785591	-0.003024728037416935	0.07149409502744675	-0.020776905119419098	-0.012386403977870941	-0.04822733253240585	-0.05423537269234657	0.01671617664396763	-0.0734582394361496	0.0879814550280571	-0.0607786700129509	0.06495903432369232	-0.05310641974210739	-0.06970535963773727	-0.10276991128921509	-0.023150237277150154	-0.02130979113280773	-0.048095814883708954	-0.005666122771799564	0.04321169853210449	0.046491589397192	-0.07808869332075119	0.10227972269058228	-0.05852265655994415	0.053302548825740814	0.07206448912620544	-0.0758686289191246	-0.0724669024348259	0.05191656947135925	-0.06705943495035172	0.025406809523701668	0.023338785395026207	0.016545327380299568	-0.027595100924372673	-0.07019542157649994	0.07632608711719513	-0.0541495643556118	-0.06362883746623993	-0.05727265402674675	0.006307053379714489	0.06686732918024063	-0.007214631885290146	0.1062275767326355	0.01579524576663971	0.07050888240337372	0.023257290944457054	-0.05829266831278801	0.0006626701797358692	-0.042199913412332535	-0.12078343331813812
-0.08726175874471664	0.007258223369717598	-0.11909319460391998	0.13861703872680664	0.11462821066379547	0.0933363065123558	-0.0031730325426906347	-0.24926869571208954	0.21963173151016235	-0.14526309072971344	0.0842147246003151	0.15545527637004852	0.15138570964336395	-0.02171877585351467	0.16369269788265228	-0.001529867760837078	-0.05965366214513779	0.046305444091558456	-0.09091267734766006	0.15399831533432007	0.09767749905586243	0.07787619531154633	-0.10700475424528122	0.10252844542264938	-0.0003840902936644852	-0.00756129901856184	-0.014457997865974903	-0.14221273362636566	-0.07552254945039749	-0.0516425222158432	-0.03553510084748268	-0.17055824398994446	0.1146417111158371	-0.09487815201282501	0.05044056102633476	-0.15480872988700867	0.004570788238197565	-0.0475146509706974	0.06268508732318878	-0.15768326818943024	-0.03973495215177536	0.0749296098947525	-0.0636475533246994	-0.014939149841666222	-0.18232659995555878	0.11002202332019806	0.033311471343040466	0.04544375464320183	0.052192844450473785	0.09962007403373718	0.13307887315750122	0.021998144686222076	0.03828279674053192	-0.23679882287979126	-0.08169032633304596	0.14197185635566711	0.09899993985891342	-0.109363853931427	0.06706282496452332	0.08847935497760773	0.09922363609075546	-0.12017592042684555	0.061857812106609344	-0.17577232420444489
-0.005540368612855673	-0.054458703845739365	0.19335728883743286	-0.12146791815757751	0.08708678185939789	-0.21519604325294495	0.043468210846185684	0.36058688163757324	-0.26860904693603516	0.21727363765239716	-0.055457185953855515	-0.0405566543340683	-0.13622482120990753	-0.10254823416471481	-0.14214447140693665	0.042477741837501526	0.017620446160435677	-0.055427100509405136	0.2035757154226303	-0.18367807567119598	-0.0552368201315403	-0.08701888471841812	0.07527358829975128	-0.10785757005214691	0.03132752701640129	0.1805586963891983	-0.08199991285800934	0.22151057422161102	0.12624140083789825	0.14220429956912994	-0.038041383028030396	0.1632213443517685	-0.12135707587003708	-0.021099889650940895	-0.04568194970488548	0.15763282775878906	-0.16149963438510895	0.04013597220182419	-0.16431353986263275	0.16627410054206848	-0.07711447775363922	-0.13113819062709808	0.15115609765052795	-0.06464514881372452	0.11536218971014023	-0.03478730097413063	-0.06160518154501915	0.039699800312519073	-0.09437654167413712	-0.26571717858314514	-0.19669049978256226	-0.1498437076807022	-0.09176716208457947	0.2605834901332855	0.14555470645427704	-0.2030772566795349	-0.19322988390922546	0.1218579038977623	-0.08389946073293686	-0.08823947608470917	-0.06352748721837997	0.11558254808187485	0.0036305042449384928	0.1525002270936966
-0.005540368612855673	-0.054458703845739365	0.19335728883743286	-0.12146791815757751	0.08708678185939789	-0.21519604325294495	0.043468210846185684	0.36058688163757324	-0.26860904693603516	0.21727363765239716	-0.055457185953855515	-0.0405566543340683	-0.13622482120990753	-0.10254823416471481	-0.14214447140693665	0.042477741837501526	0.017620446160435677	-0.055427100509405136	0.2035757154226303	-0.18367807567119598	-0.0552368201315403	-0.08701888471841812	0.07527358829975128	-0.10785757005214691	0.03132752701640129	0.1805586963891983	-0.08199991285800934	0.22151057422161102	0.12624140083789825	0.14220429956912994	-0.038041383028030396	0.1632213443517685	-0.12135707587003708	-0.021099889650940895	-0.04568194970488548	0.15763282775878906	-0.16149963438510895	0.04013597220182419	-0.16431353986263275	0.16627410054206848	-0.07711447775363922	-0.13113819062709808	0.15115609765052795	-0.06464514881372452	0.11536218971014023	-0.03478730097413063	-0.06160518154501915	0.039699800312519073	-0.09437654167413712	-0.26571717858314514	-0.19669049978256226	-0.1498437076807022	-0.09176716208457947	0.2605834901332855	0.14555470645427704	-0.2030772566795349	-0.19322988390922546	0.1218579038977623	-0.08389946073293686	-0.08823947608470917	-0.06352748721837997	0.11558254808187485	0.0036305042449384928	0.1525002270936966
-0.07433612644672394	0.04944539815187454	-0.12472765892744064	0.08360902220010757	-0.05512083321809769	0.09909230470657349	0.06381590664386749	-0.031858835369348526	0.041558727622032166	-0.0608585886657238	-0.000545004615560174	0.09172520786523819	0.054548345506191254	-0.08035594969987869	0.011707024648785591	-0.003024728037416935	0.07149409502744675	-0.020776905119419098	-0.012386403977870941	-0.04822733253240585	-0.05423537269234657	0.01671617664396763	-0.0734582394361496	0.0879814550280571	-0.0607786700129509	0.06495903432369232	-0.05310641974210739	-0.06970535963773727	-0.10276991128921509	-0.023150237277150154	-0.02130979113280773	-0.048095814883708954	-0.005666122771799564	0.04321169853210449	0.046491589397192	-0.07808869332075119	0.10227972269058228	-0.05852265655994415	0.053302548825740814	0.07206448912620544	-0.0758686289191246	-0.0724669024348259	0.05191656947135925	-0.06705943495035172	0.025406809523701668	0.023338785395026207	0.016545327380299568	-0.027595100924372673	-0.07019542157649994	0.07632608711719513	-0.0541495643556118	-0.06362883746623993	-0.05727265402674675	0.006307053379714489	0.06686732918024063	-0.007214631885290146	0.1062275767326355	0.01579524576663971	0.07050888240337372	0.023257290944457054	-0.05829266831278801	0.0006626701797358692	-0.042199913412332535	-0.12078343331813812
-0.005540368612855673	-0.054458703845739365	0.19335728883743286	-0.12146791815757751	0.08708678185939789	-0.21519604325294495	0.043468210846185684	0.36058688163757324	-0.26860904693603516	0.21727363765239716	-0.055457185953855515	-0.0405566543340683	-0.13622482120990753	-0.10254823416471481	-0.14214447140693665	0.042477741837501526	0.017620446160435677	-0.055427100509405136	0.2035757154226303	-0.18367807567119598	-0.0552368201315403	-0.08701888471841812	0.07527358829975128	-0.10785757005214691	0.03132752701640129	0.1805586963891983	-0.08199991285800934	0.22151057422161102	0.12624140083789825	0.14220429956912994	-0.038041383028030396	0.1632213443517685	-0.12135707587003708	-0.021099889650940895	-0.04568194970488548	0.15763282775878906	-0.16149963438510895	0.04013597220182419	-0.16431353986263275	0.16627410054206848	-0.07711447775363922	-0.13113819062709808	0.15115609765052795	-0.06464514881372452	0.11536218971014023	-0.03478730097413063	-0.06160518154501915	0.039699800312519073	-0.09437654167413712	-0.26571717858314514	-0.19669049978256226	-0.1498437076807022	-0.09176716208457947	0.2605834901332855	0.14555470645427704	-0.2030772566795349	-0.19322988390922546	0.1218579038977623	-0.08389946073293686	-0.08823947608470917	-0.06352748721837997	0.11558254808187485	0.0036305042449384928	0.1525002270936966
-0.07433612644672394	0.04944539815187454	-0.12472765892744064	0.08360902220010757	-0.05512083321809769	0.09909230470657349	0.06381590664386749	-0.031858835369348526	0.041558727622032166	-0.0608585886657238	-0.000545004615560174	0.09172520786523819	0.054548345506191254	-0.08035594969987869	0.011707024648785591	-0.003024728037416935	0.07149409502744675	-0.020776905119419098	-0.012386403977870941	-0.04822733253240585	-0.05423537269234657	0.01671617664396763	-0.0734582394361496	0.0879814550280571	-0.0607786700129509	0.06495903432369232	-0.05310641974210739	-0.06970535963773727	-0.10276991128921509	-0.023150237277150154	-0.02130979113280773	-0.048095814883708954	-0.005666122771799564	0.04321169853210449	0.046491589397192	-0.07808869332075119	0.10227972269058228	-0.05852265655994415	0.053302548825740814	0.07206448912620544	-0.0758686289191246	-0.0724669024348259	0.05191656947135925	-0.06705943495035172	0.025406809523701668	0.023338785395026207	0.016545327380299568	-0.027595100924372673	-0.07019542157649994	0.07632608711719513	-0.0541495643556118	-0.06362883746623993	-0.05727265402674675	0.006307053379714489	0.06686732918024063	-0.007214631885290146	0.1062275767326355	0.01579524576663971	0.07050888240337372	0.023257290944457054	-0.05829266831278801	0.0006626701797358692	-0.042199913412332535	-0.12078343331813812
-0.08726175874471664	0.007258223369717598	-0.11909319460391998	0.13861703872680664	0.11462821066379547	0.0933363065123558	-0.0031730325426906347	-0.24926869571208954	0.21963173151016235	-0.14526309072971344	0.0842147246003151	0.15545527637004852	0.15138570964336395	-0.02171877585351467	0.16369269788265228	-0.001529867760837078	-0.05965366214513779	0.046305444091558456	-0.09091267734766006	0.15399831533432007	0.09767749905586243	0.07787619531154633	-0.10700475424528122	0.10252844542264938	-0.0003840902936644852	-0.00756129901856184	-0.014457997865974903	-0.14221273362636566	-0.07552254945039749	-0.0516425222158432	-0.03553510084748268	-0.17055824398994446	0.1146417111158371	-0.09487815201282501	0.05044056102633476	-0.15480872988700867	0.004570788238197565	-0.0475146509706974	0.06268508732318878	-0.15768326818943024	-0.03973495215177536	0.0749296098947525	-0.0636475533246994	-0.014939149841666222	-0.18232659995555878	0.11002202332019806	0.033311471343040466	0.04544375464320183	0.052192844450473785	0.09962007403373718	0.13307887315750122	0.021998144686222076	0.03828279674053192	-0.23679882287979126	-0.08169032633304596	0.14197185635566711	0.09899993985891342	-0.109363853931427	0.06706282496452332	0.08847935497760773	0.09922363609075546	-0.12017592042684555	0.061857812106609344	-0.17577232420444489
-0.005540368612855673	-0.054458703845739365	0.19335728883743286	-0.12146791815757751	0.08708678185939789	-0.21519604325294495	0.043468210846185684	0.36058688163757324	-0.26860904693603516	0.21727363765239716	-0.055457185953855515	-0.0405566543340683	-0.13622482120990753	-0.10254823416471481	-0.14214447140693665	0.042477741837501526	0.017620446160435677	-0.055427100509405136	0.2035757154226303	-0.18367807567119598	-0.0552368201315403	-0.08701888471841812	0.07527358829975128	-0.10785757005214691	0.03132752701640129	0.1805586963891983	-0.08199991285800934	0.22151057422161102	0.12624140083789825	0.14220429956912994	-0.038041383028030396	0.1632213443517685	-0.12135707587003708	-0.021099889650940895	-0.04568194970488548	0.15763282775878906	-0.16149963438510895	0.04013597220182419	-0.16431353986263275	0.16627410054206848	-0.07711447775363922	-0.13113819062709808	0.15115609765052795	-0.06464514881372452	0.11536218971014023	-0.03478730097413063	-0.06160518154501915	0.039699800312519073	-0.09437654167413712	-0.26571717858314514	-0.19669049978256226	-0.1498437076807022	-0.09176716208457947	0.2605834901332855	0.14555470645427704	-0.2030772566795349	-0.19322988390922546	0.1218579038977623	-0.08389946073293686	-0.08823947608470917	-0.06352748721837997	0.11558254808187485	0.0036305042449384928	0.1525002270936966
-0.08726175874471664	0.007258223369717598	-0.11909319460391998	0.13861703872680664	0.11462821066379547	0.0933363065123558	-0.0031730325426906347	-0.24926869571208954	0.21963173151016235	-0.14526309072971344	0.0842147246003151	0.15545527637004852	0.15138570964336395	-0.02171877585351467	0.16369269788265228	-0.001529867760837078	-0.05965366214513779	0.046305444091558456	-0.09091267734766006	0.15399831533432007	0.09767749905586243	0.07787619531154633	-0.10700475424528122	0.10252844542264938	-0.0003840902936644852	-0.00756129901856184	-0.014457997865974903	-0.14221273362636566	-0.07552254945039749	-0.0516425222158432	-0.03553510084748268	-0.17055824398994446	0.1146417111158371	-0.09487815201282501	0.05044056102633476	-0.15480872988700867	0.004570788238197565	-0.0475146509706974	0.06268508732318878	-0.15768326818943024	-0.03973495215177536	0.0749296098947525	-0.0636475533246994	-0.014939149841666222	-0.18232659995555878	0.11002202332019806	0.033311471343040466	0.04544375464320183	0.052192844450473785	0.09962007403373718	0.13307887315750122	0.021998144686222076	0.03828279674053192	-0.23679882287979126	-0.08169032633304596	0.14197185635566711	0.09899993985891342	-0.109363853931427	0.06706282496452332	0.08847935497760773	0.09922363609075546	-0.12017592042684555	0.061857812106609344	-0.17577232420444489
0.07503528892993927	-0.07813660055398941	-0.035519637167453766	-0.06660005450248718	-0.02356291562318802	-0.06157143786549568	-0.09152036905288696	0.04145602881908417	-0.04127298295497894	-0.043174274265766144	-0.06487090140581131	-0.026572583243250847	0.09943315386772156	0.026079880073666573	0.008672775700688362	-0.0896645113825798	0.07776721566915512	0.04944820702075958	0.0728764533996582	-0.05984607711434364	-0.04163778945803642	0.05004660785198212	-0.1025107353925705	0.0072568305768072605	0.016080915927886963	0.002089451299980283	-0.08172490447759628	-0.004635803867131472	-0.1016170009970665	-0.0019467694219201803	0.03233078122138977	-0.09206783026456833	0.05738421157002449	0.049550265073776245	0.08714835345745087	-0.018268397077918053	-0.09389734268188477	0.05358891934156418	-0.010087031871080399	-0.025441767647862434	0.046378348022699356	-0.08315879851579666	0.039503660053014755	0.08481252938508987	0.06782983988523483	0.06252649426460266	0.08059126138687134	0.05088506266474724	0.06974808871746063	-0.08673711866140366	0.05887484923005104	-0.02830049768090248	-0.03711850941181183	-0.039953891187906265	0.006857139524072409	0.032712142914533615	0.09208023548126221	0.0004012262506876141	-0.055822692811489105	0.06617839634418488	0.02718641236424446	-0.06816215813159943	-0.0234310794621706	0.06260214000940323
-0.005540368612855673	-0.054458703845739365	0.19335728883743286	-0.12146791815757751	0.08708678185939789	-0.21519604325294495	0.043468210846185684	0.36058688163757324	-0.26860904693603516	0.21727363765239716	-0.055457185953855515	-0.0405566543340683	-0.13622482120990753	-0.10254823416471481	-0.14214447140693665	0.042477741837501526	0.017620446160435677	-0.055427100509405136	0.2035757154226303	-0.18367807567119598	-0.0552368201315403	-0.08701888471841812	0.07527358829975128	-0.10785757005214691	0.03132752701640129	0.1805586963891983	-0.08199991285800934	0.22151057422161102	0.12624140083789825	0.14220429956912994	-0.038041383028030396	0.1632213443517685	-0.12135707587003708	-0.021099889650940895	-0.04568194970488548	0.15763282775878906	-0.16149963438510895	0.04013597220182419	-0.16431353986263275	0.16627410054206848	-0.07711447775363922	-0.13113819062709808	0.15115609765052795	-0.06464514881372452	0.11536218971014023	-0.03478730097413063	-0.06160518154501915	0.039699800312519073	-0.09437654167413712	-0.26571717858314514	-0.19669049978256226	-0.1498437076807022	-0.09176716208457947	0.2605834901332855	0.14555470645427704	-0.2030772566795349	-0.19322988390922546	0.1218579038977623	-0.08389946073293686	-0.08823947608470917	-0.06352748721837997	0.11558254808187485	0.0036305042449384928	0.1525002270936966
-0.08726175874471664	0.007258223369717598	-0.11909319460391998	0.13861703872680664	0.11462821066379547	0.0933363065123558	-0.0031730325426906347	-0.24926869571208954	0.21963173151016235	-0.14526309072971344	0.0842147246003151	0.15545527637004852	0.15138570964336395	-0.02171877585351467	0.16369269788265228	-0.001529867760837078	-0.05965366214513779	0.046305444091558456	-0.09091267734766006	0.15399831533432007	0.09767749905586243	0.07787619531154633	-0.10700475424528122	0.10252844542264938	-0.0003840902936644852	-0.00756129901856184	-0.014457997865974903	-0.14221273362636566	-0.07552254945039749	-0.0516425222158432	-0.03553510084748268	-0.17055824398994446	0.1146417111158371	-0.09487815201282501	0.05044056102633476	-0.15480872988700867	0.004570788238197565	-0.0475146509706974	0.06268508732318878	-0.15768326818943024	-0.03973495215177536	0.0749296098947525	-0.0636475533246994	-0.014939149841666222	-0.18232659995555878	0.11002202332019806	0.033311471343040466	0.04544375464320183	0.052192844450473785	0.09962007403373718	0.13307887315750122	0.021998144686222076	0.03828279674053192	-0.23679882287979126	-0.08169032633304596	0.14197185635566711	0.09899993985891342	-0.109363853931427	0.06706282496452332	0.08847935497760773	0.09922363609075546	-0.12017592042684555	0.061857812106609344	-0.17577232420444489
-0.08726175874471664	0.007258223369717598	-0.11909319460391998	0.13861703872680664	0.11462821066379547	0.0933363065123558	-0.0031730325426906347	-0.24926869571208954	0.21963173151016235	-0.14526309072971344	0.0842147246003151	0.15545527637004852	0.15138570964336395	-0.02171877585351467	0.16369269788265228	-0.001529867760837078	-0.05965366214513779	0.046305444091558456	-0.09091267734766006	0.15399831533432007	0.09767749905586243	0.07787619531154633	-0.10700475424528122	0.10252844542264938	-0.0003840902936644852	-0.00756129901856184	-0.014457997865974903	-0.14221273362636566	-0.07552254945039749	-0.0516425222158432	-0.03553510084748268	-0.17055824398994446	0.1146417111158371	-0.09487815201282501	0.05044056102633476	-0.15480872988700867	0.004570788238197565	-0.0475146509706974	0.06268508732318878	-0.15768326818943024	-0.03973495215177536	0.0749296098947525	-0.0636475533246994	-0.014939149841666222	-0.18232659995555878	0.11002202332019806	0.033311471343040466	0.04544375464320183	0.052192844450473785	0.09962007403373718	0.13307887315750122	0.021998144686222076	0.03828279674053192	-0.23679882287979126	-0.08169032633304596	0.14197185635566711	0.09899993985891342	-0.109363853931427	0.06706282496452332	0.08847935497760773	0.09922363609075546	-0.12017592042684555	0.061857812106609344	-0.17577232420444489
-0.005540368612855673	-0.054458703845739365	0.19335728883743286	-0.12146791815757751	0.08708678185939789	-0.21519604325294495	0.043468210846185684	0.36058688163757324	-0.26860904693603516	0.21727363765239716	-0.055457185953855515	-0.0405566543340683	-0.13622482120990753	-0.10254823416471481	-0.14214447140693665	0.042477741837501526	0.017620446160435677	-0.055427100509405136	0.2035757154226303	-0.18367807567119598	-0.0552368201315403	-0.08701888471841812	0.07527358829975128	-0.10785757005214691	0.03132752701640129	0.1805586963891983	-0.08199991285800934	0.22151057422161102	0.12624140083789825	0.14220429956912994	-0.038041383028030396	0.1632213443517685	-0.12135707587003708	-0.021099889650940895	-0.04568194970488548	0.15763282775878906	-0.16149963438510895	0.04013597220182419	-0.16431353986263275	0.16627410054206848	-0.07711447775363922	-0.13113819062709808	0.15115609765052795	-0.06464514881372452	0.11536218971014023	-0.03478730097413063	-0.06160518154501915	0.039699800312519073	-0.09437654167413712	-0.26571717858314514	-0.19669049978256226	-0.1498437076807022	-0.09176716208457947	0.2605834901332855	0.14555470645427704	-0.2030772566795349	-0.19322988390922546	0.1218579038977623	-0.08389946073293686	-0.08823947608470917	-0.06352748721837997	0.11558254808187485	0.0036305042449384928	0.1525002270936966
-0.08726175874471664	0.007258223369717598	-0.11909319460391998	0.13861703872680664	0.11462821066379547	0.0933363065123558	-0.0031730325426906347	-0.24926869571208954	0.21963173151016235	-0.14526309072971344	0.0842147246003151	0.15545527637004852	0.15138570964336395	-0.02171877585351467	0.16369269788265228	-0.001529867760837078	-0.05965366214513779	0.046305444091558456	-0.09091267734766006	0.15399831533432007	0.09767749905586243	0.07787619531154633	-0.10700475424528122	0.10252844542264938	-0.0003840902936644852	-0.00756129901856184	-0.014457997865974903	-0.14221273362636566	-0.07552254945039749	-0.0516425222158432	-0.03553510084748268	-0.17055824398994446	0.1146417111158371	-0.09487815201282501	0.05044056102633476	-0.15480872988700867	0.004570788238197565	-0.0475146509706974	0.06268508732318878	-0.15768326818943024	-0.03973495215177536	0.0749296098947525	-0.0636475533246994	-0.014939149841666222	-0.18232659995555878	0.11002202332019806	0.033311471343040466	0.04544375464320183	0.052192844450473785	0.09962007403373718	0.13307887315750122	0.021998144686222076	0.03828279674053192	-0.23679882287979126	-0.08169032633304596	0.14197185635566711	0.09899993985891342	-0.109363853931427	0.06706282496452332	0.08847935497760773	0.09922363609075546	-0.12017592042684555	0.061857812106609344	-0.17577232420444489
-0.005540368612855673	-0.054458703845739365	0.19335728883743286	-0.12146791815757751	0.08708678185939789	-0.21519604325294495	0.043468210846185684	0.36058688163757324	-0.26860904693603516	0.21727363765239716	-0.055457185953855515	-0.0405566543340683	-0.13622482120990753	-0.10254823416471481	-0.14214447140693665	0.042477741837501526	0.017620446160435677	-0.055427100509405136	0.2035757154226303	-0.18367807567119598	-0.0552368201315403	-0.08701888471841812	0.07527358829975128	-0.10785757005214691	0.03132752701640129	0.1805586963891983	-0.08199991285800934	0.22151057422161102	0.12624140083789825	0.14220429956912994	-0.038041383028030396	0.1632213443517685	-0.12135707587003708	-0.021099889650940895	-0.04568194970488548	0.15763282775878906	-0.16149963438510895	0.04013597220182419	-0.16431353986263275	0.16627410054206848	-0.07711447775363922	-0.13113819062709808	0.15115609765052795	-0.06464514881372452	0.11536218971014023	-0.03478730097413063	-0.06160518154501915	0.039699800312519073	-0.09437654167413712	-0.26571717858314514	-0.19669049978256226	-0.1498437076807022	-0.09176716208457947	0.2605834901332855	0.14555470645427704	-0.2030772566795349	-0.19322988390922546	0.1218579038977623	-0.08389946073293686	-0.08823947608470917	-0.06352748721837997	0.11558254808187485	0.0036305042449384928	0.1525002270936966
-0.08726175874471664	0.007258223369717598	-0.11909319460391998	0.13861703872680664	0.11462821066379547	0.0933363065123558	-0.0031730325426906347	-0.24926869571208954	0.21963173151016235	-0.14526309072971344	0.0842147246003151	0.15545527637004852	0.15138570964336395	-0.02171877585351467	0.16369269788265228	-0.001529867760837078	-0.05965366214513779	0.046305444091558456	-0.09091267734766006	0.15399831533432007	0.09767749905586243	0.07787619531154633	-0.10700475424528122	0.10252844542264938	-0.0003840902936644852	-0.00756129901856184	-0.014457997865974903	-0.14221273362636566	-0.07552254945039749	-0.0516425222158432	-0.03553510084748268	-0.17055824398994446	0.1146417111158371	-0.09487815201282501	0.05044056102633476	-0.15480872988700867	0.004570788238197565	-0.0475146509706974	0.06268508732318878	-0.15768326818943024	-0.03973495215177536	0.0749296098947525	-0.0636475533246994	-0.014939149841666222	-0.18232659995555878	0.11002202332019806	0.033311471343040466	0.04544375464320183	0.052192844450473785	0.09962007403373718	0.13307887315750122	0.021998144686222076	0.03828279674053192	-0.23679882287979126	-0.08169032633304596	0.14197185635566711	0.09899993985891342	-0.109363853931427	0.06706282496452332	0.08847935497760773	0.09922363609075546	-0.12017592042684555	0.061857812106609344	-0.17577232420444489
-0.08726175874471664	0.007258223369717598	-0.11909319460391998	0.13861703872680664	0.11462821066379547	0.0933363065123558	-0.0031730325426906347	-0.24926869571208954	0.21963173151016235	-0.14526309072971344	0.0842147246003151	0.15545527637004852	0.15138570964336395	-0.02171877585351467	0.16369269788265228	-0.001529867760837078	-0.05965366214513779	0.046305444091558456	-0.09091267734766006	0.15399831533432007	0.09767749905586243	0.07787619531154633	-0.10700475424528122	0.10252844542264938	-0.0003840902936644852	-0.00756129901856184	-0.014457997865974903	-0.14221273362636566	-0.07552254945039749	-0.0516425222158432	-0.03553510084748268	-0.17055824398994446	0.1146417111158371	-0.09487815201282501	0.05044056102633476	-0.15480872988700867	0.004570788238197565	-0.0475146509706974	0.06268508732318878	-0.15768326818943024	-0.03973495215177536	0.0749296098947525	-0.0636475533246994	-0.014939149841666222	-0.18232659995555878	0.11002202332019806	0.033311471343040466	0.04544375464320183	0.052192844450473785	0.09962007403373718	0.13307887315750122	0.021998144686222076	0.03828279674053192	-0.23679882287979126	-0.08169032633304596	0.14197185635566711	0.09899993985891342	-0.109363853931427	0.06706282496452332	0.08847935497760773	0.09922363609075546	-0.12017592042684555	0.061857812106609344	-0.17577232420444489
-0.005540368612855673	-0.054458703845739365	0.19335728883743286	-0.12146791815757751	0.08708678185939789	-0.21519604325294495	0.043468210846185684	0.36058688163757324	-0.26860904693603516	0.21727363765239716	-0.055457185953855515	-0.0405566543340683	-0.13622482120990753	-0.10254823416471481	-0.14214447140693665	0.042477741837501526	0.017620446160435677	-0.055427100509405136	0.2035757154226303	-0.18367807567119598	-0.0552368201315403	-0.08701888471841812	0.07527358829975128	-0.10785757005214691	0.03132752701640129	0.1805586963891983	-0.08199991285800934	0.22151057422161102	0.12624140083789825	0.14220429956912994	-0.038041383028030396	0.1632213443517685	-0.12135707587003708	-0.021099889650940895	-0.04568194970488548	0.15763282775878906	-0.16149963438510895	0.04013597220182419	-0.16431353986263275	0.16627410054206848	-0.07711447775363922	-0.13113819062709808	0.15115609765052795	-0.06464514881372452	0.11536218971014023	-0.03478730097413063	-0.06160518154501915	0.039699800312519073	-0.09437654167413712	-0.26571717858314514	-0.19669049978256226	-0.1498437076807022	-0.09176716208457947	0.2605834901332855	0.14555470645427704	-0.2030772566795349	-0.19322988390922546	0.1218579038977623	-0.08389946073293686	-0.08823947608470917	-0.06352748721837997	0.11558254808187485	0.0036305042449384928	0.1525002270936966
-0.005540368612855673	-0.054458703845739365	0.19335728883743286	-0.12146791815757751	0.08708678185939789	-0.21519604325294495	0.043468210846185684	0.36058688163757324	-0.26860904693603516	0.21727363765239716	-0.055457185953855515	-0.0405566543340683	-0.13622482120990753	-0.10254823416471481	-0.14214447140693665	0.042477741837501526	0.017620446160435677	-0.055427100509405136	0.2035757154226303	-0.18367807567119598	-0.0552368201315403	-0.08701888471841812	0.07527358829975128	-0.10785757005214691	0.03132752701640129	0.1805586963891983	-0.08199991285800934	0.22151057422161102	0.12624140083789825	0.14220429956912994	-0.038041383028030396	0.1632213443517685	-0.12135707587003708	-0.021099889650940895	-0.04568194970488548	0.15763282775878906	-0.16149963438510895	0.04013597220182419	-0.16431353986263275	0.16627410054206848	-0.07711447775363922	-0.13113819062709808	0.15115609765052795	-0.06464514881372452	0.11536218971014023	-0.03478730097413063	-0.06160518154501915	0.039699800312519073	-0.09437654167413712	-0.26571717858314514	-0.19669049978256226	-0.1498437076807022	-0.09176716208457947	0.2605834901332855	0.14555470645427704	-0.2030772566795349	-0.19322988390922546	0.1218579038977623	-0.08389946073293686	-0.08823947608470917	-0.06352748721837997	0.11558254808187485	0.0036305042449384928	0.1525002270936966
-0.08726175874471664	0.007258223369717598	-0.11909319460391998	0.13861703872680664	0.11462821066379547	0.0933363065123558	-0.0031730325426906347	-0.24926869571208954	0.21963173151016235	-0.14526309072971344	0.0842147246003151	0.15545527637004852	0.15138570964336395	-0.02171877585351467	0.16369269788265228	-0.001529867760837078	-0.05965366214513779	0.046305444091558456	-0.09091267734766006	0.15399831533432007	0.09767749905586243	0.07787619531154633	-0.10700475424528122	0.10252844542264938	-0.0003840902936644852	-0.00756129901856184	-0.014457997865974903	-0.14221273362636566	-0.07552254945039749	-0.0516425222158432	-0.03553510084748268	-0.17055824398994446	0.1146417111158371	-0.09487815201282501	0.05044056102633476	-0.15480872988700867	0.004570788238197565	-0.0475146509706974	0.06268508732318878	-0.15768326818943024	-0.03973495215177536	0.0749296098947525	-0.0636475533246994	-0.014939149841666222	-0.18232659995555878	0.11002202332019806	0.033311471343040466	0.04544375464320183	0.052192844450473785	0.09962007403373718	0.13307887315750122	0.021998144686222076	0.03828279674053192	-0.23679882287979126	-0.08169032633304596	0.14197185635566711	0.09899993985891342	-0.109363853931427	0.06706282496452332	0.08847935497760773	0.09922363609075546	-0.12017592042684555	0.061857812106609344	-0.17577232420444489
-0.005540368612855673	-0.054458703845739365	0.19335728883743286	-0.12146791815757751	0.08708678185939789	-0.21519604325294495	0.043468210846185684	0.36058688163757324	-0.26860904693603516	0.21727363765239716	-0.055457185953855515	-0.0405566543340683	-0.13622482120990753	-0.10254823416471481	-0.14214447140693665	0.042477741837501526	0.017620446160435677	-0.055427100509405136	0.2035757154226303	-0.18367807567119598	-0.0552368201315403	-0.08701888471841812	0.07527358829975128	-0.10785757005214691	0.03132752701640129	0.1805586963891983	-0.08199991285800934	0.22151057422161102	0.12624140083789825	0.14220429956912994	-0.038041383028030396	0.1632213443517685	-0.12135707587003708	-0.021099889650940895	-0.04568194970488548	0.15763282775878906	-0.16149963438510895	0.04013597220182419	-0.16431353986263275	0.16627410054206848	-0.07711447775363922	-0.13113819062709808	0.15115609765052795	-0.06464514881372452	0.11536218971014023	-0.03478730097413063	-0.06160518154501915	0.039699800312519073	-0.09437654167413712	-0.26571717858314514	-0.19669049978256226	-0.1498437076807022	-0.09176716208457947	0.2605834901332855	0.14555470645427704	-0.2030772566795349	-0.19322988390922546	0.1218579038977623	-0.08389946073293686	-0.08823947608470917	-0.06352748721837997	0.11558254808187485	0.0036305042449384928	0.1525002270936966
-0.08726175874471664	0.007258223369717598	-0.11909319460391998	0.13861703872680664	0.11462821066379547	0.0933363065123558	-0.0031730325426906347	-0.24926869571208954	0.21963173151016235	-0.14526309072971344	0.0842147246003151	0.15545527637004852	0.15138570964336395	-0.02171877585351467	0.16369269788265228	-0.001529867760837078	-0.05965366214513779	0.046305444091558456	-0.09091267734766006	0.15399831533432007	0.09767749905586243	0.07787619531154633	-0.10700475424528122	0.10252844542264938	-0.0003840902936644852	-0.00756129901856184	-0.014457997865974903	-0.14221273362636566	-0.07552254945039749	-0.0516425222158432	-0.03553510084748268	-0.17055824398994446	0.1146417111158371	-0.09487815201282501	0.05044056102633476	-0.15480872988700867	0.004570788238197565	-0.0475146509706974	0.06268508732318878	-0.15768326818943024	-0.03973495215177536	0.0749296098947525	-0.0636475533246994	-0.014939149841666222	-0.18232659995555878	0.11002202332019806	0.033311471343040466	0.04544375464320183	0.052192844450473785	0.09962007403373718	0.13307887315750122	0.021998144686222076	0.03828279674053192	-0.23679882287979126	-0.08169032633304596	0.14197185635566711	0.09899993985891342	-0.109363853931427	0.06706282496452332	0.08847935497760773	0.09922363609075546	-0.12017592042684555	0.061857812106609344	-0.17577232420444489
0.08116396516561508	0.006310942582786083	0.022666024044156075	-0.0710112452507019	-0.07233849912881851	-0.0014496410731226206	0.07404519617557526	-0.024173710495233536	0.056532230228185654	0.08120176941156387	-0.07378101348876953	-0.048160869628190994	-0.027221372351050377	0.013350208289921284	0.013621262274682522	-0.03941179811954498	-0.01563783921301365	0.04654980078339577	0.07076197862625122	-0.0816512405872345	-0.06828247010707855	-0.07207781821489334	-0.05553498491644859	0.06383857131004333	0.08215837180614471	-0.049400001764297485	-0.04925739765167236	0.029882827773690224	-0.04821844771504402	0.011331534944474697	-0.02791503258049488	-0.08697552233934402	-0.03601594641804695	0.0005842244136147201	-0.09790197014808655	0.0221080482006073	0.02058367244899273	0.011607863940298557	0.08170704543590546	-0.0526919960975647	0.014193526469171047	0.06857618689537048	0.03166358545422554	-0.031849220395088196	0.09623345732688904	-0.014070197939872742	-0.08467811346054077	-0.02204972878098488	0.02614879608154297	0.056857697665691376	0.030889324843883514	-0.009733966551721096	0.028169605880975723	-0.04084246605634689	-0.011094833724200726	-0.04438548535108566	-0.02952338196337223	0.045149024575948715	-0.06341351568698883	0.02507098950445652	-0.05548906326293945	0.08696681261062622	0.0048586903139948845	0.033686600625514984
-0.005540368612855673	-0.054458703845739365	0.19335728883743286	-0.12146791815757751	0.08708678185939789	-0.21519604325294495	0.043468210846185684	0.36058688163757324	-0.26860904693603516	0.21727363765239716	-0.055457185953855515	-0.0405566543340683	-0.13622482120990753	-0.10254823416471481	-0.14214447140693665	0.042477741837501526	0.017620446160435677	-0.055427100509405136	0.2035757154226303	-0.18367807567119598	-0.0552368201315403	-0.08701888471841812	0.07527358829975128	-0.10785757005214691	0.03132752701640129	0.1805586963891983	-0.08199991285800934	0.22151057422161102	0.12624140083789825	0.14220429956912994	-0.038041383028030396	0.1632213443517685	-0.12135707587003708	-0.021099889650940895	-0.04568194970488548	0.15763282775878906	-0.16149963438510895	0.04013597220182419	-0.16431353986263275	0.16627410054206848	-0.07711447775363922	-0.13113819062709808	0.15115609765052795	-0.06464514881372452	0.11536218971014023	-0.03478730097413063	-0.06160518154501915	0.039699800312519073	-0.09437654167413712	-0.26571717858314514	-0.19669049978256226	-0.1498437076807022	-0.09176716208457947	0.2605834901332855	0.14555470645427704	-0.2030772566795349	-0.19322988390922546	0.1218579038977623	-0.08389946073293686	-0.08823947608470917	-0.06352748721837997	0.11558254808187485	0.0036305042449384928	0.1525002270936966
-0.08726175874471664	0.007258223369717598	-0.11909319460391998	0.13861703872680664	0.11462821066379547	0.0933363065123558	-0.0031730325426906347	-0.24926869571208954	0.21963173151016235	-0.14526309072971344	0.0842147246003151	0.15545527637004852	0.15138570964336395	-0.02171877585351467	0.16369269788265228	-0.001529867760837078	-0.05965366214513779	0.046305444091558456	-0.09091267734766006	0.15399831533432007	0.09767749905586243	0.07787619531154633	-0.10700475424528122	0.10252844542264938	-0.0003840902936644852	-0.00756129901856184	-0.014457997865974903	-0.14221273362636566	-0.07552254945039749	-0.0516425222158432	-0.03553510084748268	-0.17055824398994446	0.1146417111158371	-0.09487815201282501	0.05044056102633476	-0.15480872988700867	0.004570788238197565	-0.0475146509706974	0.06268508732318878	-0.15768326818943024	-0.03973495215177536	0.0749296098947525	-0.0636475533246994	-0.014939149841666222	-0.18232659995555878	0.11002202332019806	0.033311471343040466	0.04544375464320183	0.052192844450473785	0.09962007403373718	0.13307887315750122	0.021998144686222076	0.03828279674053192	-0.23679882287979126	-0.08169032633304596	0.14197185635566711	0.09899993985891342	-0.109363853931427	0.06706282496452332	0.08847935497760773	0.09922363609075546	-0.12017592042684555	0.061857812106609344	-0.17577232420444489
-0.08726175874471664	0.007258223369717598	-0.11909319460391998	0.13861703872680664	0.11462821066379547	0.0933363065123558	-0.0031730325426906347	-0.24926869571208954	0.21963173151016235	-0.14526309072971344	0.0842147246003151	0.15545527637004852	0.15138570964336395	-0.02171877585351467	0.16369269788265228	-0.001529867760837078	-0.05965366214513779	0.046305444091558456	-0.09091267734766006	0.15399831533432007	0.09767749905586243	0.07787619531154633	-0.10700475424528122	0.10252844542264938	-0.0003840902936644852	-0.00756129901856184	-0.014457997865974903	-0.14221273362636566	-0.07552254945039749	-0.0516425222158432	-0.03553510084748268	-0.17055824398994446	0.1146417111158371	-0.09487815201282501	0.05044056102633476	-0.15480872988700867	0.004570788238197565	-0.0475146509706974	0.06268508732318878	-0.15768326818943024	-0.03973495215177536	0.0749296098947525	-0.0636475533246994	-0.014939149841666222	-0.18232659995555878	0.11002202332019806	0.033311471343040466	0.04544375464320183	0.052192844450473785	0.09962007403373718	0.13307887315750122	0.021998144686222076	0.03828279674053192	-0.23679882287979126	-0.08169032633304596	0.14197185635566711	0.09899993985891342	-0.109363853931427	0.06706282496452332	0.08847935497760773	0.09922363609075546	-0.12017592042684555	0.061857812106609344	-0.17577232420444489
-0.005540368612855673	-0.054458703845739365	0.19335728883743286	-0.12146791815757751	0.08708678185939789	-0.21519604325294495	0.043468210846185684	0.36058688163757324	-0.26860904693603516	0.21727363765239716	-0.055457185953855515	-0.0405566543340683	-0.13622482120990753	-0.10254823416471481	-0.14214447140693665	0.042477741837501526	0.017620446160435677	-0.055427100509405136	0.2035757154226303	-0.18367807567119598	-0.0552368201315403	-0.08701888471841812	0.07527358829975128	-0.10785757005214691	0.03132752701640129	0.1805586963891983	-0.08199991285800934	0.22151057422161102	0.12624140083789825	0.14220429956912994	-0.038041383028030396	0.1632213443517685	-0.12135707587003708	-0.021099889650940895	-0.04568194970488548	0.15763282775878906	-0.16149963438510895	0.04013597220182419	-0.16431353986263275	0.16627410054206848	-0.07711447775363922	-0.13113819062709808	0.15115609765052795	-0.06464514881372452	0.11536218971014023	-0.03478730097413063	-0.06160518154501915	0.039699800312519073	-0.09437654167413712	-0.26571717858314514	-0.19669049978256226	-0.1498437076807022	-0.09176716208457947	0.2605834901332855	0.14555470645427704	-0.2030772566795349	-0.19322988390922546	0.1218579038977623	-0.08389946073293686	-0.08823947608470917	-0.06352748721837997	0.11558254808187485	0.0036305042449384928	0.1525002270936966
-0.07433612644672394	0.04944539815187454	-0.12472765892744064	0.08360902220010757	-0.05512083321809769	0.09909230470657349	0.06381590664386749	-0.031858835369348526	0.041558727622032166	-0.0608585886657238	-0.000545004615560174	0.09172520786523819	0.054548345506191254	-0.08035594969987869	0.011707024648785591	-0.003024728037416935	0.07149409502744675	-0.020776905119419098	-0.012386403977870941	-0.04822733253240585	-0.05423537269234657	0.01671617664396763	-0.0734582394361496	0.0879814550280571	-0.0607786700129509	0.06495903432369232	-0.05310641974210739	-0.06970535963773727	-0.10276991128921509	-0.023150237277150154	-0.02130979113280773	-0.048095814883708954	-0.005666122771799564	0.04321169853210449	0.046491589397192	-0.07808869332075119	0.10227972269058228	-0.05852265655994415	0.053302548825740814	0.07206448912620544	-0.0758686289191246	-0.0724669024348259	0.05191656947135925	-0.06705943495035172	0.025406809523701668	0.023338785395026207	0.016545327380299568	-0.027595100924372673	-0.07019542157649994	0.07632608711719513	-0.0541495643556118	-0.06362883746623993	-0.05727265402674675	0.006307053379714489	0.06686732918024063	-0.007214631885290146	0.1062275767326355	0.01579524576663971	0.07050888240337372	0.023257290944457054	-0.05829266831278801	0.0006626701797358692	-0.042199913412332535	-0.12078343331813812
0.07503528892993927	-0.07813660055398941	-0.035519637167453766	-0.06660005450248718	-0.02356291562318802	-0.06157143786549568	-0.09152036905288696	0.04145602881908417	-0.04127298295497894	-0.043174274265766144	-0.06487090140581131	-0.026572583243250847	0.09943315386772156	0.026079880073666573	0.008672775700688362	-0.0896645113825798	0.07776721566915512	0.04944820702075958	0.0728764533996582	-0.05984607711434364	-0.04163778945803642	0.05004660785198212	-0.1025107353925705	0.0072568305768072605	0.016080915927886963	0.002089451299980283	-0.08172490447759628	-0.004635803867131472	-0.1016170009970665	-0.0019467694219201803	0.03233078122138977	-0.09206783026456833	0.05738421157002449	0.049550265073776245	0.08714835345745087	-0.018268397077918053	-0.09389734268188477	0.05358891934156418	-0.010087031871080399	-0.025441767647862434	0.046378348022699356	-0.08315879851579666	0.039503660053014755	0.08481252938508987	0.06782983988523483	0.06252649426460266	0.08059126138687134	0.05088506266474724	0.06974808871746063	-0.08673711866140366	0.05887484923005104	-0.02830049768090248	-0.03711850941181183	-0.039953891187906265	0.006857139524072409	0.032712142914533615	0.09208023548126221	0.0004012262506876141	-0.055822692811489105	0.06617839634418488	0.02718641236424446	-0.06816215813159943	-0.0234310794621706	0.06260214000940323
-0.005540368612855673	-0.054458703845739365	0.19335728883743286	-0.12146791815757751	0.08708678185939789	-0.21519604325294495	0.043468210846185684	0.36058688163757324	-0.26860904693603516	0.21727363765239716	-0.055457185953855515	-0.0405566543340683	-0.13622482120990753	-0.10254823416471481	-0.14214447140693665	0.042477741837501526	0.017620446160435677	-0.055427100509405136	0.2035757154226303	-0.18367807567119598	-0.0552368201315403	-0.08701888471841812	0.07527358829975128	-0.10785757005214691	0.03132752701640129	0.1805586963891983	-0.08199991285800934	0.22151057422161102	0.12624140083789825	0.14220429956912994	-0.038041383028030396	0.1632213443517685	-0.12135707587003708	-0.021099889650940895	-0.04568194970488548	0.15763282775878906	-0.16149963438510895	0.04013597220182419	-0.16431353986263275	0.16627410054206848	-0.07711447775363922	-0.13113819062709808	0.15115609765052795	-0.06464514881372452	0.11536218971014023	-0.03478730097413063	-0.06160518154501915	0.039699800312519073	-0.09437654167413712	-0.26571717858314514	-0.19669049978256226	-0.1498437076807022	-0.09176716208457947	0.2605834901332855	0.14555470645427704	-0.2030772566795349	-0.19322988390922546	0.1218579038977623	-0.08389946073293686	-0.08823947608470917	-0.06352748721837997	0.11558254808187485	0.0036305042449384928	0.1525002270936966
-0.08726175874471664	0.007258223369717598	-0.11909319460391998	0.13861703872680664	0.11462821066379547	0.0933363065123558	-0.0031730325426906347	-0.24926869571208954	0.21963173151016235	-0.14526309072971344	0.0842147246003151	0.15545527637004852	0.15138570964336395	-0.02171877585351467	0.16369269788265228	-0.001529867760837078	-0.05965366214513779	0.046305444091558456	-0.09091267734766006	0.15399831533432007	0.09767749905586243	0.07787619531154633	-0.10700475424528122	0.10252844542264938	-0.0003840902936644852	-0.00756129901856184	-0.014457997865974903	-0.14221273362636566	-0.07552254945039749	-0.0516425222158432	-0.03553510084748268	-0.17055824398994446	0.1146417111158371	-0.09487815201282501	0.05044056102633476	-0.15480872988700867	0.004570788238197565	-0.0475146509706974	0.06268508732318878	-0.15768326818943024	-0.03973495215177536	0.0749296098947525	-0.0636475533246994	-0.014939149841666222	-0.18232659995555878	0.11002202332019806	0.033311471343040466	0.04544375464320183	0.052192844450473785	0.09962007403373718	0.13307887315750122	0.021998144686222076	0.03828279674053192	-0.23679882287979126	-0.08169032633304596	0.14197185635566711	0.09899993985891342	-0.109363853931427	0.06706282496452332	0.08847935497760773	0.09922363609075546	-0.12017592042684555	0.061857812106609344	-0.17577232420444489
-0.08726175874471664	0.007258223369717598	-0.11909319460391998	0.13861703872680664	0.11462821066379547	0.0933363065123558	-0.0031730325426906347	-0.24926869571208954	0.21963173151016235	-0.14526309072971344	0.0842147246003151	0.15545527637004852	0.15138570964336395	-0.02171877585351467	0.16369269788265228	-0.001529867760837078	-0.05965366214513779	0.046305444091558456	-0.09091267734766006	0.15399831533432007	0.09767749905586243	0.07787619531154633	-0.10700475424528122	0.10252844542264938	-0.0003840902936644852	-0.00756129901856184	-0.014457997865974903	-0.14221273362636566	-0.07552254945039749	-0.0516425222158432	-0.03553510084748268	-0.17055824398994446	0.1146417111158371	-0.09487815201282501	0.05044056102633476	-0.15480872988700867	0.004570788238197565	-0.0475146509706974	0.06268508732318878	-0.15768326818943024	-0.03973495215177536	0.0749296098947525	-0.0636475533246994	-0.014939149841666222	-0.18232659995555878	0.11002202332019806	0.033311471343040466	0.04544375464320183	0.052192844450473785	0.09962007403373718	0.13307887315750122	0.021998144686222076	0.03828279674053192	-0.23679882287979126	-0.08169032633304596	0.14197185635566711	0.09899993985891342	-0.109363853931427	0.06706282496452332	0.08847935497760773	0.09922363609075546	-0.12017592042684555	0.061857812106609344	-0.17577232420444489
-0.005540368612855673	-0.054458703845739365	0.19335728883743286	-0.12146791815757751	0.08708678185939789	-0.21519604325294495	0.043468210846185684	0.36058688163757324	-0.26860904693603516	0.21727363765239716	-0.055457185953855515	-0.0405566543340683	-0.13622482120990753	-0.10254823416471481	-0.14214447140693665	0.042477741837501526	0.017620446160435677	-0.055427100509405136	0.2035757154226303	-0.18367807567119598	-0.0552368201315403	-0.08701888471841812	0.07527358829975128	-0.10785757005214691	0.03132752701640129	0.1805586963891983	-0.08199991285800934	0.22151057422161102	0.12624140083789825	0.14220429956912994	-0.038041383028030396	0.1632213443517685	-0.12135707587003708	-0.021099889650940895	-0.04568194970488548	0.15763282775878906	-0.16149963438510895	0.04013597220182419	-0.16431353986263275	0.16627410054206848	-0.07711447775363922	-0.13113819062709808	0.15115609765052795	-0.06464514881372452	0.11536218971014023	-0.03478730097413063	-0.06160518154501915	0.039699800312519073	-0.09437654167413712	-0.26571717858314514	-0.19669049978256226	-0.1498437076807022	-0.09176716208457947	0.2605834901332855	0.14555470645427704	-0.2030772566795349	-0.19322988390922546	0.1218579038977623	-0.08389946073293686	-0.08823947608470917	-0.06352748721837997	0.11558254808187485	0.0036305042449384928	0.1525002270936966
-0.08726175874471664	0.007258223369717598	-0.11909319460391998	0.13861703872680664	0.11462821066379547	0.0933363065123558	-0.0031730325426906347	-0.24926869571208954	0.21963173151016235	-0.14526309072971344	0.0842147246003151	0.15545527637004852	0.15138570964336395	-0.02171877585351467	0.16369269788265228	-0.001529867760837078	-0.05965366214513779	0.046305444091558456	-0.09091267734766006	0.15399831533432007	0.09767749905586243	0.07787619531154633	-0.10700475424528122	0.10252844542264938	-0.0003840902936644852	-0.00756129901856184	-0.014457997865974903	-0.14221273362636566	-0.07552254945039749	-0.0516425222158432	-0.03553510084748268	-0.17055824398994446	0.1146417111158371	-0.09487815201282501	0.05044056102633476	-0.15480872988700867	0.004570788238197565	-0.0475146509706974	0.06268508732318878	-0.15768326818943024	-0.03973495215177536	0.0749296098947525	-0.0636475533246994	-0.014939149841666222	-0.18232659995555878	0.11002202332019806	0.033311471343040466	0.04544375464320183	0.052192844450473785	0.09962007403373718	0.13307887315750122	0.021998144686222076	0.03828279674053192	-0.23679882287979126	-0.08169032633304596	0.14197185635566711	0.09899993985891342	-0.109363853931427	0.06706282496452332	0.08847935497760773	0.09922363609075546	-0.12017592042684555	0.061857812106609344	-0.17577232420444489
-0.005540368612855673	-0.054458703845739365	0.19335728883743286	-0.12146791815757751	0.08708678185939789	-0.21519604325294495	0.043468210846185684	0.36058688163757324	-0.26860904693603516	0.21727363765239716	-0.055457185953855515	-0.0405566543340683	-0.13622482120990753	-0.10254823416471481	-0.14214447140693665	0.042477741837501526	0.017620446160435677	-0.055427100509405136	0.2035757154226303	-0.18367807567119598	-0.0552368201315403	-0.08701888471841812	0.07527358829975128	-0.10785757005214691	0.03132752701640129	0.1805586963891983	-0.08199991285800934	0.22151057422161102	0.12624140083789825	0.14220429956912994	-0.038041383028030396	0.1632213443517685	-0.12135707587003708	-0.021099889650940895	-0.04568194970488548	0.15763282775878906	-0.16149963438510895	0.04013597220182419	-0.16431353986263275	0.16627410054206848	-0.07711447775363922	-0.13113819062709808	0.15115609765052795	-0.06464514881372452	0.11536218971014023	-0.03478730097413063	-0.06160518154501915	0.039699800312519073	-0.09437654167413712	-0.26571717858314514	-0.19669049978256226	-0.1498437076807022	-0.09176716208457947	0.2605834901332855	0.14555470645427704	-0.2030772566795349	-0.19322988390922546	0.1218579038977623	-0.08389946073293686	-0.08823947608470917	-0.06352748721837997	0.11558254808187485	0.0036305042449384928	0.1525002270936966
-0.08726175874471664	0.007258223369717598	-0.11909319460391998	0.13861703872680664	0.11462821066379547	0.0933363065123558	-0.0031730325426906347	-0.24926869571208954	0.21963173151016235	-0.14526309072971344	0.0842147246003151	0.15545527637004852	0.15138570964336395	-0.02171877585351467	0.16369269788265228	-0.001529867760837078	-0.05965366214513779	0.046305444091558456	-0.09091267734766006	0.15399831533432007	0.09767749905586243	0.07787619531154633	-0.10700475424528122	0.10252844542264938	-0.0003840902936644852	-0.00756129901856184	-0.014457997865974903	-0.14221273362636566	-0.07552254945039749	-0.0516425222158432	-0.03553510084748268	-0.17055824398994446	0.1146417111158371	-0.09487815201282501	0.05044056102633476	-0.15480872988700867	0.004570788238197565	-0.0475146509706974	0.06268508732318878	-0.15768326818943024	-0.03973495215177536	0.0749296098947525	-0.0636475533246994	-0.014939149841666222	-0.18232659995555878	0.11002202332019806	0.033311471343040466	0.04544375464320183	0.052192844450473785	0.09962007403373718	0.13307887315750122	0.021998144686222076	0.03828279674053192	-0.23679882287979126	-0.08169032633304596	0.14197185635566711	0.09899993985891342	-0.109363853931427	0.06706282496452332	0.08847935497760773	0.09922363609075546	-0.12017592042684555	0.061857812106609344	-0.17577232420444489
-0.08726175874471664	0.007258223369717598	-0.11909319460391998	0.13861703872680664	0.11462821066379547	0.0933363065123558	-0.0031730325426906347	-0.24926869571208954	0.21963173151016235	-0.14526309072971344	0.0842147246003151	0.15545527637004852	0.15138570964336395	-0.02171877585351467	0.16369269788265228	-0.001529867760837078	-0.05965366214513779	0.046305444091558456	-0.09091267734766006	0.15399831533432007	0.09767749905586243	0.07787619531154633	-0.10700475424528122	0.10252844542264938	-0.0003840902936644852	-0.00756129901856184	-0.014457997865974903	-0.14221273362636566	-0.07552254945039749	-0.0516425222158432	-0.03553510084748268	-0.17055824398994446	0.1146417111158371	-0.09487815201282501	0.05044056102633476	-0.15480872988700867	0.004570788238197565	-0.0475146509706974	0.06268508732318878	-0.15768326818943024	-0.03973495215177536	0.0749296098947525	-0.0636475533246994	-0.014939149841666222	-0.18232659995555878	0.11002202332019806	0.033311471343040466	0.04544375464320183	0.052192844450473785	0.09962007403373718	0.13307887315750122	0.021998144686222076	0.03828279674053192	-0.23679882287979126	-0.08169032633304596	0.14197185635566711	0.09899993985891342	-0.109363853931427	0.06706282496452332	0.08847935497760773	0.09922363609075546	-0.12017592042684555	0.061857812106609344	-0.17577232420444489
-0.08726175874471664	0.007258223369717598	-0.11909319460391998	0.13861703872680664	0.11462821066379547	0.0933363065123558	-0.0031730325426906347	-0.24926869571208954	0.21963173151016235	-0.14526309072971344	0.0842147246003151	0.15545527637004852	0.15138570964336395	-0.02171877585351467	0.16369269788265228	-0.001529867760837078	-0.05965366214513779	0.046305444091558456	-0.09091267734766006	0.15399831533432007	0.09767749905586243	0.07787619531154633	-0.10700475424528122	0.10252844542264938	-0.0003840902936644852	-0.00756129901856184	-0.014457997865974903	-0.14221273362636566	-0.07552254945039749	-0.0516425222158432	-0.03553510084748268	-0.17055824398994446	0.1146417111158371	-0.09487815201282501	0.05044056102633476	-0.15480872988700867	0.004570788238197565	-0.0475146509706974	0.06268508732318878	-0.15768326818943024	-0.03973495215177536	0.0749296098947525	-0.0636475533246994	-0.014939149841666222	-0.18232659995555878	0.11002202332019806	0.033311471343040466	0.04544375464320183	0.052192844450473785	0.09962007403373718	0.13307887315750122	0.021998144686222076	0.03828279674053192	-0.23679882287979126	-0.08169032633304596	0.14197185635566711	0.09899993985891342	-0.109363853931427	0.06706282496452332	0.08847935497760773	0.09922363609075546	-0.12017592042684555	0.061857812106609344	-0.17577232420444489
-0.005540368612855673	-0.054458703845739365	0.19335728883743286	-0.12146791815757751	0.08708678185939789	-0.21519604325294495	0.043468210846185684	0.36058688163757324	-0.26860904693603516	0.21727363765239716	-0.055457185953855515	-0.0405566543340683	-0.13622482120990753	-0.10254823416471481	-0.14214447140693665	0.042477741837501526	0.017620446160435677	-0.055427100509405136	0.2035757154226303	-0.18367807567119598	-0.0552368201315403	-0.08701888471841812	0.07527358829975128	-0.10785757005214691	0.03132752701640129	0.1805586963891983	-0.08199991285800934	0.22151057422161102	0.12624140083789825	0.14220429956912994	-0.038041383028030396	0.1632213443517685	-0.12135707587003708	-0.021099889650940895	-0.04568194970488548	0.15763282775878906	-0.16149963438510895	0.04013597220182419	-0.16431353986263275	0.16627410054206848	-0.07711447775363922	-0.13113819062709808	0.15115609765052795	-0.06464514881372452	0.11536218971014023	-0.03478730097413063	-0.06160518154501915	0.039699800312519073	-0.09437654167413712	-0.26571717858314514	-0.19669049978256226	-0.1498437076807022	-0.09176716208457947	0.2605834901332855	0.14555470645427704	-0.2030772566795349	-0.19322988390922546	0.1218579038977623	-0.08389946073293686	-0.08823947608470917	-0.06352748721837997	0.11558254808187485	0.0036305042449384928	0.1525002270936966
-0.08726175874471664	0.007258223369717598	-0.11909319460391998	0.13861703872680664	0.11462821066379547	0.0933363065123558	-0.0031730325426906347	-0.24926869571208954	0.21963173151016235	-0.14526309072971344	0.0842147246003151	0.15545527637004852	0.15138570964336395	-0.02171877585351467	0.16369269788265228	-0.001529867760837078	-0.05965366214513779	0.046305444091558456	-0.09091267734766006	0.15399831533432007	0.09767749905586243	0.07787619531154633	-0.10700475424528122	0.10252844542264938	-0.0003840902936644852	-0.00756129901856184	-0.014457997865974903	-0.14221273362636566	-0.07552254945039749	-0.0516425222158432	-0.03553510084748268	-0.17055824398994446	0.1146417111158371	-0.09487815201282501	0.05044056102633476	-0.15480872988700867	0.004570788238197565	-0.0475146509706974	0.06268508732318878	-0.15768326818943024	-0.03973495215177536	0.0749296098947525	-0.0636475533246994	-0.014939149841666222	-0.18232659995555878	0.11002202332019806	0.033311471343040466	0.04544375464320183	0.052192844450473785	0.09962007403373718	0.13307887315750122	0.021998144686222076	0.03828279674053192	-0.23679882287979126	-0.08169032633304596	0.14197185635566711	0.09899993985891342	-0.109363853931427	0.06706282496452332	0.08847935497760773	0.09922363609075546	-0.12017592042684555	0.061857812106609344	-0.17577232420444489
-0.005540368612855673	-0.054458703845739365	0.19335728883743286	-0.12146791815757751	0.08708678185939789	-0.21519604325294495	0.043468210846185684	0.36058688163757324	-0.26860904693603516	0.21727363765239716	-0.055457185953855515	-0.0405566543340683	-0.13622482120990753	-0.10254823416471481	-0.14214447140693665	0.042477741837501526	0.017620446160435677	-0.055427100509405136	0.2035757154226303	-0.18367807567119598	-0.0552368201315403	-0.08701888471841812	0.07527358829975128	-0.10785757005214691	0.03132752701640129	0.1805586963891983	-0.08199991285800934	0.22151057422161102	0.12624140083789825	0.14220429956912994	-0.038041383028030396	0.1632213443517685	-0.12135707587003708	-0.021099889650940895	-0.04568194970488548	0.15763282775878906	-0.16149963438510895	0.04013597220182419	-0.16431353986263275	0.16627410054206848	-0.07711447775363922	-0.13113819062709808	0.15115609765052795	-0.06464514881372452	0.11536218971014023	-0.03478730097413063	-0.06160518154501915	0.039699800312519073	-0.09437654167413712	-0.26571717858314514	-0.19669049978256226	-0.1498437076807022	-0.09176716208457947	0.2605834901332855	0.14555470645427704	-0.2030772566795349	-0.19322988390922546	0.1218579038977623	-0.08389946073293686	-0.08823947608470917	-0.06352748721837997	0.11558254808187485	0.0036305042449384928	0.1525002270936966
-0.08726175874471664	0.007258223369717598	-0.11909319460391998	0.13861703872680664	0.11462821066379547	0.0933363065123558	-0.0031730325426906347	-0.24926869571208954	0.21963173151016235	-0.14526309072971344	0.0842147246003151	0.15545527637004852	0.15138570964336395	-0.02171877585351467	0.16369269788265228	-0.001529867760837078	-0.05965366214513779	0.046305444091558456	-0.09091267734766006	0.15399831533432007	0.09767749905586243	0.07787619531154633	-0.10700475424528122	0.10252844542264938	-0.0003840902936644852	-0.00756129901856184	-0.014457997865974903	-0.14221273362636566	-0.07552254945039749	-0.0516425222158432	-0.03553510084748268	-0.17055824398994446	0.1146417111158371	-0.09487815201282501	0.05044056102633476	-0.15480872988700867	0.004570788238197565	-0.0475146509706974	0.06268508732318878	-0.15768326818943024	-0.03973495215177536	0.0749296098947525	-0.0636475533246994	-0.014939149841666222	-0.18232659995555878	0.11002202332019806	0.033311471343040466	0.04544375464320183	0.052192844450473785	0.09962007403373718	0.13307887315750122	0.021998144686222076	0.03828279674053192	-0.23679882287979126	-0.08169032633304596	0.14197185635566711	0.09899993985891342	-0.109363853931427	0.06706282496452332	0.08847935497760773	0.09922363609075546	-0.12017592042684555	0.061857812106609344	-0.17577232420444489
-0.07644042372703552	0.03280193731188774	0.028897104784846306	-0.022979067638516426	-0.06401348859071732	-0.03477269783616066	0.0909198597073555	0.037440765649080276	0.056938476860523224	0.06606990098953247	0.009755773469805717	0.03461318463087082	0.06557797640562057	-0.05306678265333176	0.09849721193313599	-0.07069947570562363	-0.039638955146074295	0.08217065036296844	-0.10251548886299133	-0.021876109763979912	-0.04519239813089371	-0.0934620127081871	-0.05616654455661774	0.023945223540067673	-0.04406038299202919	-0.06015566736459732	-0.0761626660823822	-0.013541319407522678	-0.049041472375392914	0.04373232647776604	-0.09184306859970093	-0.05915508419275284	0.023101553320884705	-0.04449049383401871	-0.08854838460683823	0.006678054574877024	0.010253043845295906	0.048299554735422134	-0.08821713179349899	-0.03353710472583771	0.07300599664449692	0.10383927822113037	0.08202988654375076	0.00034052913542836905	-0.0291089229285717	-0.065807044506073	0.09139253199100494	0.09166145324707031	0.0176830030977726	0.08256839960813522	0.09117646515369415	0.06614107638597488	0.0018168878741562366	0.07543604075908661	-0.08159317076206207	-0.037157975137233734	0.012973272241652012	0.09228330850601196	-0.053218379616737366	-0.09666554629802704	-0.10003252327442169	0.00995846837759018	-0.050284527242183685	0.07661447674036026
-0.005540368612855673	-0.054458703845739365	0.19335728883743286	-0.12146791815757751	0.08708678185939789	-0.21519604325294495	0.043468210846185684	0.36058688163757324	-0.26860904693603516	0.21727363765239716	-0.055457185953855515	-0.0405566543340683	-0.13622482120990753	-0.10254823416471481	-0.14214447140693665	0.042477741837501526	0.017620446160435677	-0.055427100509405136	0.2035757154226303	-0.18367807567119598	-0.0552368201315403	-0.08701888471841812	0.07527358829975128	-0.10785757005214691	0.03132752701640129	0.1805586963891983	-0.08199991285800934	0.22151057422161102	0.12624140083789825	0.14220429956912994	-0.038041383028030396	0.1632213443517685	-0.12135707587003708	-0.021099889650940895	-0.04568194970488548	0.15763282775878906	-0.16149963438510895	0.04013597220182419	-0.16431353986263275	0.16627410054206848	-0.07711447775363922	-0.13113819062709808	0.15115609765052795	-0.06464514881372452	0.11536218971014023	-0.03478730097413063	-0.06160518154501915	0.039699800312519073	-0.09437654167413712	-0.26571717858314514	-0.19669049978256226	-0.1498437076807022	-0.09176716208457947	0.2605834901332855	0.14555470645427704	-0.2030772566795349	-0.19322988390922546	0.1218579038977623	-0.08389946073293686	-0.08823947608470917	-0.06352748721837997	0.11558254808187485	0.0036305042449384928	0.1525002270936966
-0.08726175874471664	0.007258223369717598	-0.11909319460391998	0.13861703872680664	0.11462821066379547	0.0933363065123558	-0.0031730325426906347	-0.24926869571208954	0.21963173151016235	-0.14526309072971344	0.0842147246003151	0.15545527637004852	0.15138570964336395	-0.02171877585351467	0.16369269788265228	-0.001529867760837078	-0.05965366214513779	0.046305444091558456	-0.09091267734766006	0.15399831533432007	0.09767749905586243	0.07787619531154633	-0.10700475424528122	0.10252844542264938	-0.0003840902936644852	-0.00756129901856184	-0.014457997865974903	-0.14221273362636566	-0.07552254945039749	-0.0516425222158432	-0.03553510084748268	-0.17055824398994446	0.1146417111158371	-0.09487815201282501	0.05044056102633476	-0.15480872988700867	0.004570788238197565	-0.0475146509706974	0.06268508732318878	-0.15768326818943024	-0.03973495215177536	0.0749296098947525	-0.0636475533246994	-0.014939149841666222	-0.18232659995555878	0.11002202332019806	0.033311471343040466	0.04544375464320183	0.052192844450473785	0.09962007403373718	0.13307887315750122	0.021998144686222076	0.03828279674053192	-0.23679882287979126	-0.08169032633304596	0.14197185635566711	0.09899993985891342	-0.109363853931427	0.06706282496452332	0.08847935497760773	0.09922363609075546	-0.12017592042684555	0.061857812106609344	-0.17577232420444489
-0.07433612644672394	0.04944539815187454	-0.12472765892744064	0.08360902220010757	-0.05512083321809769	0.09909230470657349	0.06381590664386749	-0.031858835369348526	0.041558727622032166	-0.0608585886657238	-0.000545004615560174	0.09172520786523819	0.054548345506191254	-0.08035594969987869	0.011707024648785591	-0.003024728037416935	0.07149409502744675	-0.020776905119419098	-0.012386403977870941	-0.04822733253240585	-0.05423537269234657	0.01671617664396763	-0.0734582394361496	0.0879814550280571	-0.0607786700129509	0.06495903432369232	-0.05310641974210739	-0.06970535963773727	-0.10276991128921509	-0.023150237277150154	-0.02130979113280773	-0.048095814883708954	-0.005666122771799564	0.04321169853210449	0.046491589397192	-0.07808869332075119	0.10227972269058228	-0.05852265655994415	0.053302548825740814	0.07206448912620544	-0.0758686289191246	-0.0724669024348259	0.05191656947135925	-0.06705943495035172	0.025406809523701668	0.023338785395026207	0.016545327380299568	-0.027595100924372673	-0.07019542157649994	0.07632608711719513	-0.0541495643556118	-0.06362883746623993	-0.05727265402674675	0.006307053379714489	0.06686732918024063	-0.007214631885290146	0.1062275767326355	0.01579524576663971	0.07050888240337372	0.023257290944457054	-0.05829266831278801	0.0006626701797358692	-0.042199913412332535	-0.12078343331813812
-0.005540368612855673	-0.054458703845739365	0.19335728883743286	-0.12146791815757751	0.08708678185939789	-0.21519604325294495	0.043468210846185684	0.36058688163757324	-0.26860904693603516	0.21727363765239716	-0.055457185953855515	-0.0405566543340683	-0.13622482120990753	-0.10254823416471481	-0.14214447140693665	0.042477741837501526	0.017620446160435677	-0.055427100509405136	0.2035757154226303	-0.18367807567119598	-0.0552368201315403	-0.08701888471841812	0.07527358829975128	-0.10785757005214691	0.03132752701640129	0.1805586963891983	-0.08199991285800934	0.22151057422161102	0.12624140083789825	0.14220429956912994	-0.038041383028030396	0.1632213443517685	-0.12135707587003708	-0.021099889650940895	-0.04568194970488548	0.15763282775878906	-0.16149963438510895	0.04013597220182419	-0.16431353986263275	0.16627410054206848	-0.07711447775363922	-0.13113819062709808	0.15115609765052795	-0.06464514881372452	0.11536218971014023	-0.03478730097413063	-0.06160518154501915	0.039699800312519073	-0.09437654167413712	-0.26571717858314514	-0.19669049978256226	-0.1498437076807022	-0.09176716208457947	0.2605834901332855	0.14555470645427704	-0.2030772566795349	-0.19322988390922546	0.1218579038977623	-0.08389946073293686	-0.08823947608470917	-0.06352748721837997	0.11558254808187485	0.0036305042449384928	0.1525002270936966
-0.08726175874471664	0.007258223369717598	-0.11909319460391998	0.13861703872680664	0.11462821066379547	0.0933363065123558	-0.0031730325426906347	-0.24926869571208954	0.21963173151016235	-0.14526309072971344	0.0842147246003151	0.15545527637004852	0.15138570964336395	-0.02171877585351467	0.16369269788265228	-0.001529867760837078	-0.05965366214513779	0.046305444091558456	-0.09091267734766006	0.15399831533432007	0.09767749905586243	0.07787619531154633	-0.10700475424528122	0.10252844542264938	-0.0003840902936644852	-0.00756129901856184	-0.014457997865974903	-0.14221273362636566	-0.07552254945039749	-0.0516425222158432	-0.03553510084748268	-0.17055824398994446	0.1146417111158371	-0.09487815201282501	0.05044056102633476	-0.15480872988700867	0.004570788238197565	-0.0475146509706974	0.06268508732318878	-0.15768326818943024	-0.03973495215177536	0.0749296098947525	-0.0636475533246994	-0.014939149841666222	-0.18232659995555878	0.11002202332019806	0.033311471343040466	0.04544375464320183	0.052192844450473785	0.09962007403373718	0.13307887315750122	0.021998144686222076	0.03828279674053192	-0.23679882287979126	-0.08169032633304596	0.14197185635566711	0.09899993985891342	-0.109363853931427	0.06706282496452332	0.08847935497760773	0.09922363609075546	-0.12017592042684555	0.061857812106609344	-0.17577232420444489
-0.08726175874471664	0.007258223369717598	-0.11909319460391998	0.13861703872680664	0.11462821066379547	0.0933363065123558	-0.0031730325426906347	-0.24926869571208954	0.21963173151016235	-0.14526309072971344	0.0842147246003151	0.15545527637004852	0.15138570964336395	-0.02171877585351467	0.16369269788265228	-0.001529867760837078	-0.05965366214513779	0.046305444091558456	-0.09091267734766006	0.15399831533432007	0.09767749905586243	0.07787619531154633	-0.10700475424528122	0.10252844542264938	-0.0003840902936644852	-0.00756129901856184	-0.014457997865974903	-0.14221273362636566	-0.07552254945039749	-0.0516425222158432	-0.03553510084748268	-0.17055824398994446	0.1146417111158371	-0.09487815201282501	0.05044056102633476	-0.15480872988700867	0.004570788238197565	-0.0475146509706974	0.06268508732318878	-0.15768326818943024	-0.03973495215177536	0.0749296098947525	-0.0636475533246994	-0.014939149841666222	-0.18232659995555878	0.11002202332019806	0.033311471343040466	0.04544375464320183	0.052192844450473785	0.09962007403373718	0.13307887315750122	0.021998144686222076	0.03828279674053192	-0.23679882287979126	-0.08169032633304596	0.14197185635566711	0.09899993985891342	-0.109363853931427	0.06706282496452332	0.08847935497760773	0.09922363609075546	-0.12017592042684555	0.061857812106609344	-0.17577232420444489
-0.005540368612855673	-0.054458703845739365	0.19335728883743286	-0.12146791815757751	0.08708678185939789	-0.21519604325294495	0.043468210846185684	0.36058688163757324	-0.26860904693603516	0.21727363765239716	-0.055457185953855515	-0.0405566543340683	-0.13622482120990753	-0.10254823416471481	-0.14214447140693665	0.042477741837501526	0.017620446160435677	-0.055427100509405136	0.2035757154226303	-0.18367807567119598	-0.0552368201315403	-0.08701888471841812	0.07527358829975128	-0.10785757005214691	0.03132752701640129	0.1805586963891983	-0.08199991285800934	0.22151057422161102	0.12624140083789825	0.14220429956912994	-0.038041383028030396	0.1632213443517685	-0.12135707587003708	-0.021099889650940895	-0.04568194970488548	0.15763282775878906	-0.16149963438510895	0.04013597220182419	-0.16431353986263275	0.16627410054206848	-0.07711447775363922	-0.13113819062709808	0.15115609765052795	-0.06464514881372452	0.11536218971014023	-0.03478730097413063	-0.06160518154501915	0.039699800312519073	-0.09437654167413712	-0.26571717858314514	-0.19669049978256226	-0.1498437076807022	-0.09176716208457947	0.2605834901332855	0.14555470645427704	-0.2030772566795349	-0.19322988390922546	0.1218579038977623	-0.08389946073293686	-0.08823947608470917	-0.06352748721837997	0.11558254808187485	0.0036305042449384928	0.1525002270936966
-0.08726175874471664	0.007258223369717598	-0.11909319460391998	0.13861703872680664	0.11462821066379547	0.0933363065123558	-0.0031730325426906347	-0.24926869571208954	0.21963173151016235	-0.14526309072971344	0.0842147246003151	0.15545527637004852	0.15138570964336395	-0.02171877585351467	0.16369269788265228	-0.001529867760837078	-0.05965366214513779	0.046305444091558456	-0.09091267734766006	0.15399831533432007	0.09767749905586243	0.07787619531154633	-0.10700475424528122	0.10252844542264938	-0.0003840902936644852	-0.00756129901856184	-0.014457997865974903	-0.14221273362636566	-0.07552254945039749	-0.0516425222158432	-0.03553510084748268	-0.17055824398994446	0.1146417111158371	-0.09487815201282501	0.05044056102633476	-0.15480872988700867	0.004570788238197565	-0.0475146509706974	0.06268508732318878	-0.15768326818943024	-0.03973495215177536	0.0749296098947525	-0.0636475533246994	-0.014939149841666222	-0.18232659995555878	0.11002202332019806	0.033311471343040466	0.04544375464320183	0.052192844450473785	0.09962007403373718	0.13307887315750122	0.021998144686222076	0.03828279674053192	-0.23679882287979126	-0.08169032633304596	0.14197185635566711	0.09899993985891342	-0.109363853931427	0.06706282496452332	0.08847935497760773	0.09922363609075546	-0.12017592042684555	0.061857812106609344	-0.17577232420444489
-0.08726175874471664	0.007258223369717598	-0.11909319460391998	0.13861703872680664	0.11462821066379547	0.0933363065123558	-0.0031730325426906347	-0.24926869571208954	0.21963173151016235	-0.14526309072971344	0.0842147246003151	0.15545527637004852	0.15138570964336395	-0.02171877585351467	0.16369269788265228	-0.001529867760837078	-0.05965366214513779	0.046305444091558456	-0.09091267734766006	0.15399831533432007	0.09767749905586243	0.07787619531154633	-0.10700475424528122	0.10252844542264938	-0.0003840902936644852	-0.00756129901856184	-0.014457997865974903	-0.14221273362636566	-0.07552254945039749	-0.0516425222158432	-0.03553510084748268	-0.17055824398994446	0.1146417111158371	-0.09487815201282501	0.05044056102633476	-0.15480872988700867	0.004570788238197565	-0.0475146509706974	0.06268508732318878	-0.15768326818943024	-0.03973495215177536	0.0749296098947525	-0.0636475533246994	-0.014939149841666222	-0.18232659995555878	0.11002202332019806	0.033311471343040466	0.04544375464320183	0.052192844450473785	0.09962007403373718	0.13307887315750122	0.021998144686222076	0.03828279674053192	-0.23679882287979126	-0.08169032633304596	0.14197185635566711	0.09899993985891342	-0.109363853931427	0.06706282496452332	0.08847935497760773	0.09922363609075546	-0.12017592042684555	0.061857812106609344	-0.17577232420444489
-0.005540368612855673	-0.054458703845739365	0.19335728883743286	-0.12146791815757751	0.08708678185939789	-0.21519604325294495	0.043468210846185684	0.36058688163757324	-0.26860904693603516	0.21727363765239716	-0.055457185953855515	-0.0405566543340683	-0.13622482120990753	-0.10254823416471481	-0.14214447140693665	0.042477741837501526	0.017620446160435677	-0.055427100509405136	0.2035757154226303	-0.18367807567119598	-0.0552368201315403	-0.08701888471841812	0.07527358829975128	-0.10785757005214691	0.03132752701640129	0.1805586963891983	-0.08199991285800934	0.22151057422161102	0.12624140083789825	0.14220429956912994	-0.038041383028030396	0.1632213443517685	-0.12135707587003708	-0.021099889650940895	-0.04568194970488548	0.15763282775878906	-0.16149963438510895	0.04013597220182419	-0.16431353986263275	0.16627410054206848	-0.07711447775363922	-0.13113819062709808	0.15115609765052795	-0.06464514881372452	0.11536218971014023	-0.03478730097413063	-0.06160518154501915	0.039699800312519073	-0.09437654167413712	-0.26571717858314514	-0.19669049978256226	-0.1498437076807022	-0.09176716208457947	0.2605834901332855	0.14555470645427704	-0.2030772566795349	-0.19322988390922546	0.1218579038977623	-0.08389946073293686	-0.08823947608470917	-0.06352748721837997	0.11558254808187485	0.0036305042449384928	0.1525002270936966
-0.005540368612855673	-0.054458703845739365	0.19335728883743286	-0.12146791815757751	0.08708678185939789	-0.21519604325294495	0.043468210846185684	0.36058688163757324	-0.26860904693603516	0.21727363765239716	-0.055457185953855515	-0.0405566543340683	-0.13622482120990753	-0.10254823416471481	-0.14214447140693665	0.042477741837501526	0.017620446160435677	-0.055427100509405136	0.2035757154226303	-0.18367807567119598	-0.0552368201315403	-0.08701888471841812	0.07527358829975128	-0.10785757005214691	0.03132752701640129	0.1805586963891983	-0.08199991285800934	0.22151057422161102	0.12624140083789825	0.14220429956912994	-0.038041383028030396	0.1632213443517685	-0.12135707587003708	-0.021099889650940895	-0.04568194970488548	0.15763282775878906	-0.16149963438510895	0.04013597220182419	-0.16431353986263275	0.16627410054206848	-0.07711447775363922	-0.13113819062709808	0.15115609765052795	-0.06464514881372452	0.11536218971014023	-0.03478730097413063	-0.06160518154501915	0.039699800312519073	-0.09437654167413712	-0.26571717858314514	-0.19669049978256226	-0.1498437076807022	-0.09176716208457947	0.2605834901332855	0.14555470645427704	-0.2030772566795349	-0.19322988390922546	0.1218579038977623	-0.08389946073293686	-0.08823947608470917	-0.06352748721837997	0.11558254808187485	0.0036305042449384928	0.1525002270936966
-0.005540368612855673	-0.054458703845739365	0.19335728883743286	-0.12146791815757751	0.08708678185939789	-0.21519604325294495	0.043468210846185684	0.36058688163757324	-0.26860904693603516	0.21727363765239716	-0.055457185953855515	-0.0405566543340683	-0.13622482120990753	-0.10254823416471481	-0.14214447140693665	0.042477741837501526	0.017620446160435677	-0.055427100509405136	0.2035757154226303	-0.18367807567119598	-0.0552368201315403	-0.08701888471841812	0.07527358829975128	-0.10785757005214691	0.03132752701640129	0.1805586963891983	-0.08199991285800934	0.22151057422161102	0.12624140083789825	0.14220429956912994	-0.038041383028030396	0.1632213443517685	-0.12135707587003708	-0.021099889650940895	-0.04568194970488548	0.15763282775878906	-0.16149963438510895	0.04013597220182419	-0.16431353986263275	0.16627410054206848	-0.07711447775363922	-0.13113819062709808	0.15115609765052795	-0.06464514881372452	0.11536218971014023	-0.03478730097413063	-0.06160518154501915	0.039699800312519073	-0.09437654167413712	-0.26571717858314514	-0.19669049978256226	-0.1498437076807022	-0.09176716208457947	0.2605834901332855	0.14555470645427704	-0.2030772566795349	-0.19322988390922546	0.1218579038977623	-0.08389946073293686	-0.08823947608470917	-0.06352748721837997	0.11558254808187485	0.0036305042449384928	0.1525002270936966
-0.08726175874471664	0.007258223369717598	-0.11909319460391998	0.13861703872680664	0.11462821066379547	0.0933363065123558	-0.0031730325426906347	-0.24926869571208954	0.21963173151016235	-0.14526309072971344	0.0842147246003151	0.15545527637004852	0.15138570964336395	-0.02171877585351467	0.16369269788265228	-0.001529867760837078	-0.05965366214513779	0.046305444091558456	-0.09091267734766006	0.15399831533432007	0.09767749905586243	0.07787619531154633	-0.10700475424528122	0.10252844542264938	-0.0003840902936644852	-0.00756129901856184	-0.014457997865974903	-0.14221273362636566	-0.07552254945039749	-0.0516425222158432	-0.03553510084748268	-0.17055824398994446	0.1146417111158371	-0.09487815201282501	0.05044056102633476	-0.15480872988700867	0.004570788238197565	-0.0475146509706974	0.06268508732318878	-0.15768326818943024	-0.03973495215177536	0.0749296098947525	-0.0636475533246994	-0.014939149841666222	-0.18232659995555878	0.11002202332019806	0.033311471343040466	0.04544375464320183	0.052192844450473785	0.09962007403373718	0.13307887315750122	0.021998144686222076	0.03828279674053192	-0.23679882287979126	-0.08169032633304596	0.14197185635566711	0.09899993985891342	-0.109363853931427	0.06706282496452332	0.08847935497760773	0.09922363609075546	-0.12017592042684555	0.061857812106609344	-0.17577232420444489
-0.08726175874471664	0.007258223369717598	-0.11909319460391998	0.13861703872680664	0.11462821066379547	0.0933363065123558	-0.0031730325426906347	-0.24926869571208954	0.21963173151016235	-0.14526309072971344	0.0842147246003151	0.15545527637004852	0.15138570964336395	-0.02171877585351467	0.16369269788265228	-0.001529867760837078	-0.05965366214513779	0.046305444091558456	-0.09091267734766006	0.15399831533432007	0.09767749905586243	0.07787619531154633	-0.10700475424528122	0.10252844542264938	-0.0003840902936644852	-0.00756129901856184	-0.014457997865974903	-0.14221273362636566	-0.07552254945039749	-0.0516425222158432	-0.03553510084748268	-0.17055824398994446	0.1146417111158371	-0.09487815201282501	0.05044056102633476	-0.15480872988700867	0.004570788238197565	-0.0475146509706974	0.06268508732318878	-0.15768326818943024	-0.03973495215177536	0.0749296098947525	-0.0636475533246994	-0.014939149841666222	-0.18232659995555878	0.11002202332019806	0.033311471343040466	0.04544375464320183	0.052192844450473785	0.09962007403373718	0.13307887315750122	0.021998144686222076	0.03828279674053192	-0.23679882287979126	-0.08169032633304596	0.14197185635566711	0.09899993985891342	-0.109363853931427	0.06706282496452332	0.08847935497760773	0.09922363609075546	-0.12017592042684555	0.061857812106609344	-0.17577232420444489
-0.005540368612855673	-0.054458703845739365	0.19335728883743286	-0.12146791815757751	0.08708678185939789	-0.21519604325294495	0.043468210846185684	0.36058688163757324	-0.26860904693603516	0.21727363765239716	-0.055457185953855515	-0.0405566543340683	-0.13622482120990753	-0.10254823416471481	-0.14214447140693665	0.042477741837501526	0.017620446160435677	-0.055427100509405136	0.2035757154226303	-0.18367807567119598	-0.0552368201315403	-0.08701888471841812	0.07527358829975128	-0.10785757005214691	0.03132752701640129	0.1805586963891983	-0.08199991285800934	0.22151057422161102	0.12624140083789825	0.14220429956912994	-0.038041383028030396	0.1632213443517685	-0.12135707587003708	-0.021099889650940895	-0.04568194970488548	0.15763282775878906	-0.16149963438510895	0.04013597220182419	-0.16431353986263275	0.16627410054206848	-0.07711447775363922	-0.13113819062709808	0.15115609765052795	-0.06464514881372452	0.11536218971014023	-0.03478730097413063	-0.06160518154501915	0.039699800312519073	-0.09437654167413712	-0.26571717858314514	-0.19669049978256226	-0.1498437076807022	-0.09176716208457947	0.2605834901332855	0.14555470645427704	-0.2030772566795349	-0.19322988390922546	0.1218579038977623	-0.08389946073293686	-0.08823947608470917	-0.06352748721837997	0.11558254808187485	0.0036305042449384928	0.1525002270936966
-0.005540368612855673	-0.054458703845739365	0.19335728883743286	-0.12146791815757751	0.08708678185939789	-0.21519604325294495	0.043468210846185684	0.36058688163757324	-0.26860904693603516	0.21727363765239716	-0.055457185953855515	-0.0405566543340683	-0.13622482120990753	-0.10254823416471481	-0.14214447140693665	0.042477741837501526	0.017620446160435677	-0.055427100509405136	0.2035757154226303	-0.18367807567119598	-0.0552368201315403	-0.08701888471841812	0.07527358829975128	-0.10785757005214691	0.03132752701640129	0.1805586963891983	-0.08199991285800934	0.22151057422161102	0.12624140083789825	0.14220429956912994	-0.038041383028030396	0.1632213443517685	-0.12135707587003708	-0.021099889650940895	-0.04568194970488548	0.15763282775878906	-0.16149963438510895	0.04013597220182419	-0.16431353986263275	0.16627410054206848	-0.07711447775363922	-0.13113819062709808	0.15115609765052795	-0.06464514881372452	0.11536218971014023	-0.03478730097413063	-0.06160518154501915	0.039699800312519073	-0.09437654167413712	-0.26571717858314514	-0.19669049978256226	-0.1498437076807022	-0.09176716208457947	0.2605834901332855	0.14555470645427704	-0.2030772566795349	-0.19322988390922546	0.1218579038977623	-0.08389946073293686	-0.08823947608470917	-0.06352748721837997	0.11558254808187485	0.0036305042449384928	0.1525002270936966
-0.08726175874471664	0.007258223369717598	-0.11909319460391998	0.13861703872680664	0.11462821066379547	0.0933363065123558	-0.0031730325426906347	-0.24926869571208954	0.21963173151016235	-0.14526309072971344	0.0842147246003151	0.15545527637004852	0.15138570964336395	-0.02171877585351467	0.16369269788265228	-0.001529867760837078	-0.05965366214513779	0.046305444091558456	-0.09091267734766006	0.15399831533432007	0.09767749905586243	0.07787619531154633	-0.10700475424528122	0.10252844542264938	-0.0003840902936644852	-0.00756129901856184	-0.014457997865974903	-0.14221273362636566	-0.07552254945039749	-0.0516425222158432	-0.03553510084748268	-0.17055824398994446	0.1146417111158371	-0.09487815201282501	0.05044056102633476	-0.15480872988700867	0.004570788238197565	-0.0475146509706974	0.06268508732318878	-0.15768326818943024	-0.03973495215177536	0.0749296098947525	-0.0636475533246994	-0.014939149841666222	-0.18232659995555878	0.11002202332019806	0.033311471343040466	0.04544375464320183	0.052192844450473785	0.09962007403373718	0.13307887315750122	0.021998144686222076	0.03828279674053192	-0.23679882287979126	-0.08169032633304596	0.14197185635566711	0.09899993985891342	-0.109363853931427	0.06706282496452332	0.08847935497760773	0.09922363609075546	-0.12017592042684555	0.061857812106609344	-0.17577232420444489
-0.08726175874471664	0.007258223369717598	-0.11909319460391998	0.13861703872680664	0.11462821066379547	0.0933363065123558	-0.0031730325426906347	-0.24926869571208954	0.21963173151016235	-0.14526309072971344	0.0842147246003151	0.15545527637004852	0.15138570964336395	-0.02171877585351467	0.16369269788265228	-0.001529867760837078	-0.05965366214513779	0.046305444091558456	-0.09091267734766006	0.15399831533432007	0.09767749905586243	0.07787619531154633	-0.10700475424528122	0.10252844542264938	-0.0003840902936644852	-0.00756129901856184	-0.014457997865974903	-0.14221273362636566	-0.07552254945039749	-0.0516425222158432	-0.03553510084748268	-0.17055824398994446	0.1146417111158371	-0.09487815201282501	0.05044056102633476	-0.15480872988700867	0.004570788238197565	-0.0475146509706974	0.06268508732318878	-0.15768326818943024	-0.03973495215177536	0.0749296098947525	-0.0636475533246994	-0.014939149841666222	-0.18232659995555878	0.11002202332019806	0.033311471343040466	0.04544375464320183	0.052192844450473785	0.09962007403373718	0.13307887315750122	0.021998144686222076	0.03828279674053192	-0.23679882287979126	-0.08169032633304596	0.14197185635566711	0.09899993985891342	-0.109363853931427	0.06706282496452332	0.08847935497760773	0.09922363609075546	-0.12017592042684555	0.061857812106609344	-0.17577232420444489
-0.07433612644672394	0.04944539815187454	-0.12472765892744064	0.08360902220010757	-0.05512083321809769	0.09909230470657349	0.06381590664386749	-0.031858835369348526	0.041558727622032166	-0.0608585886657238	-0.000545004615560174	0.09172520786523819	0.054548345506191254	-0.08035594969987869	0.011707024648785591	-0.003024728037416935	0.07149409502744675	-0.020776905119419098	-0.012386403977870941	-0.04822733253240585	-0.05423537269234657	0.01671617664396763	-0.0734582394361496	0.0879814550280571	-0.0607786700129509	0.06495903432369232	-0.05310641974210739	-0.06970535963773727	-0.10276991128921509	-0.023150237277150154	-0.02130979113280773	-0.048095814883708954	-0.005666122771799564	0.04321169853210449	0.046491589397192	-0.07808869332075119	0.10227972269058228	-0.05852265655994415	0.053302548825740814	0.07206448912620544	-0.0758686289191246	-0.0724669024348259	0.05191656947135925	-0.06705943495035172	0.025406809523701668	0.023338785395026207	0.016545327380299568	-0.027595100924372673	-0.07019542157649994	0.07632608711719513	-0.0541495643556118	-0.06362883746623993	-0.05727265402674675	0.006307053379714489	0.06686732918024063	-0.007214631885290146	0.1062275767326355	0.01579524576663971	0.07050888240337372	0.023257290944457054	-0.05829266831278801	0.0006626701797358692	-0.042199913412332535	-0.12078343331813812
0.08116396516561508	0.006310942582786083	0.022666024044156075	-0.0710112452507019	-0.07233849912881851	-0.0014496410731226206	0.07404519617557526	-0.024173710495233536	0.056532230228185654	0.08120176941156387	-0.07378101348876953	-0.048160869628190994	-0.027221372351050377	0.013350208289921284	0.013621262274682522	-0.03941179811954498	-0.01563783921301365	0.04654980078339577	0.07076197862625122	-0.0816512405872345	-0.06828247010707855	-0.07207781821489334	-0.05553498491644859	0.06383857131004333	0.08215837180614471	-0.049400001764297485	-0.04925739765167236	0.029882827773690224	-0.04821844771504402	0.011331534944474697	-0.02791503258049488	-0.08697552233934402	-0.03601594641804695	0.0005842244136147201	-0.09790197014808655	0.0221080482006073	0.02058367244899273	0.011607863940298557	0.08170704543590546	-0.0526919960975647	0.014193526469171047	0.06857618689537048	0.03166358545422554	-0.031849220395088196	0.09623345732688904	-0.014070197939872742	-0.08467811346054077	-0.02204972878098488	0.02614879608154297	0.056857697665691376	0.030889324843883514	-0.009733966551721096	0.028169605880975723	-0.04084246605634689	-0.011094833724200726	-0.04438548535108566	-0.02952338196337223	0.045149024575948715	-0.06341351568698883	0.02507098950445652	-0.05548906326293945	0.08696681261062622	0.0048586903139948845	0.033686600625514984
-0.046601880341768265	-0.08916127681732178	-0.011013776063919067	-0.02156582660973072	-0.01792668178677559	-0.04649884253740311	0.03280356153845787	-0.06287717074155807	0.047341134399175644	-0.07518688589334488	-0.008863299153745174	-0.09737329185009003	-0.01929297484457493	0.08731696009635925	-0.020949384197592735	0.04645351320505142	0.04536091163754463	-0.023591723293066025	-0.01821109466254711	-0.03557388857007027	0.09040860831737518	0.005667515564709902	-0.07205992937088013	-0.0381673127412796	-0.08159685879945755	0.09929967671632767	0.04735174775123596	-0.027698317542672157	0.04503750056028366	0.08853694051504135	-0.0036467108875513077	-0.05844394862651825	-0.03219360485672951	-0.0387788824737072	0.05055199936032295	0.020215969532728195	0.06095343455672264	0.024518132209777832	0.034347593784332275	0.08343218266963959	-0.01319356169551611	-0.08005747199058533	-0.09641528129577637	-0.03263206407427788	-0.03846560791134834	-0.043048154562711716	0.05545903742313385	-0.0361974835395813	-0.06749430298805237	0.007493903860449791	0.02517552487552166	-0.06459129601716995	-0.07180508226156235	0.07303901761770248	-0.036649201065301895	0.051107097417116165	-0.031174128875136375	0.04173678904771805	0.017618151381611824	-0.025274233892560005	-0.0011499077081680298	-0.07172894477844238	0.08089084178209305	0.0438186451792717
-0.07433612644672394	0.04944539815187454	-0.12472765892744064	0.08360902220010757	-0.05512083321809769	0.09909230470657349	0.06381590664386749	-0.031858835369348526	0.041558727622032166	-0.0608585886657238	-0.000545004615560174	0.09172520786523819	0.054548345506191254	-0.08035594969987869	0.011707024648785591	-0.003024728037416935	0.07149409502744675	-0.020776905119419098	-0.012386403977870941	-0.04822733253240585	-0.05423537269234657	0.01671617664396763	-0.0734582394361496	0.0879814550280571	-0.0607786700129509	0.06495903432369232	-0.05310641974210739	-0.06970535963773727	-0.10276991128921509	-0.023150237277150154	-0.02130979113280773	-0.048095814883708954	-0.005666122771799564	0.04321169853210449	0.046491589397192	-0.07808869332075119	0.10227972269058228	-0.05852265655994415	0.053302548825740814	0.07206448912620544	-0.0758686289191246	-0.0724669024348259	0.05191656947135925	-0.06705943495035172	0.025406809523701668	0.023338785395026207	0.016545327380299568	-0.027595100924372673	-0.07019542157649994	0.07632608711719513	-0.0541495643556118	-0.06362883746623993	-0.05727265402674675	0.006307053379714489	0.06686732918024063	-0.007214631885290146	0.1062275767326355	0.01579524576663971	0.07050888240337372	0.023257290944457054	-0.05829266831278801	0.0006626701797358692	-0.042199913412332535	-0.12078343331813812
-0.08726175874471664	0.007258223369717598	-0.11909319460391998	0.13861703872680664	0.11462821066379547	0.0933363065123558	-0.0031730325426906347	-0.24926869571208954	0.21963173151016235	-0.14526309072971344	0.0842147246003151	0.15545527637004852	0.15138570964336395	-0.02171877585351467	0.16369269788265228	-0.001529867760837078	-0.05965366214513779	0.046305444091558456	-0.09091267734766006	0.15399831533432007	0.09767749905586243	0.07787619531154633	-0.10700475424528122	0.10252844542264938	-0.0003840902936644852	-0.00756129901856184	-0.014457997865974903	-0.14221273362636566	-0.07552254945039749	-0.0516425222158432	-0.03553510084748268	-0.17055824398994446	0.1146417111158371	-0.09487815201282501	0.05044056102633476	-0.15480872988700867	0.004570788238197565	-0.0475146509706974	0.06268508732318878	-0.15768326818943024	-0.03973495215177536	0.0749296098947525	-0.0636475533246994	-0.014939149841666222	-0.18232659995555878	0.11002202332019806	0.033311471343040466	0.04544375464320183	0.052192844450473785	0.09962007403373718	0.13307887315750122	0.021998144686222076	0.03828279674053192	-0.23679882287979126	-0.08169032633304596	0.14197185635566711	0.09899993985891342	-0.109363853931427	0.06706282496452332	0.08847935497760773	0.09922363609075546	-0.12017592042684555	0.061857812106609344	-0.17577232420444489
-0.005540368612855673	-0.054458703845739365	0.19335728883743286	-0.12146791815757751	0.08708678185939789	-0.21519604325294495	0.043468210846185684	0.36058688163757324	-0.26860904693603516	0.21727363765239716	-0.055457185953855515	-0.0405566543340683	-0.13622482120990753	-0.10254823416471481	-0.14214447140693665	0.042477741837501526	0.017620446160435677	-0.055427100509405136	0.2035757154226303	-0.18367807567119598	-0.0552368201315403	-0.08701888471841812	0.07527358829975128	-0.10785757005214691	0.03132752701640129	0.1805586963891983	-0.08199991285800934	0.22151057422161102	0.12624140083789825	0.14220429956912994	-0.038041383028030396	0.1632213443517685	-0.12135707587003708	-0.021099889650940895	-0.04568194970488548	0.15763282775878906	-0.16149963438510895	0.04013597220182419	-0.16431353986263275	0.16627410054206848	-0.07711447775363922	-0.13113819062709808	0.15115609765052795	-0.06464514881372452	0.11536218971014023	-0.03478730097413063	-0.06160518154501915	0.039699800312519073	-0.09437654167413712	-0.26571717858314514	-0.19669049978256226	-0.1498437076807022	-0.09176716208457947	0.2605834901332855	0.14555470645427704	-0.2030772566795349	-0.19322988390922546	0.1218579038977623	-0.08389946073293686	-0.08823947608470917	-0.06352748721837997	0.11558254808187485	0.0036305042449384928	0.1525002270936966
-0.08726175874471664	0.007258223369717598	-0.11909319460391998	0.13861703872680664	0.11462821066379547	0.0933363065123558	-0.0031730325426906347	-0.24926869571208954	0.21963173151016235	-0.14526309072971344	0.0842147246003151	0.15545527637004852	0.15138570964336395	-0.02171877585351467	0.16369269788265228	-0.001529867760837078	-0.05965366214513779	0.046305444091558456	-0.09091267734766006	0.15399831533432007	0.09767749905586243	0.07787619531154633	-0.10700475424528122	0.10252844542264938	-0.0003840902936644852	-0.00756129901856184	-0.014457997865974903	-0.14221273362636566	-0.07552254945039749	-0.0516425222158432	-0.03553510084748268	-0.17055824398994446	0.1146417111158371	-0.09487815201282501	0.05044056102633476	-0.15480872988700867	0.004570788238197565	-0.0475146509706974	0.06268508732318878	-0.15768326818943024	-0.03973495215177536	0.0749296098947525	-0.0636475533246994	-0.014939149841666222	-0.18232659995555878	0.11002202332019806	0.033311471343040466	0.04544375464320183	0.052192844450473785	0.09962007403373718	0.13307887315750122	0.021998144686222076	0.03828279674053192	-0.23679882287979126	-0.08169032633304596	0.14197185635566711	0.09899993985891342	-0.109363853931427	0.06706282496452332	0.08847935497760773	0.09922363609075546	-0.12017592042684555	0.061857812106609344	-0.17577232420444489
-0.08726175874471664	0.007258223369717598	-0.11909319460391998	0.13861703872680664	0.11462821066379547	0.0933363065123558	-0.0031730325426906347	-0.24926869571208954	0.21963173151016235	-0.14526309072971344	0.0842147246003151	0.15545527637004852	0.15138570964336395	-0.02171877585351467	0.16369269788265228	-0.001529867760837078	-0.05965366214513779	0.046305444091558456	-0.09091267734766006	0.15399831533432007	0.09767749905586243	0.07787619531154633	-0.10700475424528122	0.10252844542264938	-0.0003840902936644852	-0.00756129901856184	-0.014457997865974903	-0.14221273362636566	-0.07552254945039749	-0.0516425222158432	-0.03553510084748268	-0.17055824398994446	0.1146417111158371	-0.09487815201282501	0.05044056102633476	-0.15480872988700867	0.004570788238197565	-0.0475146509706974	0.06268508732318878	-0.15768326818943024	-0.03973495215177536	0.0749296098947525	-0.0636475533246994	-0.014939149841666222	-0.18232659995555878	0.11002202332019806	0.033311471343040466	0.04544375464320183	0.052192844450473785	0.09962007403373718	0.13307887315750122	0.021998144686222076	0.03828279674053192	-0.23679882287979126	-0.08169032633304596	0.14197185635566711	0.09899993985891342	-0.109363853931427	0.06706282496452332	0.08847935497760773	0.09922363609075546	-0.12017592042684555	0.061857812106609344	-0.17577232420444489
-0.08726175874471664	0.007258223369717598	-0.11909319460391998	0.13861703872680664	0.11462821066379547	0.0933363065123558	-0.0031730325426906347	-0.24926869571208954	0.21963173151016235	-0.14526309072971344	0.0842147246003151	0.15545527637004852	0.15138570964336395	-0.02171877585351467	0.16369269788265228	-0.001529867760837078	-0.05965366214513779	0.046305444091558456	-0.09091267734766006	0.15399831533432007	0.09767749905586243	0.07787619531154633	-0.10700475424528122	0.10252844542264938	-0.0003840902936644852	-0.00756129901856184	-0.014457997865974903	-0.14221273362636566	-0.07552254945039749	-0.0516425222158432	-0.03553510084748268	-0.17055824398994446	0.1146417111158371	-0.09487815201282501	0.05044056102633476	-0.15480872988700867	0.004570788238197565	-0.0475146509706974	0.06268508732318878	-0.15768326818943024	-0.03973495215177536	0.0749296098947525	-0.0636475533246994	-0.014939149841666222	-0.18232659995555878	0.11002202332019806	0.033311471343040466	0.04544375464320183	0.052192844450473785	0.09962007403373718	0.13307887315750122	0.021998144686222076	0.03828279674053192	-0.23679882287979126	-0.08169032633304596	0.14197185635566711	0.09899993985891342	-0.109363853931427	0.06706282496452332	0.08847935497760773	0.09922363609075546	-0.12017592042684555	0.061857812106609344	-0.17577232420444489
-0.07433612644672394	0.04944539815187454	-0.12472765892744064	0.08360902220010757	-0.05512083321809769	0.09909230470657349	0.06381590664386749	-0.031858835369348526	0.041558727622032166	-0.0608585886657238	-0.000545004615560174	0.09172520786523819	0.054548345506191254	-0.08035594969987869	0.011707024648785591	-0.003024728037416935	0.07149409502744675	-0.020776905119419098	-0.012386403977870941	-0.04822733253240585	-0.05423537269234657	0.01671617664396763	-0.0734582394361496	0.0879814550280571	-0.0607786700129509	0.06495903432369232	-0.05310641974210739	-0.06970535963773727	-0.10276991128921509	-0.023150237277150154	-0.02130979113280773	-0.048095814883708954	-0.005666122771799564	0.04321169853210449	0.046491589397192	-0.07808869332075119	0.10227972269058228	-0.05852265655994415	0.053302548825740814	0.07206448912620544	-0.0758686289191246	-0.0724669024348259	0.05191656947135925	-0.06705943495035172	0.025406809523701668	0.023338785395026207	0.016545327380299568	-0.027595100924372673	-0.07019542157649994	0.07632608711719513	-0.0541495643556118	-0.06362883746623993	-0.05727265402674675	0.006307053379714489	0.06686732918024063	-0.007214631885290146	0.1062275767326355	0.01579524576663971	0.07050888240337372	0.023257290944457054	-0.05829266831278801	0.0006626701797358692	-0.042199913412332535	-0.12078343331813812
-0.08726175874471664	0.007258223369717598	-0.11909319460391998	0.13861703872680664	0.11462821066379547	0.0933363065123558	-0.0031730325426906347	-0.24926869571208954	0.21963173151016235	-0.14526309072971344	0.0842147246003151	0.15545527637004852	0.15138570964336395	-0.02171877585351467	0.16369269788265228	-0.001529867760837078	-0.05965366214513779	0.046305444091558456	-0.09091267734766006	0.15399831533432007	0.09767749905586243	0.07787619531154633	-0.10700475424528122	0.10252844542264938	-0.0003840902936644852	-0.00756129901856184	-0.014457997865974903	-0.14221273362636566	-0.07552254945039749	-0.0516425222158432	-0.03553510084748268	-0.17055824398994446	0.1146417111158371	-0.09487815201282501	0.05044056102633476	-0.15480872988700867	0.004570788238197565	-0.0475146509706974	0.06268508732318878	-0.15768326818943024	-0.03973495215177536	0.0749296098947525	-0.0636475533246994	-0.014939149841666222	-0.18232659995555878	0.11002202332019806	0.033311471343040466	0.04544375464320183	0.052192844450473785	0.09962007403373718	0.13307887315750122	0.021998144686222076	0.03828279674053192	-0.23679882287979126	-0.08169032633304596	0.14197185635566711	0.09899993985891342	-0.109363853931427	0.06706282496452332	0.08847935497760773	0.09922363609075546	-0.12017592042684555	0.061857812106609344	-0.17577232420444489
-0.08726175874471664	0.007258223369717598	-0.11909319460391998	0.13861703872680664	0.11462821066379547	0.0933363065123558	-0.0031730325426906347	-0.24926869571208954	0.21963173151016235	-0.14526309072971344	0.0842147246003151	0.15545527637004852	0.15138570964336395	-0.02171877585351467	0.16369269788265228	-0.001529867760837078	-0.05965366214513779	0.046305444091558456	-0.09091267734766006	0.15399831533432007	0.09767749905586243	0.07787619531154633	-0.10700475424528122	0.10252844542264938	-0.0003840902936644852	-0.00756129901856184	-0.014457997865974903	-0.14221273362636566	-0.07552254945039749	-0.0516425222158432	-0.03553510084748268	-0.17055824398994446	0.1146417111158371	-0.09487815201282501	0.05044056102633476	-0.15480872988700867	0.004570788238197565	-0.0475146509706974	0.06268508732318878	-0.15768326818943024	-0.03973495215177536	0.0749296098947525	-0.0636475533246994	-0.014939149841666222	-0.18232659995555878	0.11002202332019806	0.033311471343040466	0.04544375464320183	0.052192844450473785	0.09962007403373718	0.13307887315750122	0.021998144686222076	0.03828279674053192	-0.23679882287979126	-0.08169032633304596	0.14197185635566711	0.09899993985891342	-0.109363853931427	0.06706282496452332	0.08847935497760773	0.09922363609075546	-0.12017592042684555	0.061857812106609344	-0.17577232420444489
-0.005540368612855673	-0.054458703845739365	0.19335728883743286	-0.12146791815757751	0.08708678185939789	-0.21519604325294495	0.043468210846185684	0.36058688163757324	-0.26860904693603516	0.21727363765239716	-0.055457185953855515	-0.0405566543340683	-0.13622482120990753	-0.10254823416471481	-0.14214447140693665	0.042477741837501526	0.017620446160435677	-0.055427100509405136	0.2035757154226303	-0.18367807567119598	-0.0552368201315403	-0.08701888471841812	0.07527358829975128	-0.10785757005214691	0.03132752701640129	0.1805586963891983	-0.08199991285800934	0.22151057422161102	0.12624140083789825	0.14220429956912994	-0.038041383028030396	0.1632213443517685	-0.12135707587003708	-0.021099889650940895	-0.04568194970488548	0.15763282775878906	-0.16149963438510895	0.04013597220182419	-0.16431353986263275	0.16627410054206848	-0.07711447775363922	-0.13113819062709808	0.15115609765052795	-0.06464514881372452	0.11536218971014023	-0.03478730097413063	-0.06160518154501915	0.039699800312519073	-0.09437654167413712	-0.26571717858314514	-0.19669049978256226	-0.1498437076807022	-0.09176716208457947	0.2605834901332855	0.14555470645427704	-0.2030772566795349	-0.19322988390922546	0.1218579038977623	-0.08389946073293686	-0.08823947608470917	-0.06352748721837997	0.11558254808187485	0.0036305042449384928	0.1525002270936966
-0.08726175874471664	0.007258223369717598	-0.11909319460391998	0.13861703872680664	0.11462821066379547	0.0933363065123558	-0.0031730325426906347	-0.24926869571208954	0.21963173151016235	-0.14526309072971344	0.0842147246003151	0.15545527637004852	0.15138570964336395	-0.02171877585351467	0.16369269788265228	-0.001529867760837078	-0.05965366214513779	0.046305444091558456	-0.09091267734766006	0.15399831533432007	0.09767749905586243	0.07787619531154633	-0.10700475424528122	0.10252844542264938	-0.0003840902936644852	-0.00756129901856184	-0.014457997865974903	-0.14221273362636566	-0.07552254945039749	-0.0516425222158432	-0.03553510084748268	-0.17055824398994446	0.1146417111158371	-0.09487815201282501	0.05044056102633476	-0.15480872988700867	0.004570788238197565	-0.0475146509706974	0.06268508732318878	-0.15768326818943024	-0.03973495215177536	0.0749296098947525	-0.0636475533246994	-0.014939149841666222	-0.18232659995555878	0.11002202332019806	0.033311471343040466	0.04544375464320183	0.052192844450473785	0.09962007403373718	0.13307887315750122	0.021998144686222076	0.03828279674053192	-0.23679882287979126	-0.08169032633304596	0.14197185635566711	0.09899993985891342	-0.109363853931427	0.06706282496452332	0.08847935497760773	0.09922363609075546	-0.12017592042684555	0.061857812106609344	-0.17577232420444489
-0.005540368612855673	-0.054458703845739365	0.19335728883743286	-0.12146791815757751	0.08708678185939789	-0.21519604325294495	0.043468210846185684	0.36058688163757324	-0.26860904693603516	0.21727363765239716	-0.055457185953855515	-0.0405566543340683	-0.13622482120990753	-0.10254823416471481	-0.14214447140693665	0.042477741837501526	0.017620446160435677	-0.055427100509405136	0.2035757154226303	-0.18367807567119598	-0.0552368201315403	-0.08701888471841812	0.07527358829975128	-0.10785757005214691	0.03132752701640129	0.1805586963891983	-0.08199991285800934	0.22151057422161102	0.12624140083789825	0.14220429956912994	-0.038041383028030396	0.1632213443517685	-0.12135707587003708	-0.021099889650940895	-0.04568194970488548	0.15763282775878906	-0.16149963438510895	0.04013597220182419	-0.16431353986263275	0.16627410054206848	-0.07711447775363922	-0.13113819062709808	0.15115609765052795	-0.06464514881372452	0.11536218971014023	-0.03478730097413063	-0.06160518154501915	0.039699800312519073	-0.09437654167413712	-0.26571717858314514	-0.19669049978256226	-0.1498437076807022	-0.09176716208457947	0.2605834901332855	0.14555470645427704	-0.2030772566795349	-0.19322988390922546	0.1218579038977623	-0.08389946073293686	-0.08823947608470917	-0.06352748721837997	0.11558254808187485	0.0036305042449384928	0.1525002270936966
-0.07433612644672394	0.04944539815187454	-0.12472765892744064	0.08360902220010757	-0.05512083321809769	0.09909230470657349	0.06381590664386749	-0.031858835369348526	0.041558727622032166	-0.0608585886657238	-0.000545004615560174	0.09172520786523819	0.054548345506191254	-0.08035594969987869	0.011707024648785591	-0.003024728037416935	0.07149409502744675	-0.020776905119419098	-0.012386403977870941	-0.04822733253240585	-0.05423537269234657	0.01671617664396763	-0.0734582394361496	0.0879814550280571	-0.0607786700129509	0.06495903432369232	-0.05310641974210739	-0.06970535963773727	-0.10276991128921509	-0.023150237277150154	-0.02130979113280773	-0.048095814883708954	-0.005666122771799564	0.04321169853210449	0.046491589397192	-0.07808869332075119	0.10227972269058228	-0.05852265655994415	0.053302548825740814	0.07206448912620544	-0.0758686289191246	-0.0724669024348259	0.05191656947135925	-0.06705943495035172	0.025406809523701668	0.023338785395026207	0.016545327380299568	-0.027595100924372673	-0.07019542157649994	0.07632608711719513	-0.0541495643556118	-0.06362883746623993	-0.05727265402674675	0.006307053379714489	0.06686732918024063	-0.007214631885290146	0.1062275767326355	0.01579524576663971	0.07050888240337372	0.023257290944457054	-0.05829266831278801	0.0006626701797358692	-0.042199913412332535	-0.12078343331813812
-0.005540368612855673	-0.054458703845739365	0.19335728883743286	-0.12146791815757751	0.08708678185939789	-0.21519604325294495	0.043468210846185684	0.36058688163757324	-0.26860904693603516	0.21727363765239716	-0.055457185953855515	-0.0405566543340683	-0.13622482120990753	-0.10254823416471481	-0.14214447140693665	0.042477741837501526	0.017620446160435677	-0.055427100509405136	0.2035757154226303	-0.18367807567119598	-0.0552368201315403	-0.08701888471841812	0.07527358829975128	-0.10785757005214691	0.03132752701640129	0.1805586963891983	-0.08199991285800934	0.22151057422161102	0.12624140083789825	0.14220429956912994	-0.038041383028030396	0.1632213443517685	-0.12135707587003708	-0.021099889650940895	-0.04568194970488548	0.15763282775878906	-0.16149963438510895	0.04013597220182419	-0.16431353986263275	0.16627410054206848	-0.07711447775363922	-0.13113819062709808	0.15115609765052795	-0.06464514881372452	0.11536218971014023	-0.03478730097413063	-0.06160518154501915	0.039699800312519073	-0.09437654167413712	-0.26571717858314514	-0.19669049978256226	-0.1498437076807022	-0.09176716208457947	0.2605834901332855	0.14555470645427704	-0.2030772566795349	-0.19322988390922546	0.1218579038977623	-0.08389946073293686	-0.08823947608470917	-0.06352748721837997	0.11558254808187485	0.0036305042449384928	0.1525002270936966
-0.005540368612855673	-0.054458703845739365	0.19335728883743286	-0.12146791815757751	0.08708678185939789	-0.21519604325294495	0.043468210846185684	0.36058688163757324	-0.26860904693603516	0.21727363765239716	-0.055457185953855515	-0.0405566543340683	-0.13622482120990753	-0.10254823416471481	-0.14214447140693665	0.042477741837501526	0.017620446160435677	-0.055427100509405136	0.2035757154226303	-0.18367807567119598	-0.0552368201315403	-0.08701888471841812	0.07527358829975128	-0.10785757005214691	0.03132752701640129	0.1805586963891983	-0.08199991285800934	0.22151057422161102	0.12624140083789825	0.14220429956912994	-0.038041383028030396	0.1632213443517685	-0.12135707587003708	-0.021099889650940895	-0.04568194970488548	0.15763282775878906	-0.16149963438510895	0.04013597220182419	-0.16431353986263275	0.16627410054206848	-0.07711447775363922	-0.13113819062709808	0.15115609765052795	-0.06464514881372452	0.11536218971014023	-0.03478730097413063	-0.06160518154501915	0.039699800312519073	-0.09437654167413712	-0.26571717858314514	-0.19669049978256226	-0.1498437076807022	-0.09176716208457947	0.2605834901332855	0.14555470645427704	-0.2030772566795349	-0.19322988390922546	0.1218579038977623	-0.08389946073293686	-0.08823947608470917	-0.06352748721837997	0.11558254808187485	0.0036305042449384928	0.1525002270936966
-0.07433612644672394	0.04944539815187454	-0.12472765892744064	0.08360902220010757	-0.05512083321809769	0.09909230470657349	0.06381590664386749	-0.031858835369348526	0.041558727622032166	-0.0608585886657238	-0.000545004615560174	0.09172520786523819	0.054548345506191254	-0.08035594969987869	0.011707024648785591	-0.003024728037416935	0.07149409502744675	-0.020776905119419098	-0.012386403977870941	-0.04822733253240585	-0.05423537269234657	0.01671617664396763	-0.0734582394361496	0.0879814550280571	-0.0607786700129509	0.06495903432369232	-0.05310641974210739	-0.06970535963773727	-0.10276991128921509	-0.023150237277150154	-0.02130979113280773	-0.048095814883708954	-0.005666122771799564	0.04321169853210449	0.046491589397192	-0.07808869332075119	0.10227972269058228	-0.05852265655994415	0.053302548825740814	0.07206448912620544	-0.0758686289191246	-0.0724669024348259	0.05191656947135925	-0.06705943495035172	0.025406809523701668	0.023338785395026207	0.016545327380299568	-0.027595100924372673	-0.07019542157649994	0.07632608711719513	-0.0541495643556118	-0.06362883746623993	-0.05727265402674675	0.006307053379714489	0.06686732918024063	-0.007214631885290146	0.1062275767326355	0.01579524576663971	0.07050888240337372	0.023257290944457054	-0.05829266831278801	0.0006626701797358692	-0.042199913412332535	-0.12078343331813812
-0.08726175874471664	0.007258223369717598	-0.11909319460391998	0.13861703872680664	0.11462821066379547	0.0933363065123558	-0.0031730325426906347	-0.24926869571208954	0.21963173151016235	-0.14526309072971344	0.0842147246003151	0.15545527637004852	0.15138570964336395	-0.02171877585351467	0.16369269788265228	-0.001529867760837078	-0.05965366214513779	0.046305444091558456	-0.09091267734766006	0.15399831533432007	0.09767749905586243	0.07787619531154633	-0.10700475424528122	0.10252844542264938	-0.0003840902936644852	-0.00756129901856184	-0.014457997865974903	-0.14221273362636566	-0.07552254945039749	-0.0516425222158432	-0.03553510084748268	-0.17055824398994446	0.1146417111158371	-0.09487815201282501	0.05044056102633476	-0.15480872988700867	0.004570788238197565	-0.0475146509706974	0.06268508732318878	-0.15768326818943024	-0.03973495215177536	0.0749296098947525	-0.0636475533246994	-0.014939149841666222	-0.18232659995555878	0.11002202332019806	0.033311471343040466	0.04544375464320183	0.052192844450473785	0.09962007403373718	0.13307887315750122	0.021998144686222076	0.03828279674053192	-0.23679882287979126	-0.08169032633304596	0.14197185635566711	0.09899993985891342	-0.109363853931427	0.06706282496452332	0.08847935497760773	0.09922363609075546	-0.12017592042684555	0.061857812106609344	-0.17577232420444489
-0.08726175874471664	0.007258223369717598	-0.11909319460391998	0.13861703872680664	0.11462821066379547	0.0933363065123558	-0.0031730325426906347	-0.24926869571208954	0.21963173151016235	-0.14526309072971344	0.0842147246003151	0.15545527637004852	0.15138570964336395	-0.02171877585351467	0.16369269788265228	-0.001529867760837078	-0.05965366214513779	0.046305444091558456	-0.09091267734766006	0.15399831533432007	0.09767749905586243	0.07787619531154633	-0.10700475424528122	0.10252844542264938	-0.0003840902936644852	-0.00756129901856184	-0.014457997865974903	-0.14221273362636566	-0.07552254945039749	-0.0516425222158432	-0.03553510084748268	-0.17055824398994446	0.1146417111158371	-0.09487815201282501	0.05044056102633476	-0.15480872988700867	0.004570788238197565	-0.0475146509706974	0.06268508732318878	-0.15768326818943024	-0.03973495215177536	0.0749296098947525	-0.0636475533246994	-0.014939149841666222	-0.18232659995555878	0.11002202332019806	0.033311471343040466	0.04544375464320183	0.052192844450473785	0.09962007403373718	0.13307887315750122	0.021998144686222076	0.03828279674053192	-0.23679882287979126	-0.08169032633304596	0.14197185635566711	0.09899993985891342	-0.109363853931427	0.06706282496452332	0.08847935497760773	0.09922363609075546	-0.12017592042684555	0.061857812106609344	-0.17577232420444489
-0.07644042372703552	0.03280193731188774	0.028897104784846306	-0.022979067638516426	-0.06401348859071732	-0.03477269783616066	0.0909198597073555	0.037440765649080276	0.056938476860523224	0.06606990098953247	0.009755773469805717	0.03461318463087082	0.06557797640562057	-0.05306678265333176	0.09849721193313599	-0.07069947570562363	-0.039638955146074295	0.08217065036296844	-0.10251548886299133	-0.021876109763979912	-0.04519239813089371	-0.0934620127081871	-0.05616654455661774	0.023945223540067673	-0.04406038299202919	-0.06015566736459732	-0.0761626660823822	-0.013541319407522678	-0.049041472375392914	0.04373232647776604	-0.09184306859970093	-0.05915508419275284	0.023101553320884705	-0.04449049383401871	-0.08854838460683823	0.006678054574877024	0.010253043845295906	0.048299554735422134	-0.08821713179349899	-0.03353710472583771	0.07300599664449692	0.10383927822113037	0.08202988654375076	0.00034052913542836905	-0.0291089229285717	-0.065807044506073	0.09139253199100494	0.09166145324707031	0.0176830030977726	0.08256839960813522	0.09117646515369415	0.06614107638597488	0.0018168878741562366	0.07543604075908661	-0.08159317076206207	-0.037157975137233734	0.012973272241652012	0.09228330850601196	-0.053218379616737366	-0.09666554629802704	-0.10003252327442169	0.00995846837759018	-0.050284527242183685	0.07661447674036026
-0.005540368612855673	-0.054458703845739365	0.19335728883743286	-0.12146791815757751	0.08708678185939789	-0.21519604325294495	0.043468210846185684	0.36058688163757324	-0.26860904693603516	0.21727363765239716	-0.055457185953855515	-0.0405566543340683	-0.13622482120990753	-0.10254823416471481	-0.14214447140693665	0.042477741837501526	0.017620446160435677	-0.055427100509405136	0.2035757154226303	-0.18367807567119598	-0.0552368201315403	-0.08701888471841812	0.07527358829975128	-0.10785757005214691	0.03132752701640129	0.1805586963891983	-0.08199991285800934	0.22151057422161102	0.12624140083789825	0.14220429956912994	-0.038041383028030396	0.1632213443517685	-0.12135707587003708	-0.021099889650940895	-0.04568194970488548	0.15763282775878906	-0.16149963438510895	0.04013597220182419	-0.16431353986263275	0.16627410054206848	-0.07711447775363922	-0.13113819062709808	0.15115609765052795	-0.06464514881372452	0.11536218971014023	-0.03478730097413063	-0.06160518154501915	0.039699800312519073	-0.09437654167413712	-0.26571717858314514	-0.19669049978256226	-0.1498437076807022	-0.09176716208457947	0.2605834901332855	0.14555470645427704	-0.2030772566795349	-0.19322988390922546	0.1218579038977623	-0.08389946073293686	-0.08823947608470917	-0.06352748721837997	0.11558254808187485	0.0036305042449384928	0.1525002270936966
-0.08726175874471664	0.007258223369717598	-0.11909319460391998	0.13861703872680664	0.11462821066379547	0.0933363065123558	-0.0031730325426906347	-0.24926869571208954	0.21963173151016235	-0.14526309072971344	0.0842147246003151	0.15545527637004852	0.15138570964336395	-0.02171877585351467	0.16369269788265228	-0.001529867760837078	-0.05965366214513779	0.046305444091558456	-0.09091267734766006	0.15399831533432007	0.09767749905586243	0.07787619531154633	-0.10700475424528122	0.10252844542264938	-0.0003840902936644852	-0.00756129901856184	-0.014457997865974903	-0.14221273362636566	-0.07552254945039749	-0.0516425222158432	-0.03553510084748268	-0.17055824398994446	0.1146417111158371	-0.09487815201282501	0.05044056102633476	-0.15480872988700867	0.004570788238197565	-0.0475146509706974	0.06268508732318878	-0.15768326818943024	-0.03973495215177536	0.0749296098947525	-0.0636475533246994	-0.014939149841666222	-0.18232659995555878	0.11002202332019806	0.033311471343040466	0.04544375464320183	0.052192844450473785	0.09962007403373718	0.13307887315750122	0.021998144686222076	0.03828279674053192	-0.23679882287979126	-0.08169032633304596	0.14197185635566711	0.09899993985891342	-0.109363853931427	0.06706282496452332	0.08847935497760773	0.09922363609075546	-0.12017592042684555	0.061857812106609344	-0.17577232420444489
-0.08726175874471664	0.007258223369717598	-0.11909319460391998	0.13861703872680664	0.11462821066379547	0.0933363065123558	-0.0031730325426906347	-0.24926869571208954	0.21963173151016235	-0.14526309072971344	0.0842147246003151	0.15545527637004852	0.15138570964336395	-0.02171877585351467	0.16369269788265228	-0.001529867760837078	-0.05965366214513779	0.046305444091558456	-0.09091267734766006	0.15399831533432007	0.09767749905586243	0.07787619531154633	-0.10700475424528122	0.10252844542264938	-0.0003840902936644852	-0.00756129901856184	-0.014457997865974903	-0.14221273362636566	-0.07552254945039749	-0.0516425222158432	-0.03553510084748268	-0.17055824398994446	0.1146417111158371	-0.09487815201282501	0.05044056102633476	-0.15480872988700867	0.004570788238197565	-0.0475146509706974	0.06268508732318878	-0.15768326818943024	-0.03973495215177536	0.0749296098947525	-0.0636475533246994	-0.014939149841666222	-0.18232659995555878	0.11002202332019806	0.033311471343040466	0.04544375464320183	0.052192844450473785	0.09962007403373718	0.13307887315750122	0.021998144686222076	0.03828279674053192	-0.23679882287979126	-0.08169032633304596	0.14197185635566711	0.09899993985891342	-0.109363853931427	0.06706282496452332	0.08847935497760773	0.09922363609075546	-0.12017592042684555	0.061857812106609344	-0.17577232420444489
-0.005540368612855673	-0.054458703845739365	0.19335728883743286	-0.12146791815757751	0.08708678185939789	-0.21519604325294495	0.043468210846185684	0.36058688163757324	-0.26860904693603516	0.21727363765239716	-0.055457185953855515	-0.0405566543340683	-0.13622482120990753	-0.10254823416471481	-0.14214447140693665	0.042477741837501526	0.017620446160435677	-0.055427100509405136	0.2035757154226303	-0.18367807567119598	-0.0552368201315403	-0.08701888471841812	0.07527358829975128	-0.10785757005214691	0.03132752701640129	0.1805586963891983	-0.08199991285800934	0.22151057422161102	0.12624140083789825	0.14220429956912994	-0.038041383028030396	0.1632213443517685	-0.12135707587003708	-0.021099889650940895	-0.04568194970488548	0.15763282775878906	-0.16149963438510895	0.04013597220182419	-0.16431353986263275	0.16627410054206848	-0.07711447775363922	-0.13113819062709808	0.15115609765052795	-0.06464514881372452	0.11536218971014023	-0.03478730097413063	-0.06160518154501915	0.039699800312519073	-0.09437654167413712	-0.26571717858314514	-0.19669049978256226	-0.1498437076807022	-0.09176716208457947	0.2605834901332855	0.14555470645427704	-0.2030772566795349	-0.19322988390922546	0.1218579038977623	-0.08389946073293686	-0.08823947608470917	-0.06352748721837997	0.11558254808187485	0.0036305042449384928	0.1525002270936966
-0.08726175874471664	0.007258223369717598	-0.11909319460391998	0.13861703872680664	0.11462821066379547	0.0933363065123558	-0.0031730325426906347	-0.24926869571208954	0.21963173151016235	-0.14526309072971344	0.0842147246003151	0.15545527637004852	0.15138570964336395	-0.02171877585351467	0.16369269788265228	-0.001529867760837078	-0.05965366214513779	0.046305444091558456	-0.09091267734766006	0.15399831533432007	0.09767749905586243	0.07787619531154633	-0.10700475424528122	0.10252844542264938	-0.0003840902936644852	-0.00756129901856184	-0.014457997865974903	-0.14221273362636566	-0.07552254945039749	-0.0516425222158432	-0.03553510084748268	-0.17055824398994446	0.1146417111158371	-0.09487815201282501	0.05044056102633476	-0.15480872988700867	0.004570788238197565	-0.0475146509706974	0.06268508732318878	-0.15768326818943024	-0.03973495215177536	0.0749296098947525	-0.0636475533246994	-0.014939149841666222	-0.18232659995555878	0.11002202332019806	0.033311471343040466	0.04544375464320183	0.052192844450473785	0.09962007403373718	0.13307887315750122	0.021998144686222076	0.03828279674053192	-0.23679882287979126	-0.08169032633304596	0.14197185635566711	0.09899993985891342	-0.109363853931427	0.06706282496452332	0.08847935497760773	0.09922363609075546	-0.12017592042684555	0.061857812106609344	-0.17577232420444489
-0.08726175874471664	0.007258223369717598	-0.11909319460391998	0.13861703872680664	0.11462821066379547	0.0933363065123558	-0.0031730325426906347	-0.24926869571208954	0.21963173151016235	-0.14526309072971344	0.0842147246003151	0.15545527637004852	0.15138570964336395	-0.02171877585351467	0.16369269788265228	-0.001529867760837078	-0.05965366214513779	0.046305444091558456	-0.09091267734766006	0.15399831533432007	0.09767749905586243	0.07787619531154633	-0.10700475424528122	0.10252844542264938	-0.0003840902936644852	-0.00756129901856184	-0.014457997865974903	-0.14221273362636566	-0.07552254945039749	-0.0516425222158432	-0.03553510084748268	-0.17055824398994446	0.1146417111158371	-0.09487815201282501	0.05044056102633476	-0.15480872988700867	0.004570788238197565	-0.0475146509706974	0.06268508732318878	-0.15768326818943024	-0.03973495215177536	0.0749296098947525	-0.0636475533246994	-0.014939149841666222	-0.18232659995555878	0.11002202332019806	0.033311471343040466	0.04544375464320183	0.052192844450473785	0.09962007403373718	0.13307887315750122	0.021998144686222076	0.03828279674053192	-0.23679882287979126	-0.08169032633304596	0.14197185635566711	0.09899993985891342	-0.109363853931427	0.06706282496452332	0.08847935497760773	0.09922363609075546	-0.12017592042684555	0.061857812106609344	-0.17577232420444489
-0.005540368612855673	-0.054458703845739365	0.19335728883743286	-0.12146791815757751	0.08708678185939789	-0.21519604325294495	0.043468210846185684	0.36058688163757324	-0.26860904693603516	0.21727363765239716	-0.055457185953855515	-0.0405566543340683	-0.13622482120990753	-0.10254823416471481	-0.14214447140693665	0.042477741837501526	0.017620446160435677	-0.055427100509405136	0.2035757154226303	-0.18367807567119598	-0.0552368201315403	-0.08701888471841812	0.07527358829975128	-0.10785757005214691	0.03132752701640129	0.1805586963891983	-0.08199991285800934	0.22151057422161102	0.12624140083789825	0.14220429956912994	-0.038041383028030396	0.1632213443517685	-0.12135707587003708	-0.021099889650940895	-0.04568194970488548	0.15763282775878906	-0.16149963438510895	0.04013597220182419	-0.16431353986263275	0.16627410054206848	-0.07711447775363922	-0.13113819062709808	0.15115609765052795	-0.06464514881372452	0.11536218971014023	-0.03478730097413063	-0.06160518154501915	0.039699800312519073	-0.09437654167413712	-0.26571717858314514	-0.19669049978256226	-0.1498437076807022	-0.09176716208457947	0.2605834901332855	0.14555470645427704	-0.2030772566795349	-0.19322988390922546	0.1218579038977623	-0.08389946073293686	-0.08823947608470917	-0.06352748721837997	0.11558254808187485	0.0036305042449384928	0.1525002270936966
-0.005540368612855673	-0.054458703845739365	0.19335728883743286	-0.12146791815757751	0.08708678185939789	-0.21519604325294495	0.043468210846185684	0.36058688163757324	-0.26860904693603516	0.21727363765239716	-0.055457185953855515	-0.0405566543340683	-0.13622482120990753	-0.10254823416471481	-0.14214447140693665	0.042477741837501526	0.017620446160435677	-0.055427100509405136	0.2035757154226303	-0.18367807567119598	-0.0552368201315403	-0.08701888471841812	0.07527358829975128	-0.10785757005214691	0.03132752701640129	0.1805586963891983	-0.08199991285800934	0.22151057422161102	0.12624140083789825	0.14220429956912994	-0.038041383028030396	0.1632213443517685	-0.12135707587003708	-0.021099889650940895	-0.04568194970488548	0.15763282775878906	-0.16149963438510895	0.04013597220182419	-0.16431353986263275	0.16627410054206848	-0.07711447775363922	-0.13113819062709808	0.15115609765052795	-0.06464514881372452	0.11536218971014023	-0.03478730097413063	-0.06160518154501915	0.039699800312519073	-0.09437654167413712	-0.26571717858314514	-0.19669049978256226	-0.1498437076807022	-0.09176716208457947	0.2605834901332855	0.14555470645427704	-0.2030772566795349	-0.19322988390922546	0.1218579038977623	-0.08389946073293686	-0.08823947608470917	-0.06352748721837997	0.11558254808187485	0.0036305042449384928	0.1525002270936966
-0.08726175874471664	0.007258223369717598	-0.11909319460391998	0.13861703872680664	0.11462821066379547	0.0933363065123558	-0.0031730325426906347	-0.24926869571208954	0.21963173151016235	-0.14526309072971344	0.0842147246003151	0.15545527637004852	0.15138570964336395	-0.02171877585351467	0.16369269788265228	-0.001529867760837078	-0.05965366214513779	0.046305444091558456	-0.09091267734766006	0.15399831533432007	0.09767749905586243	0.07787619531154633	-0.10700475424528122	0.10252844542264938	-0.0003840902936644852	-0.00756129901856184	-0.014457997865974903	-0.14221273362636566	-0.07552254945039749	-0.0516425222158432	-0.03553510084748268	-0.17055824398994446	0.1146417111158371	-0.09487815201282501	0.05044056102633476	-0.15480872988700867	0.004570788238197565	-0.0475146509706974	0.06268508732318878	-0.15768326818943024	-0.03973495215177536	0.0749296098947525	-0.0636475533246994	-0.014939149841666222	-0.18232659995555878	0.11002202332019806	0.033311471343040466	0.04544375464320183	0.052192844450473785	0.09962007403373718	0.13307887315750122	0.021998144686222076	0.03828279674053192	-0.23679882287979126	-0.08169032633304596	0.14197185635566711	0.09899993985891342	-0.109363853931427	0.06706282496452332	0.08847935497760773	0.09922363609075546	-0.12017592042684555	0.061857812106609344	-0.17577232420444489
0.07503528892993927	-0.07813660055398941	-0.035519637167453766	-0.06660005450248718	-0.02356291562318802	-0.06157143786549568	-0.09152036905288696	0.04145602881908417	-0.04127298295497894	-0.043174274265766144	-0.06487090140581131	-0.026572583243250847	0.09943315386772156	0.026079880073666573	0.008672775700688362	-0.0896645113825798	0.07776721566915512	0.04944820702075958	0.0728764533996582	-0.05984607711434364	-0.04163778945803642	0.05004660785198212	-0.1025107353925705	0.0072568305768072605	0.016080915927886963	0.002089451299980283	-0.08172490447759628	-0.004635803867131472	-0.1016170009970665	-0.0019467694219201803	0.03233078122138977	-0.09206783026456833	0.05738421157002449	0.049550265073776245	0.08714835345745087	-0.018268397077918053	-0.09389734268188477	0.05358891934156418	-0.010087031871080399	-0.025441767647862434	0.046378348022699356	-0.08315879851579666	0.039503660053014755	0.08481252938508987	0.06782983988523483	0.06252649426460266	0.08059126138687134	0.05088506266474724	0.06974808871746063	-0.08673711866140366	0.05887484923005104	-0.02830049768090248	-0.03711850941181183	-0.039953891187906265	0.006857139524072409	0.032712142914533615	0.09208023548126221	0.0004012262506876141	-0.055822692811489105	0.06617839634418488	0.02718641236424446	-0.06816215813159943	-0.0234310794621706	0.06260214000940323
-0.08726175874471664	0.007258223369717598	-0.11909319460391998	0.13861703872680664	0.11462821066379547	0.0933363065123558	-0.0031730325426906347	-0.24926869571208954	0.21963173151016235	-0.14526309072971344	0.0842147246003151	0.15545527637004852	0.15138570964336395	-0.02171877585351467	0.16369269788265228	-0.001529867760837078	-0.05965366214513779	0.046305444091558456	-0.09091267734766006	0.15399831533432007	0.09767749905586243	0.07787619531154633	-0.10700475424528122	0.10252844542264938	-0.0003840902936644852	-0.00756129901856184	-0.014457997865974903	-0.14221273362636566	-0.07552254945039749	-0.0516425222158432	-0.03553510084748268	-0.17055824398994446	0.1146417111158371	-0.09487815201282501	0.05044056102633476	-0.15480872988700867	0.004570788238197565	-0.0475146509706974	0.06268508732318878	-0.15768326818943024	-0.03973495215177536	0.0749296098947525	-0.0636475533246994	-0.014939149841666222	-0.18232659995555878	0.11002202332019806	0.033311471343040466	0.04544375464320183	0.052192844450473785	0.09962007403373718	0.13307887315750122	0.021998144686222076	0.03828279674053192	-0.23679882287979126	-0.08169032633304596	0.14197185635566711	0.09899993985891342	-0.109363853931427	0.06706282496452332	0.08847935497760773	0.09922363609075546	-0.12017592042684555	0.061857812106609344	-0.17577232420444489
-0.005540368612855673	-0.054458703845739365	0.19335728883743286	-0.12146791815757751	0.08708678185939789	-0.21519604325294495	0.043468210846185684	0.36058688163757324	-0.26860904693603516	0.21727363765239716	-0.055457185953855515	-0.0405566543340683	-0.13622482120990753	-0.10254823416471481	-0.14214447140693665	0.042477741837501526	0.017620446160435677	-0.055427100509405136	0.2035757154226303	-0.18367807567119598	-0.0552368201315403	-0.08701888471841812	0.07527358829975128	-0.10785757005214691	0.03132752701640129	0.1805586963891983	-0.08199991285800934	0.22151057422161102	0.12624140083789825	0.14220429956912994	-0.038041383028030396	0.1632213443517685	-0.12135707587003708	-0.021099889650940895	-0.04568194970488548	0.15763282775878906	-0.16149963438510895	0.04013597220182419	-0.16431353986263275	0.16627410054206848	-0.07711447775363922	-0.13113819062709808	0.15115609765052795	-0.06464514881372452	0.11536218971014023	-0.03478730097413063	-0.06160518154501915	0.039699800312519073	-0.09437654167413712	-0.26571717858314514	-0.19669049978256226	-0.1498437076807022	-0.09176716208457947	0.2605834901332855	0.14555470645427704	-0.2030772566795349	-0.19322988390922546	0.1218579038977623	-0.08389946073293686	-0.08823947608470917	-0.06352748721837997	0.11558254808187485	0.0036305042449384928	0.1525002270936966
-0.08726175874471664	0.007258223369717598	-0.11909319460391998	0.13861703872680664	0.11462821066379547	0.0933363065123558	-0.0031730325426906347	-0.24926869571208954	0.21963173151016235	-0.14526309072971344	0.0842147246003151	0.15545527637004852	0.15138570964336395	-0.02171877585351467	0.16369269788265228	-0.001529867760837078	-0.05965366214513779	0.046305444091558456	-0.09091267734766006	0.15399831533432007	0.09767749905586243	0.07787619531154633	-0.10700475424528122	0.10252844542264938	-0.0003840902936644852	-0.00756129901856184	-0.014457997865974903	-0.14221273362636566	-0.07552254945039749	-0.0516425222158432	-0.03553510084748268	-0.17055824398994446	0.1146417111158371	-0.09487815201282501	0.05044056102633476	-0.15480872988700867	0.004570788238197565	-0.0475146509706974	0.06268508732318878	-0.15768326818943024	-0.03973495215177536	0.0749296098947525	-0.0636475533246994	-0.014939149841666222	-0.18232659995555878	0.11002202332019806	0.033311471343040466	0.04544375464320183	0.052192844450473785	0.09962007403373718	0.13307887315750122	0.021998144686222076	0.03828279674053192	-0.23679882287979126	-0.08169032633304596	0.14197185635566711	0.09899993985891342	-0.109363853931427	0.06706282496452332	0.08847935497760773	0.09922363609075546	-0.12017592042684555	0.061857812106609344	-0.17577232420444489
-0.07433612644672394	0.04944539815187454	-0.12472765892744064	0.08360902220010757	-0.05512083321809769	0.09909230470657349	0.06381590664386749	-0.031858835369348526	0.041558727622032166	-0.0608585886657238	-0.000545004615560174	0.09172520786523819	0.054548345506191254	-0.08035594969987869	0.011707024648785591	-0.003024728037416935	0.07149409502744675	-0.020776905119419098	-0.012386403977870941	-0.04822733253240585	-0.05423537269234657	0.01671617664396763	-0.0734582394361496	0.0879814550280571	-0.0607786700129509	0.06495903432369232	-0.05310641974210739	-0.06970535963773727	-0.10276991128921509	-0.023150237277150154	-0.02130979113280773	-0.048095814883708954	-0.005666122771799564	0.04321169853210449	0.046491589397192	-0.07808869332075119	0.10227972269058228	-0.05852265655994415	0.053302548825740814	0.07206448912620544	-0.0758686289191246	-0.0724669024348259	0.05191656947135925	-0.06705943495035172	0.025406809523701668	0.023338785395026207	0.016545327380299568	-0.027595100924372673	-0.07019542157649994	0.07632608711719513	-0.0541495643556118	-0.06362883746623993	-0.05727265402674675	0.006307053379714489	0.06686732918024063	-0.007214631885290146	0.1062275767326355	0.01579524576663971	0.07050888240337372	0.023257290944457054	-0.05829266831278801	0.0006626701797358692	-0.042199913412332535	-0.12078343331813812
-0.005540368612855673	-0.054458703845739365	0.19335728883743286	-0.12146791815757751	0.08708678185939789	-0.21519604325294495	0.043468210846185684	0.36058688163757324	-0.26860904693603516	0.21727363765239716	-0.055457185953855515	-0.0405566543340683	-0.13622482120990753	-0.10254823416471481	-0.14214447140693665	0.042477741837501526	0.017620446160435677	-0.055427100509405136	0.2035757154226303	-0.18367807567119598	-0.0552368201315403	-0.08701888471841812	0.07527358829975128	-0.10785757005214691	0.03132752701640129	0.1805586963891983	-0.08199991285800934	0.22151057422161102	0.12624140083789825	0.14220429956912994	-0.038041383028030396	0.1632213443517685	-0.12135707587003708	-0.021099889650940895	-0.04568194970488548	0.15763282775878906	-0.16149963438510895	0.04013597220182419	-0.16431353986263275	0.16627410054206848	-0.07711447775363922	-0.13113819062709808	0.15115609765052795	-0.06464514881372452	0.11536218971014023	-0.03478730097413063	-0.06160518154501915	0.039699800312519073	-0.09437654167413712	-0.26571717858314514	-0.19669049978256226	-0.1498437076807022	-0.09176716208457947	0.2605834901332855	0.14555470645427704	-0.2030772566795349	-0.19322988390922546	0.1218579038977623	-0.08389946073293686	-0.08823947608470917	-0.06352748721837997	0.11558254808187485	0.0036305042449384928	0.1525002270936966
-0.08726175874471664	0.007258223369717598	-0.11909319460391998	0.13861703872680664	0.11462821066379547	0.0933363065123558	-0.0031730325426906347	-0.24926869571208954	0.21963173151016235	-0.14526309072971344	0.0842147246003151	0.15545527637004852	0.15138570964336395	-0.02171877585351467	0.16369269788265228	-0.001529867760837078	-0.05965366214513779	0.046305444091558456	-0.09091267734766006	0.15399831533432007	0.09767749905586243	0.07787619531154633	-0.10700475424528122	0.10252844542264938	-0.0003840902936644852	-0.00756129901856184	-0.014457997865974903	-0.14221273362636566	-0.07552254945039749	-0.0516425222158432	-0.03553510084748268	-0.17055824398994446	0.1146417111158371	-0.09487815201282501	0.05044056102633476	-0.15480872988700867	0.004570788238197565	-0.0475146509706974	0.06268508732318878	-0.15768326818943024	-0.03973495215177536	0.0749296098947525	-0.0636475533246994	-0.014939149841666222	-0.18232659995555878	0.11002202332019806	0.033311471343040466	0.04544375464320183	0.052192844450473785	0.09962007403373718	0.13307887315750122	0.021998144686222076	0.03828279674053192	-0.23679882287979126	-0.08169032633304596	0.14197185635566711	0.09899993985891342	-0.109363853931427	0.06706282496452332	0.08847935497760773	0.09922363609075546	-0.12017592042684555	0.061857812106609344	-0.17577232420444489
-0.08726175874471664	0.007258223369717598	-0.11909319460391998	0.13861703872680664	0.11462821066379547	0.0933363065123558	-0.0031730325426906347	-0.24926869571208954	0.21963173151016235	-0.14526309072971344	0.0842147246003151	0.15545527637004852	0.15138570964336395	-0.02171877585351467	0.16369269788265228	-0.001529867760837078	-0.05965366214513779	0.046305444091558456	-0.09091267734766006	0.15399831533432007	0.09767749905586243	0.07787619531154633	-0.10700475424528122	0.10252844542264938	-0.0003840902936644852	-0.00756129901856184	-0.014457997865974903	-0.14221273362636566	-0.07552254945039749	-0.0516425222158432	-0.03553510084748268	-0.17055824398994446	0.1146417111158371	-0.09487815201282501	0.05044056102633476	-0.15480872988700867	0.004570788238197565	-0.0475146509706974	0.06268508732318878	-0.15768326818943024	-0.03973495215177536	0.0749296098947525	-0.0636475533246994	-0.014939149841666222	-0.18232659995555878	0.11002202332019806	0.033311471343040466	0.04544375464320183	0.052192844450473785	0.09962007403373718	0.13307887315750122	0.021998144686222076	0.03828279674053192	-0.23679882287979126	-0.08169032633304596	0.14197185635566711	0.09899993985891342	-0.109363853931427	0.06706282496452332	0.08847935497760773	0.09922363609075546	-0.12017592042684555	0.061857812106609344	-0.17577232420444489
-0.08726175874471664	0.007258223369717598	-0.11909319460391998	0.13861703872680664	0.11462821066379547	0.0933363065123558	-0.0031730325426906347	-0.24926869571208954	0.21963173151016235	-0.14526309072971344	0.0842147246003151	0.15545527637004852	0.15138570964336395	-0.02171877585351467	0.16369269788265228	-0.001529867760837078	-0.05965366214513779	0.046305444091558456	-0.09091267734766006	0.15399831533432007	0.09767749905586243	0.07787619531154633	-0.10700475424528122	0.10252844542264938	-0.0003840902936644852	-0.00756129901856184	-0.014457997865974903	-0.14221273362636566	-0.07552254945039749	-0.0516425222158432	-0.03553510084748268	-0.17055824398994446	0.1146417111158371	-0.09487815201282501	0.05044056102633476	-0.15480872988700867	0.004570788238197565	-0.0475146509706974	0.06268508732318878	-0.15768326818943024	-0.03973495215177536	0.0749296098947525	-0.0636475533246994	-0.014939149841666222	-0.18232659995555878	0.11002202332019806	0.033311471343040466	0.04544375464320183	0.052192844450473785	0.09962007403373718	0.13307887315750122	0.021998144686222076	0.03828279674053192	-0.23679882287979126	-0.08169032633304596	0.14197185635566711	0.09899993985891342	-0.109363853931427	0.06706282496452332	0.08847935497760773	0.09922363609075546	-0.12017592042684555	0.061857812106609344	-0.17577232420444489
-0.005540368612855673	-0.054458703845739365	0.19335728883743286	-0.12146791815757751	0.08708678185939789	-0.21519604325294495	0.043468210846185684	0.36058688163757324	-0.26860904693603516	0.21727363765239716	-0.055457185953855515	-0.0405566543340683	-0.13622482120990753	-0.10254823416471481	-0.14214447140693665	0.042477741837501526	0.017620446160435677	-0.055427100509405136	0.2035757154226303	-0.18367807567119598	-0.0552368201315403	-0.08701888471841812	0.07527358829975128	-0.10785757005214691	0.03132752701640129	0.1805586963891983	-0.08199991285800934	0.22151057422161102	0.12624140083789825	0.14220429956912994	-0.038041383028030396	0.1632213443517685	-0.12135707587003708	-0.021099889650940895	-0.04568194970488548	0.15763282775878906	-0.16149963438510895	0.04013597220182419	-0.16431353986263275	0.16627410054206848	-0.07711447775363922	-0.13113819062709808	0.15115609765052795	-0.06464514881372452	0.11536218971014023	-0.03478730097413063	-0.06160518154501915	0.039699800312519073	-0.09437654167413712	-0.26571717858314514	-0.19669049978256226	-0.1498437076807022	-0.09176716208457947	0.2605834901332855	0.14555470645427704	-0.2030772566795349	-0.19322988390922546	0.1218579038977623	-0.08389946073293686	-0.08823947608470917	-0.06352748721837997	0.11558254808187485	0.0036305042449384928	0.1525002270936966
0.08116396516561508	0.006310942582786083	0.022666024044156075	-0.0710112452507019	-0.07233849912881851	-0.0014496410731226206	0.07404519617557526	-0.024173710495233536	0.056532230228185654	0.08120176941156387	-0.07378101348876953	-0.048160869628190994	-0.027221372351050377	0.013350208289921284	0.013621262274682522	-0.03941179811954498	-0.01563783921301365	0.04654980078339577	0.07076197862625122	-0.0816512405872345	-0.06828247010707855	-0.07207781821489334	-0.05553498491644859	0.06383857131004333	0.08215837180614471	-0.049400001764297485	-0.04925739765167236	0.029882827773690224	-0.04821844771504402	0.011331534944474697	-0.02791503258049488	-0.08697552233934402	-0.03601594641804695	0.0005842244136147201	-0.09790197014808655	0.0221080482006073	0.02058367244899273	0.011607863940298557	0.08170704543590546	-0.0526919960975647	0.014193526469171047	0.06857618689537048	0.03166358545422554	-0.031849220395088196	0.09623345732688904	-0.014070197939872742	-0.08467811346054077	-0.02204972878098488	0.02614879608154297	0.056857697665691376	0.030889324843883514	-0.009733966551721096	0.028169605880975723	-0.04084246605634689	-0.011094833724200726	-0.04438548535108566	-0.02952338196337223	0.045149024575948715	-0.06341351568698883	0.02507098950445652	-0.05548906326293945	0.08696681261062622	0.0048586903139948845	0.033686600625514984
-0.005540368612855673	-0.054458703845739365	0.19335728883743286	-0.12146791815757751	0.08708678185939789	-0.21519604325294495	0.043468210846185684	0.36058688163757324	-0.26860904693603516	0.21727363765239716	-0.055457185953855515	-0.0405566543340683	-0.13622482120990753	-0.10254823416471481	-0.14214447140693665	0.042477741837501526	0.017620446160435677	-0.055427100509405136	0.2035757154226303	-0.18367807567119598	-0.0552368201315403	-0.08701888471841812	0.07527358829975128	-0.10785757005214691	0.03132752701640129	0.1805586963891983	-0.08199991285800934	0.22151057422161102	0.12624140083789825	0.14220429956912994	-0.038041383028030396	0.1632213443517685	-0.12135707587003708	-0.021099889650940895	-0.04568194970488548	0.15763282775878906	-0.16149963438510895	0.04013597220182419	-0.16431353986263275	0.16627410054206848	-0.07711447775363922	-0.13113819062709808	0.15115609765052795	-0.06464514881372452	0.11536218971014023	-0.03478730097413063	-0.06160518154501915	0.039699800312519073	-0.09437654167413712	-0.26571717858314514	-0.19669049978256226	-0.1498437076807022	-0.09176716208457947	0.2605834901332855	0.14555470645427704	-0.2030772566795349	-0.19322988390922546	0.1218579038977623	-0.08389946073293686	-0.08823947608470917	-0.06352748721837997	0.11558254808187485	0.0036305042449384928	0.1525002270936966
-0.08726175874471664	0.007258223369717598	-0.11909319460391998	0.13861703872680664	0.11462821066379547	0.0933363065123558	-0.0031730325426906347	-0.24926869571208954	0.21963173151016235	-0.14526309072971344	0.0842147246003151	0.15545527637004852	0.15138570964336395	-0.02171877585351467	0.16369269788265228	-0.001529867760837078	-0.05965366214513779	0.046305444091558456	-0.09091267734766006	0.15399831533432007	0.09767749905586243	0.07787619531154633	-0.10700475424528122	0.10252844542264938	-0.0003840902936644852	-0.00756129901856184	-0.014457997865974903	-0.14221273362636566	-0.07552254945039749	-0.0516425222158432	-0.03553510084748268	-0.17055824398994446	0.1146417111158371	-0.09487815201282501	0.05044056102633476	-0.15480872988700867	0.004570788238197565	-0.0475146509706974	0.06268508732318878	-0.15768326818943024	-0.03973495215177536	0.0749296098947525	-0.0636475533246994	-0.014939149841666222	-0.18232659995555878	0.11002202332019806	0.033311471343040466	0.04544375464320183	0.052192844450473785	0.09962007403373718	0.13307887315750122	0.021998144686222076	0.03828279674053192	-0.23679882287979126	-0.08169032633304596	0.14197185635566711	0.09899993985891342	-0.109363853931427	0.06706282496452332	0.08847935497760773	0.09922363609075546	-0.12017592042684555	0.061857812106609344	-0.17577232420444489
-0.08726175874471664	0.007258223369717598	-0.11909319460391998	0.13861703872680664	0.11462821066379547	0.0933363065123558	-0.0031730325426906347	-0.24926869571208954	0.21963173151016235	-0.14526309072971344	0.0842147246003151	0.15545527637004852	0.15138570964336395	-0.02171877585351467	0.16369269788265228	-0.001529867760837078	-0.05965366214513779	0.046305444091558456	-0.09091267734766006	0.15399831533432007	0.09767749905586243	0.07787619531154633	-0.10700475424528122	0.10252844542264938	-0.0003840902936644852	-0.00756129901856184	-0.014457997865974903	-0.14221273362636566	-0.07552254945039749	-0.0516425222158432	-0.03553510084748268	-0.17055824398994446	0.1146417111158371	-0.09487815201282501	0.05044056102633476	-0.15480872988700867	0.004570788238197565	-0.0475146509706974	0.06268508732318878	-0.15768326818943024	-0.03973495215177536	0.0749296098947525	-0.0636475533246994	-0.014939149841666222	-0.18232659995555878	0.11002202332019806	0.033311471343040466	0.04544375464320183	0.052192844450473785	0.09962007403373718	0.13307887315750122	0.021998144686222076	0.03828279674053192	-0.23679882287979126	-0.08169032633304596	0.14197185635566711	0.09899993985891342	-0.109363853931427	0.06706282496452332	0.08847935497760773	0.09922363609075546	-0.12017592042684555	0.061857812106609344	-0.17577232420444489
-0.08726175874471664	0.007258223369717598	-0.11909319460391998	0.13861703872680664	0.11462821066379547	0.0933363065123558	-0.0031730325426906347	-0.24926869571208954	0.21963173151016235	-0.14526309072971344	0.0842147246003151	0.15545527637004852	0.15138570964336395	-0.02171877585351467	0.16369269788265228	-0.001529867760837078	-0.05965366214513779	0.046305444091558456	-0.09091267734766006	0.15399831533432007	0.09767749905586243	0.07787619531154633	-0.10700475424528122	0.10252844542264938	-0.0003840902936644852	-0.00756129901856184	-0.014457997865974903	-0.14221273362636566	-0.07552254945039749	-0.0516425222158432	-0.03553510084748268	-0.17055824398994446	0.1146417111158371	-0.09487815201282501	0.05044056102633476	-0.15480872988700867	0.004570788238197565	-0.0475146509706974	0.06268508732318878	-0.15768326818943024	-0.03973495215177536	0.0749296098947525	-0.0636475533246994	-0.014939149841666222	-0.18232659995555878	0.11002202332019806	0.033311471343040466	0.04544375464320183	0.052192844450473785	0.09962007403373718	0.13307887315750122	0.021998144686222076	0.03828279674053192	-0.23679882287979126	-0.08169032633304596	0.14197185635566711	0.09899993985891342	-0.109363853931427	0.06706282496452332	0.08847935497760773	0.09922363609075546	-0.12017592042684555	0.061857812106609344	-0.17577232420444489
-0.08726175874471664	0.007258223369717598	-0.11909319460391998	0.13861703872680664	0.11462821066379547	0.0933363065123558	-0.0031730325426906347	-0.24926869571208954	0.21963173151016235	-0.14526309072971344	0.0842147246003151	0.15545527637004852	0.15138570964336395	-0.02171877585351467	0.16369269788265228	-0.001529867760837078	-0.05965366214513779	0.046305444091558456	-0.09091267734766006	0.15399831533432007	0.09767749905586243	0.07787619531154633	-0.10700475424528122	0.10252844542264938	-0.0003840902936644852	-0.00756129901856184	-0.014457997865974903	-0.14221273362636566	-0.07552254945039749	-0.0516425222158432	-0.03553510084748268	-0.17055824398994446	0.1146417111158371	-0.09487815201282501	0.05044056102633476	-0.15480872988700867	0.004570788238197565	-0.0475146509706974	0.06268508732318878	-0.15768326818943024	-0.03973495215177536	0.0749296098947525	-0.0636475533246994	-0.014939149841666222	-0.18232659995555878	0.11002202332019806	0.033311471343040466	0.04544375464320183	0.052192844450473785	0.09962007403373718	0.13307887315750122	0.021998144686222076	0.03828279674053192	-0.23679882287979126	-0.08169032633304596	0.14197185635566711	0.09899993985891342	-0.109363853931427	0.06706282496452332	0.08847935497760773	0.09922363609075546	-0.12017592042684555	0.061857812106609344	-0.17577232420444489
-0.08726175874471664	0.007258223369717598	-0.11909319460391998	0.13861703872680664	0.11462821066379547	0.0933363065123558	-0.0031730325426906347	-0.24926869571208954	0.21963173151016235	-0.14526309072971344	0.0842147246003151	0.15545527637004852	0.15138570964336395	-0.02171877585351467	0.16369269788265228	-0.001529867760837078	-0.05965366214513779	0.046305444091558456	-0.09091267734766006	0.15399831533432007	0.09767749905586243	0.07787619531154633	-0.10700475424528122	0.10252844542264938	-0.0003840902936644852	-0.00756129901856184	-0.014457997865974903	-0.14221273362636566	-0.07552254945039749	-0.0516425222158432	-0.03553510084748268	-0.17055824398994446	0.1146417111158371	-0.09487815201282501	0.05044056102633476	-0.15480872988700867	0.004570788238197565	-0.0475146509706974	0.06268508732318878	-0.15768326818943024	-0.03973495215177536	0.0749296098947525	-0.0636475533246994	-0.014939149841666222	-0.18232659995555878	0.11002202332019806	0.033311471343040466	0.04544375464320183	0.052192844450473785	0.09962007403373718	0.13307887315750122	0.021998144686222076	0.03828279674053192	-0.23679882287979126	-0.08169032633304596	0.14197185635566711	0.09899993985891342	-0.109363853931427	0.06706282496452332	0.08847935497760773	0.09922363609075546	-0.12017592042684555	0.061857812106609344	-0.17577232420444489
-0.005540368612855673	-0.054458703845739365	0.19335728883743286	-0.12146791815757751	0.08708678185939789	-0.21519604325294495	0.043468210846185684	0.36058688163757324	-0.26860904693603516	0.21727363765239716	-0.055457185953855515	-0.0405566543340683	-0.13622482120990753	-0.10254823416471481	-0.14214447140693665	0.042477741837501526	0.017620446160435677	-0.055427100509405136	0.2035757154226303	-0.18367807567119598	-0.0552368201315403	-0.08701888471841812	0.07527358829975128	-0.10785757005214691	0.03132752701640129	0.1805586963891983	-0.08199991285800934	0.22151057422161102	0.12624140083789825	0.14220429956912994	-0.038041383028030396	0.1632213443517685	-0.12135707587003708	-0.021099889650940895	-0.04568194970488548	0.15763282775878906	-0.16149963438510895	0.04013597220182419	-0.16431353986263275	0.16627410054206848	-0.07711447775363922	-0.13113819062709808	0.15115609765052795	-0.06464514881372452	0.11536218971014023	-0.03478730097413063	-0.06160518154501915	0.039699800312519073	-0.09437654167413712	-0.26571717858314514	-0.19669049978256226	-0.1498437076807022	-0.09176716208457947	0.2605834901332855	0.14555470645427704	-0.2030772566795349	-0.19322988390922546	0.1218579038977623	-0.08389946073293686	-0.08823947608470917	-0.06352748721837997	0.11558254808187485	0.0036305042449384928	0.1525002270936966
-0.005540368612855673	-0.054458703845739365	0.19335728883743286	-0.12146791815757751	0.08708678185939789	-0.21519604325294495	0.043468210846185684	0.36058688163757324	-0.26860904693603516	0.21727363765239716	-0.055457185953855515	-0.0405566543340683	-0.13622482120990753	-0.10254823416471481	-0.14214447140693665	0.042477741837501526	0.017620446160435677	-0.055427100509405136	0.2035757154226303	-0.18367807567119598	-0.0552368201315403	-0.08701888471841812	0.07527358829975128	-0.10785757005214691	0.03132752701640129	0.1805586963891983	-0.08199991285800934	0.22151057422161102	0.12624140083789825	0.14220429956912994	-0.038041383028030396	0.1632213443517685	-0.12135707587003708	-0.021099889650940895	-0.04568194970488548	0.15763282775878906	-0.16149963438510895	0.04013597220182419	-0.16431353986263275	0.16627410054206848	-0.07711447775363922	-0.13113819062709808	0.15115609765052795	-0.06464514881372452	0.11536218971014023	-0.03478730097413063	-0.06160518154501915	0.039699800312519073	-0.09437654167413712	-0.26571717858314514	-0.19669049978256226	-0.1498437076807022	-0.09176716208457947	0.2605834901332855	0.14555470645427704	-0.2030772566795349	-0.19322988390922546	0.1218579038977623	-0.08389946073293686	-0.08823947608470917	-0.06352748721837997	0.11558254808187485	0.0036305042449384928	0.1525002270936966
-0.08726175874471664	0.007258223369717598	-0.11909319460391998	0.13861703872680664	0.11462821066379547	0.0933363065123558	-0.0031730325426906347	-0.24926869571208954	0.21963173151016235	-0.14526309072971344	0.0842147246003151	0.15545527637004852	0.15138570964336395	-0.02171877585351467	0.16369269788265228	-0.001529867760837078	-0.05965366214513779	0.046305444091558456	-0.09091267734766006	0.15399831533432007	0.09767749905586243	0.07787619531154633	-0.10700475424528122	0.10252844542264938	-0.0003840902936644852	-0.00756129901856184	-0.014457997865974903	-0.14221273362636566	-0.07552254945039749	-0.0516425222158432	-0.03553510084748268	-0.17055824398994446	0.1146417111158371	-0.09487815201282501	0.05044056102633476	-0.15480872988700867	0.004570788238197565	-0.0475146509706974	0.06268508732318878	-0.15768326818943024	-0.03973495215177536	0.0749296098947525	-0.0636475533246994	-0.014939149841666222	-0.18232659995555878	0.11002202332019806	0.033311471343040466	0.04544375464320183	0.052192844450473785	0.09962007403373718	0.13307887315750122	0.021998144686222076	0.03828279674053192	-0.23679882287979126	-0.08169032633304596	0.14197185635566711	0.09899993985891342	-0.109363853931427	0.06706282496452332	0.08847935497760773	0.09922363609075546	-0.12017592042684555	0.061857812106609344	-0.17577232420444489
0.07503528892993927	-0.07813660055398941	-0.035519637167453766	-0.06660005450248718	-0.02356291562318802	-0.06157143786549568	-0.09152036905288696	0.04145602881908417	-0.04127298295497894	-0.043174274265766144	-0.06487090140581131	-0.026572583243250847	0.09943315386772156	0.026079880073666573	0.008672775700688362	-0.0896645113825798	0.07776721566915512	0.04944820702075958	0.0728764533996582	-0.05984607711434364	-0.04163778945803642	0.05004660785198212	-0.1025107353925705	0.0072568305768072605	0.016080915927886963	0.002089451299980283	-0.08172490447759628	-0.004635803867131472	-0.1016170009970665	-0.0019467694219201803	0.03233078122138977	-0.09206783026456833	0.05738421157002449	0.049550265073776245	0.08714835345745087	-0.018268397077918053	-0.09389734268188477	0.05358891934156418	-0.010087031871080399	-0.025441767647862434	0.046378348022699356	-0.08315879851579666	0.039503660053014755	0.08481252938508987	0.06782983988523483	0.06252649426460266	0.08059126138687134	0.05088506266474724	0.06974808871746063	-0.08673711866140366	0.05887484923005104	-0.02830049768090248	-0.03711850941181183	-0.039953891187906265	0.006857139524072409	0.032712142914533615	0.09208023548126221	0.0004012262506876141	-0.055822692811489105	0.06617839634418488	0.02718641236424446	-0.06816215813159943	-0.0234310794621706	0.06260214000940323
0.03015471249818802	0.08105248957872391	0.06414160132408142	0.05019788071513176	0.10882449150085449	0.027703536674380302	-0.009912867099046707	-0.08871730417013168	-0.029480908066034317	-0.05040806904435158	0.012039406225085258	0.009901357814669609	0.028083214536309242	0.09211678057909012	0.03751150518655777	0.015353107824921608	0.03697001934051514	0.023515481501817703	-0.018621470779180527	-0.08040998876094818	-0.07153088599443436	0.04065607860684395	-0.02815983071923256	-0.01750713586807251	0.039220791310071945	-0.03679725527763367	0.012654430232942104	-0.013911404646933079	0.014217969961464405	-0.0962333008646965	-0.02392597682774067	-0.08199948072433472	-0.09222430735826492	0.07285848259925842	-0.018963100388646126	-0.0037580784410238266	-0.028302431106567383	0.005200848449021578	-0.004513156600296497	-0.09578640758991241	0.07474985718727112	-0.0667169913649559	-0.026606298983097076	0.05286889150738716	-0.026879284530878067	0.010424556210637093	0.05384888872504234	-0.05360595881938934	0.004353594034910202	-0.08906952291727066	0.05394293740391731	-0.08926014602184296	0.03565452620387077	-0.05618349090218544	-0.05058376491069794	0.042780179530382156	-0.024257855489850044	0.05520948767662048	-0.08925926685333252	0.01621902734041214	-0.04582436755299568	-0.040917910635471344	0.034109730273485184	0.015457559376955032
-0.005540368612855673	-0.054458703845739365	0.19335728883743286	-0.12146791815757751	0.08708678185939789	-0.21519604325294495	0.043468210846185684	0.36058688163757324	-0.26860904693603516	0.21727363765239716	-0.055457185953855515	-0.0405566543340683	-0.13622482120990753	-0.10254823416471481	-0.14214447140693665	0.042477741837501526	0.017620446160435677	-0.055427100509405136	0.2035757154226303	-0.18367807567119598	-0.0552368201315403	-0.08701888471841812	0.07527358829975128	-0.10785757005214691	0.03132752701640129	0.1805586963891983	-0.08199991285800934	0.22151057422161102	0.12624140083789825	0.14220429956912994	-0.038041383028030396	0.1632213443517685	-0.12135707587003708	-0.021099889650940895	-0.04568194970488548	0.15763282775878906	-0.16149963438510895	0.04013597220182419	-0.16431353986263275	0.16627410054206848	-0.07711447775363922	-0.13113819062709808	0.15115609765052795	-0.06464514881372452	0.11536218971014023	-0.03478730097413063	-0.06160518154501915	0.039699800312519073	-0.09437654167413712	-0.26571717858314514	-0.19669049978256226	-0.1498437076807022	-0.09176716208457947	0.2605834901332855	0.14555470645427704	-0.2030772566795349	-0.19322988390922546	0.1218579038977623	-0.08389946073293686	-0.08823947608470917	-0.06352748721837997	0.11558254808187485	0.0036305042449384928	0.1525002270936966
-0.005540368612855673	-0.054458703845739365	0.19335728883743286	-0.12146791815757751	0.08708678185939789	-0.21519604325294495	0.043468210846185684	0.36058688163757324	-0.26860904693603516	0.21727363765239716	-0.055457185953855515	-0.0405566543340683	-0.13622482120990753	-0.10254823416471481	-0.14214447140693665	0.042477741837501526	0.017620446160435677	-0.055427100509405136	0.2035757154226303	-0.18367807567119598	-0.0552368201315403	-0.08701888471841812	0.07527358829975128	-0.10785757005214691	0.03132752701640129	0.1805586963891983	-0.08199991285800934	0.22151057422161102	0.12624140083789825	0.14220429956912994	-0.038041383028030396	0.1632213443517685	-0.12135707587003708	-0.021099889650940895	-0.04568194970488548	0.15763282775878906	-0.16149963438510895	0.04013597220182419	-0.16431353986263275	0.16627410054206848	-0.07711447775363922	-0.13113819062709808	0.15115609765052795	-0.06464514881372452	0.11536218971014023	-0.03478730097413063	-0.06160518154501915	0.039699800312519073	-0.09437654167413712	-0.26571717858314514	-0.19669049978256226	-0.1498437076807022	-0.09176716208457947	0.2605834901332855	0.14555470645427704	-0.2030772566795349	-0.19322988390922546	0.1218579038977623	-0.08389946073293686	-0.08823947608470917	-0.06352748721837997	0.11558254808187485	0.0036305042449384928	0.1525002270936966
-0.08726175874471664	0.007258223369717598	-0.11909319460391998	0.13861703872680664	0.11462821066379547	0.0933363065123558	-0.0031730325426906347	-0.24926869571208954	0.21963173151016235	-0.14526309072971344	0.0842147246003151	0.15545527637004852	0.15138570964336395	-0.02171877585351467	0.16369269788265228	-0.001529867760837078	-0.05965366214513779	0.046305444091558456	-0.09091267734766006	0.15399831533432007	0.09767749905586243	0.07787619531154633	-0.10700475424528122	0.10252844542264938	-0.0003840902936644852	-0.00756129901856184	-0.014457997865974903	-0.14221273362636566	-0.07552254945039749	-0.0516425222158432	-0.03553510084748268	-0.17055824398994446	0.1146417111158371	-0.09487815201282501	0.05044056102633476	-0.15480872988700867	0.004570788238197565	-0.0475146509706974	0.06268508732318878	-0.15768326818943024	-0.03973495215177536	0.0749296098947525	-0.0636475533246994	-0.014939149841666222	-0.18232659995555878	0.11002202332019806	0.033311471343040466	0.04544375464320183	0.052192844450473785	0.09962007403373718	0.13307887315750122	0.021998144686222076	0.03828279674053192	-0.23679882287979126	-0.08169032633304596	0.14197185635566711	0.09899993985891342	-0.109363853931427	0.06706282496452332	0.08847935497760773	0.09922363609075546	-0.12017592042684555	0.061857812106609344	-0.17577232420444489
-0.005540368612855673	-0.054458703845739365	0.19335728883743286	-0.12146791815757751	0.08708678185939789	-0.21519604325294495	0.043468210846185684	0.36058688163757324	-0.26860904693603516	0.21727363765239716	-0.055457185953855515	-0.0405566543340683	-0.13622482120990753	-0.10254823416471481	-0.14214447140693665	0.042477741837501526	0.017620446160435677	-0.055427100509405136	0.2035757154226303	-0.18367807567119598	-0.0552368201315403	-0.08701888471841812	0.07527358829975128	-0.10785757005214691	0.03132752701640129	0.1805586963891983	-0.08199991285800934	0.22151057422161102	0.12624140083789825	0.14220429956912994	-0.038041383028030396	0.1632213443517685	-0.12135707587003708	-0.021099889650940895	-0.04568194970488548	0.15763282775878906	-0.16149963438510895	0.04013597220182419	-0.16431353986263275	0.16627410054206848	-0.07711447775363922	-0.13113819062709808	0.15115609765052795	-0.06464514881372452	0.11536218971014023	-0.03478730097413063	-0.06160518154501915	0.039699800312519073	-0.09437654167413712	-0.26571717858314514	-0.19669049978256226	-0.1498437076807022	-0.09176716208457947	0.2605834901332855	0.14555470645427704	-0.2030772566795349	-0.19322988390922546	0.1218579038977623	-0.08389946073293686	-0.08823947608470917	-0.06352748721837997	0.11558254808187485	0.0036305042449384928	0.1525002270936966
-0.08726175874471664	0.007258223369717598	-0.11909319460391998	0.13861703872680664	0.11462821066379547	0.0933363065123558	-0.0031730325426906347	-0.24926869571208954	0.21963173151016235	-0.14526309072971344	0.0842147246003151	0.15545527637004852	0.15138570964336395	-0.02171877585351467	0.16369269788265228	-0.001529867760837078	-0.05965366214513779	0.046305444091558456	-0.09091267734766006	0.15399831533432007	0.09767749905586243	0.07787619531154633	-0.10700475424528122	0.10252844542264938	-0.0003840902936644852	-0.00756129901856184	-0.014457997865974903	-0.14221273362636566	-0.07552254945039749	-0.0516425222158432	-0.03553510084748268	-0.17055824398994446	0.1146417111158371	-0.09487815201282501	0.05044056102633476	-0.15480872988700867	0.004570788238197565	-0.0475146509706974	0.06268508732318878	-0.15768326818943024	-0.03973495215177536	0.0749296098947525	-0.0636475533246994	-0.014939149841666222	-0.18232659995555878	0.11002202332019806	0.033311471343040466	0.04544375464320183	0.052192844450473785	0.09962007403373718	0.13307887315750122	0.021998144686222076	0.03828279674053192	-0.23679882287979126	-0.08169032633304596	0.14197185635566711	0.09899993985891342	-0.109363853931427	0.06706282496452332	0.08847935497760773	0.09922363609075546	-0.12017592042684555	0.061857812106609344	-0.17577232420444489
-0.08726175874471664	0.007258223369717598	-0.11909319460391998	0.13861703872680664	0.11462821066379547	0.0933363065123558	-0.0031730325426906347	-0.24926869571208954	0.21963173151016235	-0.14526309072971344	0.0842147246003151	0.15545527637004852	0.15138570964336395	-0.02171877585351467	0.16369269788265228	-0.001529867760837078	-0.05965366214513779	0.046305444091558456	-0.09091267734766006	0.15399831533432007	0.09767749905586243	0.07787619531154633	-0.10700475424528122	0.10252844542264938	-0.0003840902936644852	-0.00756129901856184	-0.014457997865974903	-0.14221273362636566	-0.07552254945039749	-0.0516425222158432	-0.03553510084748268	-0.17055824398994446	0.1146417111158371	-0.09487815201282501	0.05044056102633476	-0.15480872988700867	0.004570788238197565	-0.0475146509706974	0.06268508732318878	-0.15768326818943024	-0.03973495215177536	0.0749296098947525	-0.0636475533246994	-0.014939149841666222	-0.18232659995555878	0.11002202332019806	0.033311471343040466	0.04544375464320183	0.052192844450473785	0.09962007403373718	0.13307887315750122	0.021998144686222076	0.03828279674053192	-0.23679882287979126	-0.08169032633304596	0.14197185635566711	0.09899993985891342	-0.109363853931427	0.06706282496452332	0.08847935497760773	0.09922363609075546	-0.12017592042684555	0.061857812106609344	-0.17577232420444489
-0.005540368612855673	-0.054458703845739365	0.19335728883743286	-0.12146791815757751	0.08708678185939789	-0.21519604325294495	0.043468210846185684	0.36058688163757324	-0.26860904693603516	0.21727363765239716	-0.055457185953855515	-0.0405566543340683	-0.13622482120990753	-0.10254823416471481	-0.14214447140693665	0.042477741837501526	0.017620446160435677	-0.055427100509405136	0.2035757154226303	-0.18367807567119598	-0.0552368201315403	-0.08701888471841812	0.07527358829975128	-0.10785757005214691	0.03132752701640129	0.1805586963891983	-0.08199991285800934	0.22151057422161102	0.12624140083789825	0.14220429956912994	-0.038041383028030396	0.1632213443517685	-0.12135707587003708	-0.021099889650940895	-0.04568194970488548	0.15763282775878906	-0.16149963438510895	0.04013597220182419	-0.16431353986263275	0.16627410054206848	-0.07711447775363922	-0.13113819062709808	0.15115609765052795	-0.06464514881372452	0.11536218971014023	-0.03478730097413063	-0.06160518154501915	0.039699800312519073	-0.09437654167413712	-0.26571717858314514	-0.19669049978256226	-0.1498437076807022	-0.09176716208457947	0.2605834901332855	0.14555470645427704	-0.2030772566795349	-0.19322988390922546	0.1218579038977623	-0.08389946073293686	-0.08823947608470917	-0.06352748721837997	0.11558254808187485	0.0036305042449384928	0.1525002270936966
-0.005540368612855673	-0.054458703845739365	0.19335728883743286	-0.12146791815757751	0.08708678185939789	-0.21519604325294495	0.043468210846185684	0.36058688163757324	-0.26860904693603516	0.21727363765239716	-0.055457185953855515	-0.0405566543340683	-0.13622482120990753	-0.10254823416471481	-0.14214447140693665	0.042477741837501526	0.017620446160435677	-0.055427100509405136	0.2035757154226303	-0.18367807567119598	-0.0552368201315403	-0.08701888471841812	0.07527358829975128	-0.10785757005214691	0.03132752701640129	0.1805586963891983	-0.08199991285800934	0.22151057422161102	0.12624140083789825	0.14220429956912994	-0.038041383028030396	0.1632213443517685	-0.12135707587003708	-0.021099889650940895	-0.04568194970488548	0.15763282775878906	-0.16149963438510895	0.04013597220182419	-0.16431353986263275	0.16627410054206848	-0.07711447775363922	-0.13113819062709808	0.15115609765052795	-0.06464514881372452	0.11536218971014023	-0.03478730097413063	-0.06160518154501915	0.039699800312519073	-0.09437654167413712	-0.26571717858314514	-0.19669049978256226	-0.1498437076807022	-0.09176716208457947	0.2605834901332855	0.14555470645427704	-0.2030772566795349	-0.19322988390922546	0.1218579038977623	-0.08389946073293686	-0.08823947608470917	-0.06352748721837997	0.11558254808187485	0.0036305042449384928	0.1525002270936966
-0.07644042372703552	0.03280193731188774	0.028897104784846306	-0.022979067638516426	-0.06401348859071732	-0.03477269783616066	0.0909198597073555	0.037440765649080276	0.056938476860523224	0.06606990098953247	0.009755773469805717	0.03461318463087082	0.06557797640562057	-0.05306678265333176	0.09849721193313599	-0.07069947570562363	-0.039638955146074295	0.08217065036296844	-0.10251548886299133	-0.021876109763979912	-0.04519239813089371	-0.0934620127081871	-0.05616654455661774	0.023945223540067673	-0.04406038299202919	-0.06015566736459732	-0.0761626660823822	-0.013541319407522678	-0.049041472375392914	0.04373232647776604	-0.09184306859970093	-0.05915508419275284	0.023101553320884705	-0.04449049383401871	-0.08854838460683823	0.006678054574877024	0.010253043845295906	0.048299554735422134	-0.08821713179349899	-0.03353710472583771	0.07300599664449692	0.10383927822113037	0.08202988654375076	0.00034052913542836905	-0.0291089229285717	-0.065807044506073	0.09139253199100494	0.09166145324707031	0.0176830030977726	0.08256839960813522	0.09117646515369415	0.06614107638597488	0.0018168878741562366	0.07543604075908661	-0.08159317076206207	-0.037157975137233734	0.012973272241652012	0.09228330850601196	-0.053218379616737366	-0.09666554629802704	-0.10003252327442169	0.00995846837759018	-0.050284527242183685	0.07661447674036026
-0.08726175874471664	0.007258223369717598	-0.11909319460391998	0.13861703872680664	0.11462821066379547	0.0933363065123558	-0.0031730325426906347	-0.24926869571208954	0.21963173151016235	-0.14526309072971344	0.0842147246003151	0.15545527637004852	0.15138570964336395	-0.02171877585351467	0.16369269788265228	-0.001529867760837078	-0.05965366214513779	0.046305444091558456	-0.09091267734766006	0.15399831533432007	0.09767749905586243	0.07787619531154633	-0.10700475424528122	0.10252844542264938	-0.0003840902936644852	-0.00756129901856184	-0.014457997865974903	-0.14221273362636566	-0.07552254945039749	-0.0516425222158432	-0.03553510084748268	-0.17055824398994446	0.1146417111158371	-0.09487815201282501	0.05044056102633476	-0.15480872988700867	0.004570788238197565	-0.0475146509706974	0.06268508732318878	-0.15768326818943024	-0.03973495215177536	0.0749296098947525	-0.0636475533246994	-0.014939149841666222	-0.18232659995555878	0.11002202332019806	0.033311471343040466	0.04544375464320183	0.052192844450473785	0.09962007403373718	0.13307887315750122	0.021998144686222076	0.03828279674053192	-0.23679882287979126	-0.08169032633304596	0.14197185635566711	0.09899993985891342	-0.109363853931427	0.06706282496452332	0.08847935497760773	0.09922363609075546	-0.12017592042684555	0.061857812106609344	-0.17577232420444489
0.03015471249818802	0.08105248957872391	0.06414160132408142	0.05019788071513176	0.10882449150085449	0.027703536674380302	-0.009912867099046707	-0.08871730417013168	-0.029480908066034317	-0.05040806904435158	0.012039406225085258	0.009901357814669609	0.028083214536309242	0.09211678057909012	0.03751150518655777	0.015353107824921608	0.03697001934051514	0.023515481501817703	-0.018621470779180527	-0.08040998876094818	-0.07153088599443436	0.04065607860684395	-0.02815983071923256	-0.01750713586807251	0.039220791310071945	-0.03679725527763367	0.012654430232942104	-0.013911404646933079	0.014217969961464405	-0.0962333008646965	-0.02392597682774067	-0.08199948072433472	-0.09222430735826492	0.07285848259925842	-0.018963100388646126	-0.0037580784410238266	-0.028302431106567383	0.005200848449021578	-0.004513156600296497	-0.09578640758991241	0.07474985718727112	-0.0667169913649559	-0.026606298983097076	0.05286889150738716	-0.026879284530878067	0.010424556210637093	0.05384888872504234	-0.05360595881938934	0.004353594034910202	-0.08906952291727066	0.05394293740391731	-0.08926014602184296	0.03565452620387077	-0.05618349090218544	-0.05058376491069794	0.042780179530382156	-0.024257855489850044	0.05520948767662048	-0.08925926685333252	0.01621902734041214	-0.04582436755299568	-0.040917910635471344	0.034109730273485184	0.015457559376955032
-0.08726175874471664	0.007258223369717598	-0.11909319460391998	0.13861703872680664	0.11462821066379547	0.0933363065123558	-0.0031730325426906347	-0.24926869571208954	0.21963173151016235	-0.14526309072971344	0.0842147246003151	0.15545527637004852	0.15138570964336395	-0.02171877585351467	0.16369269788265228	-0.001529867760837078	-0.05965366214513779	0.046305444091558456	-0.09091267734766006	0.15399831533432007	0.09767749905586243	0.07787619531154633	-0.10700475424528122	0.10252844542264938	-0.0003840902936644852	-0.00756129901856184	-0.014457997865974903	-0.14221273362636566	-0.07552254945039749	-0.0516425222158432	-0.03553510084748268	-0.17055824398994446	0.1146417111158371	-0.09487815201282501	0.05044056102633476	-0.15480872988700867	0.004570788238197565	-0.0475146509706974	0.06268508732318878	-0.15768326818943024	-0.03973495215177536	0.0749296098947525	-0.0636475533246994	-0.014939149841666222	-0.18232659995555878	0.11002202332019806	0.033311471343040466	0.04544375464320183	0.052192844450473785	0.09962007403373718	0.13307887315750122	0.021998144686222076	0.03828279674053192	-0.23679882287979126	-0.08169032633304596	0.14197185635566711	0.09899993985891342	-0.109363853931427	0.06706282496452332	0.08847935497760773	0.09922363609075546	-0.12017592042684555	0.061857812106609344	-0.17577232420444489
-0.005540368612855673	-0.054458703845739365	0.19335728883743286	-0.12146791815757751	0.08708678185939789	-0.21519604325294495	0.043468210846185684	0.36058688163757324	-0.26860904693603516	0.21727363765239716	-0.055457185953855515	-0.0405566543340683	-0.13622482120990753	-0.10254823416471481	-0.14214447140693665	0.042477741837501526	0.017620446160435677	-0.055427100509405136	0.2035757154226303	-0.18367807567119598	-0.0552368201315403	-0.08701888471841812	0.07527358829975128	-0.10785757005214691	0.03132752701640129	0.1805586963891983	-0.08199991285800934	0.22151057422161102	0.12624140083789825	0.14220429956912994	-0.038041383028030396	0.1632213443517685	-0.12135707587003708	-0.021099889650940895	-0.04568194970488548	0.15763282775878906	-0.16149963438510895	0.04013597220182419	-0.16431353986263275	0.16627410054206848	-0.07711447775363922	-0.13113819062709808	0.15115609765052795	-0.06464514881372452	0.11536218971014023	-0.03478730097413063	-0.06160518154501915	0.039699800312519073	-0.09437654167413712	-0.26571717858314514	-0.19669049978256226	-0.1498437076807022	-0.09176716208457947	0.2605834901332855	0.14555470645427704	-0.2030772566795349	-0.19322988390922546	0.1218579038977623	-0.08389946073293686	-0.08823947608470917	-0.06352748721837997	0.11558254808187485	0.0036305042449384928	0.1525002270936966
-0.07433612644672394	0.04944539815187454	-0.12472765892744064	0.08360902220010757	-0.05512083321809769	0.09909230470657349	0.06381590664386749	-0.031858835369348526	0.041558727622032166	-0.0608585886657238	-0.000545004615560174	0.09172520786523819	0.054548345506191254	-0.08035594969987869	0.011707024648785591	-0.003024728037416935	0.07149409502744675	-0.020776905119419098	-0.012386403977870941	-0.04822733253240585	-0.05423537269234657	0.01671617664396763	-0.0734582394361496	0.0879814550280571	-0.0607786700129509	0.06495903432369232	-0.05310641974210739	-0.06970535963773727	-0.10276991128921509	-0.023150237277150154	-0.02130979113280773	-0.048095814883708954	-0.005666122771799564	0.04321169853210449	0.046491589397192	-0.07808869332075119	0.10227972269058228	-0.05852265655994415	0.053302548825740814	0.07206448912620544	-0.0758686289191246	-0.0724669024348259	0.05191656947135925	-0.06705943495035172	0.025406809523701668	0.023338785395026207	0.016545327380299568	-0.027595100924372673	-0.07019542157649994	0.07632608711719513	-0.0541495643556118	-0.06362883746623993	-0.05727265402674675	0.006307053379714489	0.06686732918024063	-0.007214631885290146	0.1062275767326355	0.01579524576663971	0.07050888240337372	0.023257290944457054	-0.05829266831278801	0.0006626701797358692	-0.042199913412332535	-0.12078343331813812
-0.08726175874471664	0.007258223369717598	-0.11909319460391998	0.13861703872680664	0.11462821066379547	0.0933363065123558	-0.0031730325426906347	-0.24926869571208954	0.21963173151016235	-0.14526309072971344	0.0842147246003151	0.15545527637004852	0.15138570964336395	-0.02171877585351467	0.16369269788265228	-0.001529867760837078	-0.05965366214513779	0.046305444091558456	-0.09091267734766006	0.15399831533432007	0.09767749905586243	0.07787619531154633	-0.10700475424528122	0.10252844542264938	-0.0003840902936644852	-0.00756129901856184	-0.014457997865974903	-0.14221273362636566	-0.07552254945039749	-0.0516425222158432	-0.03553510084748268	-0.17055824398994446	0.1146417111158371	-0.09487815201282501	0.05044056102633476	-0.15480872988700867	0.004570788238197565	-0.0475146509706974	0.06268508732318878	-0.15768326818943024	-0.03973495215177536	0.0749296098947525	-0.0636475533246994	-0.014939149841666222	-0.18232659995555878	0.11002202332019806	0.033311471343040466	0.04544375464320183	0.052192844450473785	0.09962007403373718	0.13307887315750122	0.021998144686222076	0.03828279674053192	-0.23679882287979126	-0.08169032633304596	0.14197185635566711	0.09899993985891342	-0.109363853931427	0.06706282496452332	0.08847935497760773	0.09922363609075546	-0.12017592042684555	0.061857812106609344	-0.17577232420444489
-0.08726175874471664	0.007258223369717598	-0.11909319460391998	0.13861703872680664	0.11462821066379547	0.0933363065123558	-0.0031730325426906347	-0.24926869571208954	0.21963173151016235	-0.14526309072971344	0.0842147246003151	0.15545527637004852	0.15138570964336395	-0.02171877585351467	0.16369269788265228	-0.001529867760837078	-0.05965366214513779	0.046305444091558456	-0.09091267734766006	0.15399831533432007	0.09767749905586243	0.07787619531154633	-0.10700475424528122	0.10252844542264938	-0.0003840902936644852	-0.00756129901856184	-0.014457997865974903	-0.14221273362636566	-0.07552254945039749	-0.0516425222158432	-0.03553510084748268	-0.17055824398994446	0.1146417111158371	-0.09487815201282501	0.05044056102633476	-0.15480872988700867	0.004570788238197565	-0.0475146509706974	0.06268508732318878	-0.15768326818943024	-0.03973495215177536	0.0749296098947525	-0.0636475533246994	-0.014939149841666222	-0.18232659995555878	0.11002202332019806	0.033311471343040466	0.04544375464320183	0.052192844450473785	0.09962007403373718	0.13307887315750122	0.021998144686222076	0.03828279674053192	-0.23679882287979126	-0.08169032633304596	0.14197185635566711	0.09899993985891342	-0.109363853931427	0.06706282496452332	0.08847935497760773	0.09922363609075546	-0.12017592042684555	0.061857812106609344	-0.17577232420444489
-0.005540368612855673	-0.054458703845739365	0.19335728883743286	-0.12146791815757751	0.08708678185939789	-0.21519604325294495	0.043468210846185684	0.36058688163757324	-0.26860904693603516	0.21727363765239716	-0.055457185953855515	-0.0405566543340683	-0.13622482120990753	-0.10254823416471481	-0.14214447140693665	0.042477741837501526	0.017620446160435677	-0.055427100509405136	0.2035757154226303	-0.18367807567119598	-0.0552368201315403	-0.08701888471841812	0.07527358829975128	-0.10785757005214691	0.03132752701640129	0.1805586963891983	-0.08199991285800934	0.22151057422161102	0.12624140083789825	0.14220429956912994	-0.038041383028030396	0.1632213443517685	-0.12135707587003708	-0.021099889650940895	-0.04568194970488548	0.15763282775878906	-0.16149963438510895	0.04013597220182419	-0.16431353986263275	0.16627410054206848	-0.07711447775363922	-0.13113819062709808	0.15115609765052795	-0.06464514881372452	0.11536218971014023	-0.03478730097413063	-0.06160518154501915	0.039699800312519073	-0.09437654167413712	-0.26571717858314514	-0.19669049978256226	-0.1498437076807022	-0.09176716208457947	0.2605834901332855	0.14555470645427704	-0.2030772566795349	-0.19322988390922546	0.1218579038977623	-0.08389946073293686	-0.08823947608470917	-0.06352748721837997	0.11558254808187485	0.0036305042449384928	0.1525002270936966
-0.08726175874471664	0.007258223369717598	-0.11909319460391998	0.13861703872680664	0.11462821066379547	0.0933363065123558	-0.0031730325426906347	-0.24926869571208954	0.21963173151016235	-0.14526309072971344	0.0842147246003151	0.15545527637004852	0.15138570964336395	-0.02171877585351467	0.16369269788265228	-0.001529867760837078	-0.05965366214513779	0.046305444091558456	-0.09091267734766006	0.15399831533432007	0.09767749905586243	0.07787619531154633	-0.10700475424528122	0.10252844542264938	-0.0003840902936644852	-0.00756129901856184	-0.014457997865974903	-0.14221273362636566	-0.07552254945039749	-0.0516425222158432	-0.03553510084748268	-0.17055824398994446	0.1146417111158371	-0.09487815201282501	0.05044056102633476	-0.15480872988700867	0.004570788238197565	-0.0475146509706974	0.06268508732318878	-0.15768326818943024	-0.03973495215177536	0.0749296098947525	-0.0636475533246994	-0.014939149841666222	-0.18232659995555878	0.11002202332019806	0.033311471343040466	0.04544375464320183	0.052192844450473785	0.09962007403373718	0.13307887315750122	0.021998144686222076	0.03828279674053192	-0.23679882287979126	-0.08169032633304596	0.14197185635566711	0.09899993985891342	-0.109363853931427	0.06706282496452332	0.08847935497760773	0.09922363609075546	-0.12017592042684555	0.061857812106609344	-0.17577232420444489
-0.07433612644672394	0.04944539815187454	-0.12472765892744064	0.08360902220010757	-0.05512083321809769	0.09909230470657349	0.06381590664386749	-0.031858835369348526	0.041558727622032166	-0.0608585886657238	-0.000545004615560174	0.09172520786523819	0.054548345506191254	-0.08035594969987869	0.011707024648785591	-0.003024728037416935	0.07149409502744675	-0.020776905119419098	-0.012386403977870941	-0.04822733253240585	-0.05423537269234657	0.01671617664396763	-0.0734582394361496	0.0879814550280571	-0.0607786700129509	0.06495903432369232	-0.05310641974210739	-0.06970535963773727	-0.10276991128921509	-0.023150237277150154	-0.02130979113280773	-0.048095814883708954	-0.005666122771799564	0.04321169853210449	0.046491589397192	-0.07808869332075119	0.10227972269058228	-0.05852265655994415	0.053302548825740814	0.07206448912620544	-0.0758686289191246	-0.0724669024348259	0.05191656947135925	-0.06705943495035172	0.025406809523701668	0.023338785395026207	0.016545327380299568	-0.027595100924372673	-0.07019542157649994	0.07632608711719513	-0.0541495643556118	-0.06362883746623993	-0.05727265402674675	0.006307053379714489	0.06686732918024063	-0.007214631885290146	0.1062275767326355	0.01579524576663971	0.07050888240337372	0.023257290944457054	-0.05829266831278801	0.0006626701797358692	-0.042199913412332535	-0.12078343331813812
-0.005540368612855673	-0.054458703845739365	0.19335728883743286	-0.12146791815757751	0.08708678185939789	-0.21519604325294495	0.043468210846185684	0.36058688163757324	-0.26860904693603516	0.21727363765239716	-0.055457185953855515	-0.0405566543340683	-0.13622482120990753	-0.10254823416471481	-0.14214447140693665	0.042477741837501526	0.017620446160435677	-0.055427100509405136	0.2035757154226303	-0.18367807567119598	-0.0552368201315403	-0.08701888471841812	0.07527358829975128	-0.10785757005214691	0.03132752701640129	0.1805586963891983	-0.08199991285800934	0.22151057422161102	0.12624140083789825	0.14220429956912994	-0.038041383028030396	0.1632213443517685	-0.12135707587003708	-0.021099889650940895	-0.04568194970488548	0.15763282775878906	-0.16149963438510895	0.04013597220182419	-0.16431353986263275	0.16627410054206848	-0.07711447775363922	-0.13113819062709808	0.15115609765052795	-0.06464514881372452	0.11536218971014023	-0.03478730097413063	-0.06160518154501915	0.039699800312519073	-0.09437654167413712	-0.26571717858314514	-0.19669049978256226	-0.1498437076807022	-0.09176716208457947	0.2605834901332855	0.14555470645427704	-0.2030772566795349	-0.19322988390922546	0.1218579038977623	-0.08389946073293686	-0.08823947608470917	-0.06352748721837997	0.11558254808187485	0.0036305042449384928	0.1525002270936966
-0.08726175874471664	0.007258223369717598	-0.11909319460391998	0.13861703872680664	0.11462821066379547	0.0933363065123558	-0.0031730325426906347	-0.24926869571208954	0.21963173151016235	-0.14526309072971344	0.0842147246003151	0.15545527637004852	0.15138570964336395	-0.02171877585351467	0.16369269788265228	-0.001529867760837078	-0.05965366214513779	0.046305444091558456	-0.09091267734766006	0.15399831533432007	0.09767749905586243	0.07787619531154633	-0.10700475424528122	0.10252844542264938	-0.0003840902936644852	-0.00756129901856184	-0.014457997865974903	-0.14221273362636566	-0.07552254945039749	-0.0516425222158432	-0.03553510084748268	-0.17055824398994446	0.1146417111158371	-0.09487815201282501	0.05044056102633476	-0.15480872988700867	0.004570788238197565	-0.0475146509706974	0.06268508732318878	-0.15768326818943024	-0.03973495215177536	0.0749296098947525	-0.0636475533246994	-0.014939149841666222	-0.18232659995555878	0.11002202332019806	0.033311471343040466	0.04544375464320183	0.052192844450473785	0.09962007403373718	0.13307887315750122	0.021998144686222076	0.03828279674053192	-0.23679882287979126	-0.08169032633304596	0.14197185635566711	0.09899993985891342	-0.109363853931427	0.06706282496452332	0.08847935497760773	0.09922363609075546	-0.12017592042684555	0.061857812106609344	-0.17577232420444489
-0.08726175874471664	0.007258223369717598	-0.11909319460391998	0.13861703872680664	0.11462821066379547	0.0933363065123558	-0.0031730325426906347	-0.24926869571208954	0.21963173151016235	-0.14526309072971344	0.0842147246003151	0.15545527637004852	0.15138570964336395	-0.02171877585351467	0.16369269788265228	-0.001529867760837078	-0.05965366214513779	0.046305444091558456	-0.09091267734766006	0.15399831533432007	0.09767749905586243	0.07787619531154633	-0.10700475424528122	0.10252844542264938	-0.0003840902936644852	-0.00756129901856184	-0.014457997865974903	-0.14221273362636566	-0.07552254945039749	-0.0516425222158432	-0.03553510084748268	-0.17055824398994446	0.1146417111158371	-0.09487815201282501	0.05044056102633476	-0.15480872988700867	0.004570788238197565	-0.0475146509706974	0.06268508732318878	-0.15768326818943024	-0.03973495215177536	0.0749296098947525	-0.0636475533246994	-0.014939149841666222	-0.18232659995555878	0.11002202332019806	0.033311471343040466	0.04544375464320183	0.052192844450473785	0.09962007403373718	0.13307887315750122	0.021998144686222076	0.03828279674053192	-0.23679882287979126	-0.08169032633304596	0.14197185635566711	0.09899993985891342	-0.109363853931427	0.06706282496452332	0.08847935497760773	0.09922363609075546	-0.12017592042684555	0.061857812106609344	-0.17577232420444489
-0.08726175874471664	0.007258223369717598	-0.11909319460391998	0.13861703872680664	0.11462821066379547	0.0933363065123558	-0.0031730325426906347	-0.24926869571208954	0.21963173151016235	-0.14526309072971344	0.0842147246003151	0.15545527637004852	0.15138570964336395	-0.02171877585351467	0.16369269788265228	-0.001529867760837078	-0.05965366214513779	0.046305444091558456	-0.09091267734766006	0.15399831533432007	0.09767749905586243	0.07787619531154633	-0.10700475424528122	0.10252844542264938	-0.0003840902936644852	-0.00756129901856184	-0.014457997865974903	-0.14221273362636566	-0.07552254945039749	-0.0516425222158432	-0.03553510084748268	-0.17055824398994446	0.1146417111158371	-0.09487815201282501	0.05044056102633476	-0.15480872988700867	0.004570788238197565	-0.0475146509706974	0.06268508732318878	-0.15768326818943024	-0.03973495215177536	0.0749296098947525	-0.0636475533246994	-0.014939149841666222	-0.18232659995555878	0.11002202332019806	0.033311471343040466	0.04544375464320183	0.052192844450473785	0.09962007403373718	0.13307887315750122	0.021998144686222076	0.03828279674053192	-0.23679882287979126	-0.08169032633304596	0.14197185635566711	0.09899993985891342	-0.109363853931427	0.06706282496452332	0.08847935497760773	0.09922363609075546	-0.12017592042684555	0.061857812106609344	-0.17577232420444489
-0.005540368612855673	-0.054458703845739365	0.19335728883743286	-0.12146791815757751	0.08708678185939789	-0.21519604325294495	0.043468210846185684	0.36058688163757324	-0.26860904693603516	0.21727363765239716	-0.055457185953855515	-0.0405566543340683	-0.13622482120990753	-0.10254823416471481	-0.14214447140693665	0.042477741837501526	0.017620446160435677	-0.055427100509405136	0.2035757154226303	-0.18367807567119598	-0.0552368201315403	-0.08701888471841812	0.07527358829975128	-0.10785757005214691	0.03132752701640129	0.1805586963891983	-0.08199991285800934	0.22151057422161102	0.12624140083789825	0.14220429956912994	-0.038041383028030396	0.1632213443517685	-0.12135707587003708	-0.021099889650940895	-0.04568194970488548	0.15763282775878906	-0.16149963438510895	0.04013597220182419	-0.16431353986263275	0.16627410054206848	-0.07711447775363922	-0.13113819062709808	0.15115609765052795	-0.06464514881372452	0.11536218971014023	-0.03478730097413063	-0.06160518154501915	0.039699800312519073	-0.09437654167413712	-0.26571717858314514	-0.19669049978256226	-0.1498437076807022	-0.09176716208457947	0.2605834901332855	0.14555470645427704	-0.2030772566795349	-0.19322988390922546	0.1218579038977623	-0.08389946073293686	-0.08823947608470917	-0.06352748721837997	0.11558254808187485	0.0036305042449384928	0.1525002270936966
-0.005540368612855673	-0.054458703845739365	0.19335728883743286	-0.12146791815757751	0.08708678185939789	-0.21519604325294495	0.043468210846185684	0.36058688163757324	-0.26860904693603516	0.21727363765239716	-0.055457185953855515	-0.0405566543340683	-0.13622482120990753	-0.10254823416471481	-0.14214447140693665	0.042477741837501526	0.017620446160435677	-0.055427100509405136	0.2035757154226303	-0.18367807567119598	-0.0552368201315403	-0.08701888471841812	0.07527358829975128	-0.10785757005214691	0.03132752701640129	0.1805586963891983	-0.08199991285800934	0.22151057422161102	0.12624140083789825	0.14220429956912994	-0.038041383028030396	0.1632213443517685	-0.12135707587003708	-0.021099889650940895	-0.04568194970488548	0.15763282775878906	-0.16149963438510895	0.04013597220182419	-0.16431353986263275	0.16627410054206848	-0.07711447775363922	-0.13113819062709808	0.15115609765052795	-0.06464514881372452	0.11536218971014023	-0.03478730097413063	-0.06160518154501915	0.039699800312519073	-0.09437654167413712	-0.26571717858314514	-0.19669049978256226	-0.1498437076807022	-0.09176716208457947	0.2605834901332855	0.14555470645427704	-0.2030772566795349	-0.19322988390922546	0.1218579038977623	-0.08389946073293686	-0.08823947608470917	-0.06352748721837997	0.11558254808187485	0.0036305042449384928	0.1525002270936966
-0.08726175874471664	0.007258223369717598	-0.11909319460391998	0.13861703872680664	0.11462821066379547	0.0933363065123558	-0.0031730325426906347	-0.24926869571208954	0.21963173151016235	-0.14526309072971344	0.0842147246003151	0.15545527637004852	0.15138570964336395	-0.02171877585351467	0.16369269788265228	-0.001529867760837078	-0.05965366214513779	0.046305444091558456	-0.09091267734766006	0.15399831533432007	0.09767749905586243	0.07787619531154633	-0.10700475424528122	0.10252844542264938	-0.0003840902936644852	-0.00756129901856184	-0.014457997865974903	-0.14221273362636566	-0.07552254945039749	-0.0516425222158432	-0.03553510084748268	-0.17055824398994446	0.1146417111158371	-0.09487815201282501	0.05044056102633476	-0.15480872988700867	0.004570788238197565	-0.0475146509706974	0.06268508732318878	-0.15768326818943024	-0.03973495215177536	0.0749296098947525	-0.0636475533246994	-0.014939149841666222	-0.18232659995555878	0.11002202332019806	0.033311471343040466	0.04544375464320183	0.052192844450473785	0.09962007403373718	0.13307887315750122	0.021998144686222076	0.03828279674053192	-0.23679882287979126	-0.08169032633304596	0.14197185635566711	0.09899993985891342	-0.109363853931427	0.06706282496452332	0.08847935497760773	0.09922363609075546	-0.12017592042684555	0.061857812106609344	-0.17577232420444489
-0.005540368612855673	-0.054458703845739365	0.19335728883743286	-0.12146791815757751	0.08708678185939789	-0.21519604325294495	0.043468210846185684	0.36058688163757324	-0.26860904693603516	0.21727363765239716	-0.055457185953855515	-0.0405566543340683	-0.13622482120990753	-0.10254823416471481	-0.14214447140693665	0.042477741837501526	0.017620446160435677	-0.055427100509405136	0.2035757154226303	-0.18367807567119598	-0.0552368201315403	-0.08701888471841812	0.07527358829975128	-0.10785757005214691	0.03132752701640129	0.1805586963891983	-0.08199991285800934	0.22151057422161102	0.12624140083789825	0.14220429956912994	-0.038041383028030396	0.1632213443517685	-0.12135707587003708	-0.021099889650940895	-0.04568194970488548	0.15763282775878906	-0.16149963438510895	0.04013597220182419	-0.16431353986263275	0.16627410054206848	-0.07711447775363922	-0.13113819062709808	0.15115609765052795	-0.06464514881372452	0.11536218971014023	-0.03478730097413063	-0.06160518154501915	0.039699800312519073	-0.09437654167413712	-0.26571717858314514	-0.19669049978256226	-0.1498437076807022	-0.09176716208457947	0.2605834901332855	0.14555470645427704	-0.2030772566795349	-0.19322988390922546	0.1218579038977623	-0.08389946073293686	-0.08823947608470917	-0.06352748721837997	0.11558254808187485	0.0036305042449384928	0.1525002270936966
-0.07433612644672394	0.04944539815187454	-0.12472765892744064	0.08360902220010757	-0.05512083321809769	0.09909230470657349	0.06381590664386749	-0.031858835369348526	0.041558727622032166	-0.0608585886657238	-0.000545004615560174	0.09172520786523819	0.054548345506191254	-0.08035594969987869	0.011707024648785591	-0.003024728037416935	0.07149409502744675	-0.020776905119419098	-0.012386403977870941	-0.04822733253240585	-0.05423537269234657	0.01671617664396763	-0.0734582394361496	0.0879814550280571	-0.0607786700129509	0.06495903432369232	-0.05310641974210739	-0.06970535963773727	-0.10276991128921509	-0.023150237277150154	-0.02130979113280773	-0.048095814883708954	-0.005666122771799564	0.04321169853210449	0.046491589397192	-0.07808869332075119	0.10227972269058228	-0.05852265655994415	0.053302548825740814	0.07206448912620544	-0.0758686289191246	-0.0724669024348259	0.05191656947135925	-0.06705943495035172	0.025406809523701668	0.023338785395026207	0.016545327380299568	-0.027595100924372673	-0.07019542157649994	0.07632608711719513	-0.0541495643556118	-0.06362883746623993	-0.05727265402674675	0.006307053379714489	0.06686732918024063	-0.007214631885290146	0.1062275767326355	0.01579524576663971	0.07050888240337372	0.023257290944457054	-0.05829266831278801	0.0006626701797358692	-0.042199913412332535	-0.12078343331813812
0.08116396516561508	0.006310942582786083	0.022666024044156075	-0.0710112452507019	-0.07233849912881851	-0.0014496410731226206	0.07404519617557526	-0.024173710495233536	0.056532230228185654	0.08120176941156387	-0.07378101348876953	-0.048160869628190994	-0.027221372351050377	0.013350208289921284	0.013621262274682522	-0.03941179811954498	-0.01563783921301365	0.04654980078339577	0.07076197862625122	-0.0816512405872345	-0.06828247010707855	-0.07207781821489334	-0.05553498491644859	0.06383857131004333	0.08215837180614471	-0.049400001764297485	-0.04925739765167236	0.029882827773690224	-0.04821844771504402	0.011331534944474697	-0.02791503258049488	-0.08697552233934402	-0.03601594641804695	0.0005842244136147201	-0.09790197014808655	0.0221080482006073	0.02058367244899273	0.011607863940298557	0.08170704543590546	-0.0526919960975647	0.014193526469171047	0.06857618689537048	0.03166358545422554	-0.031849220395088196	0.09623345732688904	-0.014070197939872742	-0.08467811346054077	-0.02204972878098488	0.02614879608154297	0.056857697665691376	0.030889324843883514	-0.009733966551721096	0.028169605880975723	-0.04084246605634689	-0.011094833724200726	-0.04438548535108566	-0.02952338196337223	0.045149024575948715	-0.06341351568698883	0.02507098950445652	-0.05548906326293945	0.08696681261062622	0.0048586903139948845	0.033686600625514984
-0.005540368612855673	-0.054458703845739365	0.19335728883743286	-0.12146791815757751	0.08708678185939789	-0.21519604325294495	0.043468210846185684	0.36058688163757324	-0.26860904693603516	0.21727363765239716	-0.055457185953855515	-0.0405566543340683	-0.13622482120990753	-0.10254823416471481	-0.14214447140693665	0.042477741837501526	0.017620446160435677	-0.055427100509405136	0.2035757154226303	-0.18367807567119598	-0.0552368201315403	-0.08701888471841812	0.07527358829975128	-0.10785757005214691	0.03132752701640129	0.1805586963891983	-0.08199991285800934	0.22151057422161102	0.12624140083789825	0.14220429956912994	-0.038041383028030396	0.1632213443517685	-0.12135707587003708	-0.021099889650940895	-0.04568194970488548	0.15763282775878906	-0.16149963438510895	0.04013597220182419	-0.16431353986263275	0.16627410054206848	-0.07711447775363922	-0.13113819062709808	0.15115609765052795	-0.06464514881372452	0.11536218971014023	-0.03478730097413063	-0.06160518154501915	0.039699800312519073	-0.09437654167413712	-0.26571717858314514	-0.19669049978256226	-0.1498437076807022	-0.09176716208457947	0.2605834901332855	0.14555470645427704	-0.2030772566795349	-0.19322988390922546	0.1218579038977623	-0.08389946073293686	-0.08823947608470917	-0.06352748721837997	0.11558254808187485	0.0036305042449384928	0.1525002270936966
-0.005540368612855673	-0.054458703845739365	0.19335728883743286	-0.12146791815757751	0.08708678185939789	-0.21519604325294495	0.043468210846185684	0.36058688163757324	-0.26860904693603516	0.21727363765239716	-0.055457185953855515	-0.0405566543340683	-0.13622482120990753	-0.10254823416471481	-0.14214447140693665	0.042477741837501526	0.017620446160435677	-0.055427100509405136	0.2035757154226303	-0.18367807567119598	-0.0552368201315403	-0.08701888471841812	0.07527358829975128	-0.10785757005214691	0.03132752701640129	0.1805586963891983	-0.08199991285800934	0.22151057422161102	0.12624140083789825	0.14220429956912994	-0.038041383028030396	0.1632213443517685	-0.12135707587003708	-0.021099889650940895	-0.04568194970488548	0.15763282775878906	-0.16149963438510895	0.04013597220182419	-0.16431353986263275	0.16627410054206848	-0.07711447775363922	-0.13113819062709808	0.15115609765052795	-0.06464514881372452	0.11536218971014023	-0.03478730097413063	-0.06160518154501915	0.039699800312519073	-0.09437654167413712	-0.26571717858314514	-0.19669049978256226	-0.1498437076807022	-0.09176716208457947	0.2605834901332855	0.14555470645427704	-0.2030772566795349	-0.19322988390922546	0.1218579038977623	-0.08389946073293686	-0.08823947608470917	-0.06352748721837997	0.11558254808187485	0.0036305042449384928	0.1525002270936966
-0.08726175874471664	0.007258223369717598	-0.11909319460391998	0.13861703872680664	0.11462821066379547	0.0933363065123558	-0.0031730325426906347	-0.24926869571208954	0.21963173151016235	-0.14526309072971344	0.0842147246003151	0.15545527637004852	0.15138570964336395	-0.02171877585351467	0.16369269788265228	-0.001529867760837078	-0.05965366214513779	0.046305444091558456	-0.09091267734766006	0.15399831533432007	0.09767749905586243	0.07787619531154633	-0.10700475424528122	0.10252844542264938	-0.0003840902936644852	-0.00756129901856184	-0.014457997865974903	-0.14221273362636566	-0.07552254945039749	-0.0516425222158432	-0.03553510084748268	-0.17055824398994446	0.1146417111158371	-0.09487815201282501	0.05044056102633476	-0.15480872988700867	0.004570788238197565	-0.0475146509706974	0.06268508732318878	-0.15768326818943024	-0.03973495215177536	0.0749296098947525	-0.0636475533246994	-0.014939149841666222	-0.18232659995555878	0.11002202332019806	0.033311471343040466	0.04544375464320183	0.052192844450473785	0.09962007403373718	0.13307887315750122	0.021998144686222076	0.03828279674053192	-0.23679882287979126	-0.08169032633304596	0.14197185635566711	0.09899993985891342	-0.109363853931427	0.06706282496452332	0.08847935497760773	0.09922363609075546	-0.12017592042684555	0.061857812106609344	-0.17577232420444489
-0.005540368612855673	-0.054458703845739365	0.19335728883743286	-0.12146791815757751	0.08708678185939789	-0.21519604325294495	0.043468210846185684	0.36058688163757324	-0.26860904693603516	0.21727363765239716	-0.055457185953855515	-0.0405566543340683	-0.13622482120990753	-0.10254823416471481	-0.14214447140693665	0.042477741837501526	0.017620446160435677	-0.055427100509405136	0.2035757154226303	-0.18367807567119598	-0.0552368201315403	-0.08701888471841812	0.07527358829975128	-0.10785757005214691	0.03132752701640129	0.1805586963891983	-0.08199991285800934	0.22151057422161102	0.12624140083789825	0.14220429956912994	-0.038041383028030396	0.1632213443517685	-0.12135707587003708	-0.021099889650940895	-0.04568194970488548	0.15763282775878906	-0.16149963438510895	0.04013597220182419	-0.16431353986263275	0.16627410054206848	-0.07711447775363922	-0.13113819062709808	0.15115609765052795	-0.06464514881372452	0.11536218971014023	-0.03478730097413063	-0.06160518154501915	0.039699800312519073	-0.09437654167413712	-0.26571717858314514	-0.19669049978256226	-0.1498437076807022	-0.09176716208457947	0.2605834901332855	0.14555470645427704	-0.2030772566795349	-0.19322988390922546	0.1218579038977623	-0.08389946073293686	-0.08823947608470917	-0.06352748721837997	0.11558254808187485	0.0036305042449384928	0.1525002270936966
-0.07433612644672394	0.04944539815187454	-0.12472765892744064	0.08360902220010757	-0.05512083321809769	0.09909230470657349	0.06381590664386749	-0.031858835369348526	0.041558727622032166	-0.0608585886657238	-0.000545004615560174	0.09172520786523819	0.054548345506191254	-0.08035594969987869	0.011707024648785591	-0.003024728037416935	0.07149409502744675	-0.020776905119419098	-0.012386403977870941	-0.04822733253240585	-0.05423537269234657	0.01671617664396763	-0.0734582394361496	0.0879814550280571	-0.0607786700129509	0.06495903432369232	-0.05310641974210739	-0.06970535963773727	-0.10276991128921509	-0.023150237277150154	-0.02130979113280773	-0.048095814883708954	-0.005666122771799564	0.04321169853210449	0.046491589397192	-0.07808869332075119	0.10227972269058228	-0.05852265655994415	0.053302548825740814	0.07206448912620544	-0.0758686289191246	-0.0724669024348259	0.05191656947135925	-0.06705943495035172	0.025406809523701668	0.023338785395026207	0.016545327380299568	-0.027595100924372673	-0.07019542157649994	0.07632608711719513	-0.0541495643556118	-0.06362883746623993	-0.05727265402674675	0.006307053379714489	0.06686732918024063	-0.007214631885290146	0.1062275767326355	0.01579524576663971	0.07050888240337372	0.023257290944457054	-0.05829266831278801	0.0006626701797358692	-0.042199913412332535	-0.12078343331813812
-0.08726175874471664	0.007258223369717598	-0.11909319460391998	0.13861703872680664	0.11462821066379547	0.0933363065123558	-0.0031730325426906347	-0.24926869571208954	0.21963173151016235	-0.14526309072971344	0.0842147246003151	0.15545527637004852	0.15138570964336395	-0.02171877585351467	0.16369269788265228	-0.001529867760837078	-0.05965366214513779	0.046305444091558456	-0.09091267734766006	0.15399831533432007	0.09767749905586243	0.07787619531154633	-0.10700475424528122	0.10252844542264938	-0.0003840902936644852	-0.00756129901856184	-0.014457997865974903	-0.14221273362636566	-0.07552254945039749	-0.0516425222158432	-0.03553510084748268	-0.17055824398994446	0.1146417111158371	-0.09487815201282501	0.05044056102633476	-0.15480872988700867	0.004570788238197565	-0.0475146509706974	0.06268508732318878	-0.15768326818943024	-0.03973495215177536	0.0749296098947525	-0.0636475533246994	-0.014939149841666222	-0.18232659995555878	0.11002202332019806	0.033311471343040466	0.04544375464320183	0.052192844450473785	0.09962007403373718	0.13307887315750122	0.021998144686222076	0.03828279674053192	-0.23679882287979126	-0.08169032633304596	0.14197185635566711	0.09899993985891342	-0.109363853931427	0.06706282496452332	0.08847935497760773	0.09922363609075546	-0.12017592042684555	0.061857812106609344	-0.17577232420444489
-0.005540368612855673	-0.054458703845739365	0.19335728883743286	-0.12146791815757751	0.08708678185939789	-0.21519604325294495	0.043468210846185684	0.36058688163757324	-0.26860904693603516	0.21727363765239716	-0.055457185953855515	-0.0405566543340683	-0.13622482120990753	-0.10254823416471481	-0.14214447140693665	0.042477741837501526	0.017620446160435677	-0.055427100509405136	0.2035757154226303	-0.18367807567119598	-0.0552368201315403	-0.08701888471841812	0.07527358829975128	-0.10785757005214691	0.03132752701640129	0.1805586963891983	-0.08199991285800934	0.22151057422161102	0.12624140083789825	0.14220429956912994	-0.038041383028030396	0.1632213443517685	-0.12135707587003708	-0.021099889650940895	-0.04568194970488548	0.15763282775878906	-0.16149963438510895	0.04013597220182419	-0.16431353986263275	0.16627410054206848	-0.07711447775363922	-0.13113819062709808	0.15115609765052795	-0.06464514881372452	0.11536218971014023	-0.03478730097413063	-0.06160518154501915	0.039699800312519073	-0.09437654167413712	-0.26571717858314514	-0.19669049978256226	-0.1498437076807022	-0.09176716208457947	0.2605834901332855	0.14555470645427704	-0.2030772566795349	-0.19322988390922546	0.1218579038977623	-0.08389946073293686	-0.08823947608470917	-0.06352748721837997	0.11558254808187485	0.0036305042449384928	0.1525002270936966
-0.005540368612855673	-0.054458703845739365	0.19335728883743286	-0.12146791815757751	0.08708678185939789	-0.21519604325294495	0.043468210846185684	0.36058688163757324	-0.26860904693603516	0.21727363765239716	-0.055457185953855515	-0.0405566543340683	-0.13622482120990753	-0.10254823416471481	-0.14214447140693665	0.042477741837501526	0.017620446160435677	-0.055427100509405136	0.2035757154226303	-0.18367807567119598	-0.0552368201315403	-0.08701888471841812	0.07527358829975128	-0.10785757005214691	0.03132752701640129	0.1805586963891983	-0.08199991285800934	0.22151057422161102	0.12624140083789825	0.14220429956912994	-0.038041383028030396	0.1632213443517685	-0.12135707587003708	-0.021099889650940895	-0.04568194970488548	0.15763282775878906	-0.16149963438510895	0.04013597220182419	-0.16431353986263275	0.16627410054206848	-0.07711447775363922	-0.13113819062709808	0.15115609765052795	-0.06464514881372452	0.11536218971014023	-0.03478730097413063	-0.06160518154501915	0.039699800312519073	-0.09437654167413712	-0.26571717858314514	-0.19669049978256226	-0.1498437076807022	-0.09176716208457947	0.2605834901332855	0.14555470645427704	-0.2030772566795349	-0.19322988390922546	0.1218579038977623	-0.08389946073293686	-0.08823947608470917	-0.06352748721837997	0.11558254808187485	0.0036305042449384928	0.1525002270936966
-0.08726175874471664	0.007258223369717598	-0.11909319460391998	0.13861703872680664	0.11462821066379547	0.0933363065123558	-0.0031730325426906347	-0.24926869571208954	0.21963173151016235	-0.14526309072971344	0.0842147246003151	0.15545527637004852	0.15138570964336395	-0.02171877585351467	0.16369269788265228	-0.001529867760837078	-0.05965366214513779	0.046305444091558456	-0.09091267734766006	0.15399831533432007	0.09767749905586243	0.07787619531154633	-0.10700475424528122	0.10252844542264938	-0.0003840902936644852	-0.00756129901856184	-0.014457997865974903	-0.14221273362636566	-0.07552254945039749	-0.0516425222158432	-0.03553510084748268	-0.17055824398994446	0.1146417111158371	-0.09487815201282501	0.05044056102633476	-0.15480872988700867	0.004570788238197565	-0.0475146509706974	0.06268508732318878	-0.15768326818943024	-0.03973495215177536	0.0749296098947525	-0.0636475533246994	-0.014939149841666222	-0.18232659995555878	0.11002202332019806	0.033311471343040466	0.04544375464320183	0.052192844450473785	0.09962007403373718	0.13307887315750122	0.021998144686222076	0.03828279674053192	-0.23679882287979126	-0.08169032633304596	0.14197185635566711	0.09899993985891342	-0.109363853931427	0.06706282496452332	0.08847935497760773	0.09922363609075546	-0.12017592042684555	0.061857812106609344	-0.17577232420444489
-0.07433612644672394	0.04944539815187454	-0.12472765892744064	0.08360902220010757	-0.05512083321809769	0.09909230470657349	0.06381590664386749	-0.031858835369348526	0.041558727622032166	-0.0608585886657238	-0.000545004615560174	0.09172520786523819	0.054548345506191254	-0.08035594969987869	0.011707024648785591	-0.003024728037416935	0.07149409502744675	-0.020776905119419098	-0.012386403977870941	-0.04822733253240585	-0.05423537269234657	0.01671617664396763	-0.0734582394361496	0.0879814550280571	-0.0607786700129509	0.06495903432369232	-0.05310641974210739	-0.06970535963773727	-0.10276991128921509	-0.023150237277150154	-0.02130979113280773	-0.048095814883708954	-0.005666122771799564	0.04321169853210449	0.046491589397192	-0.07808869332075119	0.10227972269058228	-0.05852265655994415	0.053302548825740814	0.07206448912620544	-0.0758686289191246	-0.0724669024348259	0.05191656947135925	-0.06705943495035172	0.025406809523701668	0.023338785395026207	0.016545327380299568	-0.027595100924372673	-0.07019542157649994	0.07632608711719513	-0.0541495643556118	-0.06362883746623993	-0.05727265402674675	0.006307053379714489	0.06686732918024063	-0.007214631885290146	0.1062275767326355	0.01579524576663971	0.07050888240337372	0.023257290944457054	-0.05829266831278801	0.0006626701797358692	-0.042199913412332535	-0.12078343331813812
-0.005540368612855673	-0.054458703845739365	0.19335728883743286	-0.12146791815757751	0.08708678185939789	-0.21519604325294495	0.043468210846185684	0.36058688163757324	-0.26860904693603516	0.21727363765239716	-0.055457185953855515	-0.0405566543340683	-0.13622482120990753	-0.10254823416471481	-0.14214447140693665	0.042477741837501526	0.017620446160435677	-0.055427100509405136	0.2035757154226303	-0.18367807567119598	-0.0552368201315403	-0.08701888471841812	0.07527358829975128	-0.10785757005214691	0.03132752701640129	0.1805586963891983	-0.08199991285800934	0.22151057422161102	0.12624140083789825	0.14220429956912994	-0.038041383028030396	0.1632213443517685	-0.12135707587003708	-0.021099889650940895	-0.04568194970488548	0.15763282775878906	-0.16149963438510895	0.04013597220182419	-0.16431353986263275	0.16627410054206848	-0.07711447775363922	-0.13113819062709808	0.15115609765052795	-0.06464514881372452	0.11536218971014023	-0.03478730097413063	-0.06160518154501915	0.039699800312519073	-0.09437654167413712	-0.26571717858314514	-0.19669049978256226	-0.1498437076807022	-0.09176716208457947	0.2605834901332855	0.14555470645427704	-0.2030772566795349	-0.19322988390922546	0.1218579038977623	-0.08389946073293686	-0.08823947608470917	-0.06352748721837997	0.11558254808187485	0.0036305042449384928	0.1525002270936966
-0.005540368612855673	-0.054458703845739365	0.19335728883743286	-0.12146791815757751	0.08708678185939789	-0.21519604325294495	0.043468210846185684	0.36058688163757324	-0.26860904693603516	0.21727363765239716	-0.055457185953855515	-0.0405566543340683	-0.13622482120990753	-0.10254823416471481	-0.14214447140693665	0.042477741837501526	0.017620446160435677	-0.055427100509405136	0.2035757154226303	-0.18367807567119598	-0.0552368201315403	-0.08701888471841812	0.07527358829975128	-0.10785757005214691	0.03132752701640129	0.1805586963891983	-0.08199991285800934	0.22151057422161102	0.12624140083789825	0.14220429956912994	-0.038041383028030396	0.1632213443517685	-0.12135707587003708	-0.021099889650940895	-0.04568194970488548	0.15763282775878906	-0.16149963438510895	0.04013597220182419	-0.16431353986263275	0.16627410054206848	-0.07711447775363922	-0.13113819062709808	0.15115609765052795	-0.06464514881372452	0.11536218971014023	-0.03478730097413063	-0.06160518154501915	0.039699800312519073	-0.09437654167413712	-0.26571717858314514	-0.19669049978256226	-0.1498437076807022	-0.09176716208457947	0.2605834901332855	0.14555470645427704	-0.2030772566795349	-0.19322988390922546	0.1218579038977623	-0.08389946073293686	-0.08823947608470917	-0.06352748721837997	0.11558254808187485	0.0036305042449384928	0.1525002270936966
-0.08726175874471664	0.007258223369717598	-0.11909319460391998	0.13861703872680664	0.11462821066379547	0.0933363065123558	-0.0031730325426906347	-0.24926869571208954	0.21963173151016235	-0.14526309072971344	0.0842147246003151	0.15545527637004852	0.15138570964336395	-0.02171877585351467	0.16369269788265228	-0.001529867760837078	-0.05965366214513779	0.046305444091558456	-0.09091267734766006	0.15399831533432007	0.09767749905586243	0.07787619531154633	-0.10700475424528122	0.10252844542264938	-0.0003840902936644852	-0.00756129901856184	-0.014457997865974903	-0.14221273362636566	-0.07552254945039749	-0.0516425222158432	-0.03553510084748268	-0.17055824398994446	0.1146417111158371	-0.09487815201282501	0.05044056102633476	-0.15480872988700867	0.004570788238197565	-0.0475146509706974	0.06268508732318878	-0.15768326818943024	-0.03973495215177536	0.0749296098947525	-0.0636475533246994	-0.014939149841666222	-0.18232659995555878	0.11002202332019806	0.033311471343040466	0.04544375464320183	0.052192844450473785	0.09962007403373718	0.13307887315750122	0.021998144686222076	0.03828279674053192	-0.23679882287979126	-0.08169032633304596	0.14197185635566711	0.09899993985891342	-0.109363853931427	0.06706282496452332	0.08847935497760773	0.09922363609075546	-0.12017592042684555	0.061857812106609344	-0.17577232420444489
-0.08726175874471664	0.007258223369717598	-0.11909319460391998	0.13861703872680664	0.11462821066379547	0.0933363065123558	-0.0031730325426906347	-0.24926869571208954	0.21963173151016235	-0.14526309072971344	0.0842147246003151	0.15545527637004852	0.15138570964336395	-0.02171877585351467	0.16369269788265228	-0.001529867760837078	-0.05965366214513779	0.046305444091558456	-0.09091267734766006	0.15399831533432007	0.09767749905586243	0.07787619531154633	-0.10700475424528122	0.10252844542264938	-0.0003840902936644852	-0.00756129901856184	-0.014457997865974903	-0.14221273362636566	-0.07552254945039749	-0.0516425222158432	-0.03553510084748268	-0.17055824398994446	0.1146417111158371	-0.09487815201282501	0.05044056102633476	-0.15480872988700867	0.004570788238197565	-0.0475146509706974	0.06268508732318878	-0.15768326818943024	-0.03973495215177536	0.0749296098947525	-0.0636475533246994	-0.014939149841666222	-0.18232659995555878	0.11002202332019806	0.033311471343040466	0.04544375464320183	0.052192844450473785	0.09962007403373718	0.13307887315750122	0.021998144686222076	0.03828279674053192	-0.23679882287979126	-0.08169032633304596	0.14197185635566711	0.09899993985891342	-0.109363853931427	0.06706282496452332	0.08847935497760773	0.09922363609075546	-0.12017592042684555	0.061857812106609344	-0.17577232420444489
-0.005540368612855673	-0.054458703845739365	0.19335728883743286	-0.12146791815757751	0.08708678185939789	-0.21519604325294495	0.043468210846185684	0.36058688163757324	-0.26860904693603516	0.21727363765239716	-0.055457185953855515	-0.0405566543340683	-0.13622482120990753	-0.10254823416471481	-0.14214447140693665	0.042477741837501526	0.017620446160435677	-0.055427100509405136	0.2035757154226303	-0.18367807567119598	-0.0552368201315403	-0.08701888471841812	0.07527358829975128	-0.10785757005214691	0.03132752701640129	0.1805586963891983	-0.08199991285800934	0.22151057422161102	0.12624140083789825	0.14220429956912994	-0.038041383028030396	0.1632213443517685	-0.12135707587003708	-0.021099889650940895	-0.04568194970488548	0.15763282775878906	-0.16149963438510895	0.04013597220182419	-0.16431353986263275	0.16627410054206848	-0.07711447775363922	-0.13113819062709808	0.15115609765052795	-0.06464514881372452	0.11536218971014023	-0.03478730097413063	-0.06160518154501915	0.039699800312519073	-0.09437654167413712	-0.26571717858314514	-0.19669049978256226	-0.1498437076807022	-0.09176716208457947	0.2605834901332855	0.14555470645427704	-0.2030772566795349	-0.19322988390922546	0.1218579038977623	-0.08389946073293686	-0.08823947608470917	-0.06352748721837997	0.11558254808187485	0.0036305042449384928	0.1525002270936966
-0.005540368612855673	-0.054458703845739365	0.19335728883743286	-0.12146791815757751	0.08708678185939789	-0.21519604325294495	0.043468210846185684	0.36058688163757324	-0.26860904693603516	0.21727363765239716	-0.055457185953855515	-0.0405566543340683	-0.13622482120990753	-0.10254823416471481	-0.14214447140693665	0.042477741837501526	0.017620446160435677	-0.055427100509405136	0.2035757154226303	-0.18367807567119598	-0.0552368201315403	-0.08701888471841812	0.07527358829975128	-0.10785757005214691	0.03132752701640129	0.1805586963891983	-0.08199991285800934	0.22151057422161102	0.12624140083789825	0.14220429956912994	-0.038041383028030396	0.1632213443517685	-0.12135707587003708	-0.021099889650940895	-0.04568194970488548	0.15763282775878906	-0.16149963438510895	0.04013597220182419	-0.16431353986263275	0.16627410054206848	-0.07711447775363922	-0.13113819062709808	0.15115609765052795	-0.06464514881372452	0.11536218971014023	-0.03478730097413063	-0.06160518154501915	0.039699800312519073	-0.09437654167413712	-0.26571717858314514	-0.19669049978256226	-0.1498437076807022	-0.09176716208457947	0.2605834901332855	0.14555470645427704	-0.2030772566795349	-0.19322988390922546	0.1218579038977623	-0.08389946073293686	-0.08823947608470917	-0.06352748721837997	0.11558254808187485	0.0036305042449384928	0.1525002270936966
-0.08726175874471664	0.007258223369717598	-0.11909319460391998	0.13861703872680664	0.11462821066379547	0.0933363065123558	-0.0031730325426906347	-0.24926869571208954	0.21963173151016235	-0.14526309072971344	0.0842147246003151	0.15545527637004852	0.15138570964336395	-0.02171877585351467	0.16369269788265228	-0.001529867760837078	-0.05965366214513779	0.046305444091558456	-0.09091267734766006	0.15399831533432007	0.09767749905586243	0.07787619531154633	-0.10700475424528122	0.10252844542264938	-0.0003840902936644852	-0.00756129901856184	-0.014457997865974903	-0.14221273362636566	-0.07552254945039749	-0.0516425222158432	-0.03553510084748268	-0.17055824398994446	0.1146417111158371	-0.09487815201282501	0.05044056102633476	-0.15480872988700867	0.004570788238197565	-0.0475146509706974	0.06268508732318878	-0.15768326818943024	-0.03973495215177536	0.0749296098947525	-0.0636475533246994	-0.014939149841666222	-0.18232659995555878	0.11002202332019806	0.033311471343040466	0.04544375464320183	0.052192844450473785	0.09962007403373718	0.13307887315750122	0.021998144686222076	0.03828279674053192	-0.23679882287979126	-0.08169032633304596	0.14197185635566711	0.09899993985891342	-0.109363853931427	0.06706282496452332	0.08847935497760773	0.09922363609075546	-0.12017592042684555	0.061857812106609344	-0.17577232420444489
-0.08726175874471664	0.007258223369717598	-0.11909319460391998	0.13861703872680664	0.11462821066379547	0.0933363065123558	-0.0031730325426906347	-0.24926869571208954	0.21963173151016235	-0.14526309072971344	0.0842147246003151	0.15545527637004852	0.15138570964336395	-0.02171877585351467	0.16369269788265228	-0.001529867760837078	-0.05965366214513779	0.046305444091558456	-0.09091267734766006	0.15399831533432007	0.09767749905586243	0.07787619531154633	-0.10700475424528122	0.10252844542264938	-0.0003840902936644852	-0.00756129901856184	-0.014457997865974903	-0.14221273362636566	-0.07552254945039749	-0.0516425222158432	-0.03553510084748268	-0.17055824398994446	0.1146417111158371	-0.09487815201282501	0.05044056102633476	-0.15480872988700867	0.004570788238197565	-0.0475146509706974	0.06268508732318878	-0.15768326818943024	-0.03973495215177536	0.0749296098947525	-0.0636475533246994	-0.014939149841666222	-0.18232659995555878	0.11002202332019806	0.033311471343040466	0.04544375464320183	0.052192844450473785	0.09962007403373718	0.13307887315750122	0.021998144686222076	0.03828279674053192	-0.23679882287979126	-0.08169032633304596	0.14197185635566711	0.09899993985891342	-0.109363853931427	0.06706282496452332	0.08847935497760773	0.09922363609075546	-0.12017592042684555	0.061857812106609344	-0.17577232420444489
-0.08726175874471664	0.007258223369717598	-0.11909319460391998	0.13861703872680664	0.11462821066379547	0.0933363065123558	-0.0031730325426906347	-0.24926869571208954	0.21963173151016235	-0.14526309072971344	0.0842147246003151	0.15545527637004852	0.15138570964336395	-0.02171877585351467	0.16369269788265228	-0.001529867760837078	-0.05965366214513779	0.046305444091558456	-0.09091267734766006	0.15399831533432007	0.09767749905586243	0.07787619531154633	-0.10700475424528122	0.10252844542264938	-0.0003840902936644852	-0.00756129901856184	-0.014457997865974903	-0.14221273362636566	-0.07552254945039749	-0.0516425222158432	-0.03553510084748268	-0.17055824398994446	0.1146417111158371	-0.09487815201282501	0.05044056102633476	-0.15480872988700867	0.004570788238197565	-0.0475146509706974	0.06268508732318878	-0.15768326818943024	-0.03973495215177536	0.0749296098947525	-0.0636475533246994	-0.014939149841666222	-0.18232659995555878	0.11002202332019806	0.033311471343040466	0.04544375464320183	0.052192844450473785	0.09962007403373718	0.13307887315750122	0.021998144686222076	0.03828279674053192	-0.23679882287979126	-0.08169032633304596	0.14197185635566711	0.09899993985891342	-0.109363853931427	0.06706282496452332	0.08847935497760773	0.09922363609075546	-0.12017592042684555	0.061857812106609344	-0.17577232420444489
-0.07644042372703552	0.03280193731188774	0.028897104784846306	-0.022979067638516426	-0.06401348859071732	-0.03477269783616066	0.0909198597073555	0.037440765649080276	0.056938476860523224	0.06606990098953247	0.009755773469805717	0.03461318463087082	0.06557797640562057	-0.05306678265333176	0.09849721193313599	-0.07069947570562363	-0.039638955146074295	0.08217065036296844	-0.10251548886299133	-0.021876109763979912	-0.04519239813089371	-0.0934620127081871	-0.05616654455661774	0.023945223540067673	-0.04406038299202919	-0.06015566736459732	-0.0761626660823822	-0.013541319407522678	-0.049041472375392914	0.04373232647776604	-0.09184306859970093	-0.05915508419275284	0.023101553320884705	-0.04449049383401871	-0.08854838460683823	0.006678054574877024	0.010253043845295906	0.048299554735422134	-0.08821713179349899	-0.03353710472583771	0.07300599664449692	0.10383927822113037	0.08202988654375076	0.00034052913542836905	-0.0291089229285717	-0.065807044506073	0.09139253199100494	0.09166145324707031	0.0176830030977726	0.08256839960813522	0.09117646515369415	0.06614107638597488	0.0018168878741562366	0.07543604075908661	-0.08159317076206207	-0.037157975137233734	0.012973272241652012	0.09228330850601196	-0.053218379616737366	-0.09666554629802704	-0.10003252327442169	0.00995846837759018	-0.050284527242183685	0.07661447674036026
-0.005540368612855673	-0.054458703845739365	0.19335728883743286	-0.12146791815757751	0.08708678185939789	-0.21519604325294495	0.043468210846185684	0.36058688163757324	-0.26860904693603516	0.21727363765239716	-0.055457185953855515	-0.0405566543340683	-0.13622482120990753	-0.10254823416471481	-0.14214447140693665	0.042477741837501526	0.017620446160435677	-0.055427100509405136	0.2035757154226303	-0.18367807567119598	-0.0552368201315403	-0.08701888471841812	0.07527358829975128	-0.10785757005214691	0.03132752701640129	0.1805586963891983	-0.08199991285800934	0.22151057422161102	0.12624140083789825	0.14220429956912994	-0.038041383028030396	0.1632213443517685	-0.12135707587003708	-0.021099889650940895	-0.04568194970488548	0.15763282775878906	-0.16149963438510895	0.04013597220182419	-0.16431353986263275	0.16627410054206848	-0.07711447775363922	-0.13113819062709808	0.15115609765052795	-0.06464514881372452	0.11536218971014023	-0.03478730097413063	-0.06160518154501915	0.039699800312519073	-0.09437654167413712	-0.26571717858314514	-0.19669049978256226	-0.1498437076807022	-0.09176716208457947	0.2605834901332855	0.14555470645427704	-0.2030772566795349	-0.19322988390922546	0.1218579038977623	-0.08389946073293686	-0.08823947608470917	-0.06352748721837997	0.11558254808187485	0.0036305042449384928	0.1525002270936966
-0.08726175874471664	0.007258223369717598	-0.11909319460391998	0.13861703872680664	0.11462821066379547	0.0933363065123558	-0.0031730325426906347	-0.24926869571208954	0.21963173151016235	-0.14526309072971344	0.0842147246003151	0.15545527637004852	0.15138570964336395	-0.02171877585351467	0.16369269788265228	-0.001529867760837078	-0.05965366214513779	0.046305444091558456	-0.09091267734766006	0.15399831533432007	0.09767749905586243	0.07787619531154633	-0.10700475424528122	0.10252844542264938	-0.0003840902936644852	-0.00756129901856184	-0.014457997865974903	-0.14221273362636566	-0.07552254945039749	-0.0516425222158432	-0.03553510084748268	-0.17055824398994446	0.1146417111158371	-0.09487815201282501	0.05044056102633476	-0.15480872988700867	0.004570788238197565	-0.0475146509706974	0.06268508732318878	-0.15768326818943024	-0.03973495215177536	0.0749296098947525	-0.0636475533246994	-0.014939149841666222	-0.18232659995555878	0.11002202332019806	0.033311471343040466	0.04544375464320183	0.052192844450473785	0.09962007403373718	0.13307887315750122	0.021998144686222076	0.03828279674053192	-0.23679882287979126	-0.08169032633304596	0.14197185635566711	0.09899993985891342	-0.109363853931427	0.06706282496452332	0.08847935497760773	0.09922363609075546	-0.12017592042684555	0.061857812106609344	-0.17577232420444489
-0.08726175874471664	0.007258223369717598	-0.11909319460391998	0.13861703872680664	0.11462821066379547	0.0933363065123558	-0.0031730325426906347	-0.24926869571208954	0.21963173151016235	-0.14526309072971344	0.0842147246003151	0.15545527637004852	0.15138570964336395	-0.02171877585351467	0.16369269788265228	-0.001529867760837078	-0.05965366214513779	0.046305444091558456	-0.09091267734766006	0.15399831533432007	0.09767749905586243	0.07787619531154633	-0.10700475424528122	0.10252844542264938	-0.0003840902936644852	-0.00756129901856184	-0.014457997865974903	-0.14221273362636566	-0.07552254945039749	-0.0516425222158432	-0.03553510084748268	-0.17055824398994446	0.1146417111158371	-0.09487815201282501	0.05044056102633476	-0.15480872988700867	0.004570788238197565	-0.0475146509706974	0.06268508732318878	-0.15768326818943024	-0.03973495215177536	0.0749296098947525	-0.0636475533246994	-0.014939149841666222	-0.18232659995555878	0.11002202332019806	0.033311471343040466	0.04544375464320183	0.052192844450473785	0.09962007403373718	0.13307887315750122	0.021998144686222076	0.03828279674053192	-0.23679882287979126	-0.08169032633304596	0.14197185635566711	0.09899993985891342	-0.109363853931427	0.06706282496452332	0.08847935497760773	0.09922363609075546	-0.12017592042684555	0.061857812106609344	-0.17577232420444489
-0.08726175874471664	0.007258223369717598	-0.11909319460391998	0.13861703872680664	0.11462821066379547	0.0933363065123558	-0.0031730325426906347	-0.24926869571208954	0.21963173151016235	-0.14526309072971344	0.0842147246003151	0.15545527637004852	0.15138570964336395	-0.02171877585351467	0.16369269788265228	-0.001529867760837078	-0.05965366214513779	0.046305444091558456	-0.09091267734766006	0.15399831533432007	0.09767749905586243	0.07787619531154633	-0.10700475424528122	0.10252844542264938	-0.0003840902936644852	-0.00756129901856184	-0.014457997865974903	-0.14221273362636566	-0.07552254945039749	-0.0516425222158432	-0.03553510084748268	-0.17055824398994446	0.1146417111158371	-0.09487815201282501	0.05044056102633476	-0.15480872988700867	0.004570788238197565	-0.0475146509706974	0.06268508732318878	-0.15768326818943024	-0.03973495215177536	0.0749296098947525	-0.0636475533246994	-0.014939149841666222	-0.18232659995555878	0.11002202332019806	0.033311471343040466	0.04544375464320183	0.052192844450473785	0.09962007403373718	0.13307887315750122	0.021998144686222076	0.03828279674053192	-0.23679882287979126	-0.08169032633304596	0.14197185635566711	0.09899993985891342	-0.109363853931427	0.06706282496452332	0.08847935497760773	0.09922363609075546	-0.12017592042684555	0.061857812106609344	-0.17577232420444489
-0.08726175874471664	0.007258223369717598	-0.11909319460391998	0.13861703872680664	0.11462821066379547	0.0933363065123558	-0.0031730325426906347	-0.24926869571208954	0.21963173151016235	-0.14526309072971344	0.0842147246003151	0.15545527637004852	0.15138570964336395	-0.02171877585351467	0.16369269788265228	-0.001529867760837078	-0.05965366214513779	0.046305444091558456	-0.09091267734766006	0.15399831533432007	0.09767749905586243	0.07787619531154633	-0.10700475424528122	0.10252844542264938	-0.0003840902936644852	-0.00756129901856184	-0.014457997865974903	-0.14221273362636566	-0.07552254945039749	-0.0516425222158432	-0.03553510084748268	-0.17055824398994446	0.1146417111158371	-0.09487815201282501	0.05044056102633476	-0.15480872988700867	0.004570788238197565	-0.0475146509706974	0.06268508732318878	-0.15768326818943024	-0.03973495215177536	0.0749296098947525	-0.0636475533246994	-0.014939149841666222	-0.18232659995555878	0.11002202332019806	0.033311471343040466	0.04544375464320183	0.052192844450473785	0.09962007403373718	0.13307887315750122	0.021998144686222076	0.03828279674053192	-0.23679882287979126	-0.08169032633304596	0.14197185635566711	0.09899993985891342	-0.109363853931427	0.06706282496452332	0.08847935497760773	0.09922363609075546	-0.12017592042684555	0.061857812106609344	-0.17577232420444489
-0.08726175874471664	0.007258223369717598	-0.11909319460391998	0.13861703872680664	0.11462821066379547	0.0933363065123558	-0.0031730325426906347	-0.24926869571208954	0.21963173151016235	-0.14526309072971344	0.0842147246003151	0.15545527637004852	0.15138570964336395	-0.02171877585351467	0.16369269788265228	-0.001529867760837078	-0.05965366214513779	0.046305444091558456	-0.09091267734766006	0.15399831533432007	0.09767749905586243	0.07787619531154633	-0.10700475424528122	0.10252844542264938	-0.0003840902936644852	-0.00756129901856184	-0.014457997865974903	-0.14221273362636566	-0.07552254945039749	-0.0516425222158432	-0.03553510084748268	-0.17055824398994446	0.1146417111158371	-0.09487815201282501	0.05044056102633476	-0.15480872988700867	0.004570788238197565	-0.0475146509706974	0.06268508732318878	-0.15768326818943024	-0.03973495215177536	0.0749296098947525	-0.0636475533246994	-0.014939149841666222	-0.18232659995555878	0.11002202332019806	0.033311471343040466	0.04544375464320183	0.052192844450473785	0.09962007403373718	0.13307887315750122	0.021998144686222076	0.03828279674053192	-0.23679882287979126	-0.08169032633304596	0.14197185635566711	0.09899993985891342	-0.109363853931427	0.06706282496452332	0.08847935497760773	0.09922363609075546	-0.12017592042684555	0.061857812106609344	-0.17577232420444489
-0.005540368612855673	-0.054458703845739365	0.19335728883743286	-0.12146791815757751	0.08708678185939789	-0.21519604325294495	0.043468210846185684	0.36058688163757324	-0.26860904693603516	0.21727363765239716	-0.055457185953855515	-0.0405566543340683	-0.13622482120990753	-0.10254823416471481	-0.14214447140693665	0.042477741837501526	0.017620446160435677	-0.055427100509405136	0.2035757154226303	-0.18367807567119598	-0.0552368201315403	-0.08701888471841812	0.07527358829975128	-0.10785757005214691	0.03132752701640129	0.1805586963891983	-0.08199991285800934	0.22151057422161102	0.12624140083789825	0.14220429956912994	-0.038041383028030396	0.1632213443517685	-0.12135707587003708	-0.021099889650940895	-0.04568194970488548	0.15763282775878906	-0.16149963438510895	0.04013597220182419	-0.16431353986263275	0.16627410054206848	-0.07711447775363922	-0.13113819062709808	0.15115609765052795	-0.06464514881372452	0.11536218971014023	-0.03478730097413063	-0.06160518154501915	0.039699800312519073	-0.09437654167413712	-0.26571717858314514	-0.19669049978256226	-0.1498437076807022	-0.09176716208457947	0.2605834901332855	0.14555470645427704	-0.2030772566795349	-0.19322988390922546	0.1218579038977623	-0.08389946073293686	-0.08823947608470917	-0.06352748721837997	0.11558254808187485	0.0036305042449384928	0.1525002270936966
-0.08726175874471664	0.007258223369717598	-0.11909319460391998	0.13861703872680664	0.11462821066379547	0.0933363065123558	-0.0031730325426906347	-0.24926869571208954	0.21963173151016235	-0.14526309072971344	0.0842147246003151	0.15545527637004852	0.15138570964336395	-0.02171877585351467	0.16369269788265228	-0.001529867760837078	-0.05965366214513779	0.046305444091558456	-0.09091267734766006	0.15399831533432007	0.09767749905586243	0.07787619531154633	-0.10700475424528122	0.10252844542264938	-0.0003840902936644852	-0.00756129901856184	-0.014457997865974903	-0.14221273362636566	-0.07552254945039749	-0.0516425222158432	-0.03553510084748268	-0.17055824398994446	0.1146417111158371	-0.09487815201282501	0.05044056102633476	-0.15480872988700867	0.004570788238197565	-0.0475146509706974	0.06268508732318878	-0.15768326818943024	-0.03973495215177536	0.0749296098947525	-0.0636475533246994	-0.014939149841666222	-0.18232659995555878	0.11002202332019806	0.033311471343040466	0.04544375464320183	0.052192844450473785	0.09962007403373718	0.13307887315750122	0.021998144686222076	0.03828279674053192	-0.23679882287979126	-0.08169032633304596	0.14197185635566711	0.09899993985891342	-0.109363853931427	0.06706282496452332	0.08847935497760773	0.09922363609075546	-0.12017592042684555	0.061857812106609344	-0.17577232420444489
-0.08726175874471664	0.007258223369717598	-0.11909319460391998	0.13861703872680664	0.11462821066379547	0.0933363065123558	-0.0031730325426906347	-0.24926869571208954	0.21963173151016235	-0.14526309072971344	0.0842147246003151	0.15545527637004852	0.15138570964336395	-0.02171877585351467	0.16369269788265228	-0.001529867760837078	-0.05965366214513779	0.046305444091558456	-0.09091267734766006	0.15399831533432007	0.09767749905586243	0.07787619531154633	-0.10700475424528122	0.10252844542264938	-0.0003840902936644852	-0.00756129901856184	-0.014457997865974903	-0.14221273362636566	-0.07552254945039749	-0.0516425222158432	-0.03553510084748268	-0.17055824398994446	0.1146417111158371	-0.09487815201282501	0.05044056102633476	-0.15480872988700867	0.004570788238197565	-0.0475146509706974	0.06268508732318878	-0.15768326818943024	-0.03973495215177536	0.0749296098947525	-0.0636475533246994	-0.014939149841666222	-0.18232659995555878	0.11002202332019806	0.033311471343040466	0.04544375464320183	0.052192844450473785	0.09962007403373718	0.13307887315750122	0.021998144686222076	0.03828279674053192	-0.23679882287979126	-0.08169032633304596	0.14197185635566711	0.09899993985891342	-0.109363853931427	0.06706282496452332	0.08847935497760773	0.09922363609075546	-0.12017592042684555	0.061857812106609344	-0.17577232420444489
-0.005540368612855673	-0.054458703845739365	0.19335728883743286	-0.12146791815757751	0.08708678185939789	-0.21519604325294495	0.043468210846185684	0.36058688163757324	-0.26860904693603516	0.21727363765239716	-0.055457185953855515	-0.0405566543340683	-0.13622482120990753	-0.10254823416471481	-0.14214447140693665	0.042477741837501526	0.017620446160435677	-0.055427100509405136	0.2035757154226303	-0.18367807567119598	-0.0552368201315403	-0.08701888471841812	0.07527358829975128	-0.10785757005214691	0.03132752701640129	0.1805586963891983	-0.08199991285800934	0.22151057422161102	0.12624140083789825	0.14220429956912994	-0.038041383028030396	0.1632213443517685	-0.12135707587003708	-0.021099889650940895	-0.04568194970488548	0.15763282775878906	-0.16149963438510895	0.04013597220182419	-0.16431353986263275	0.16627410054206848	-0.07711447775363922	-0.13113819062709808	0.15115609765052795	-0.06464514881372452	0.11536218971014023	-0.03478730097413063	-0.06160518154501915	0.039699800312519073	-0.09437654167413712	-0.26571717858314514	-0.19669049978256226	-0.1498437076807022	-0.09176716208457947	0.2605834901332855	0.14555470645427704	-0.2030772566795349	-0.19322988390922546	0.1218579038977623	-0.08389946073293686	-0.08823947608470917	-0.06352748721837997	0.11558254808187485	0.0036305042449384928	0.1525002270936966
-0.005540368612855673	-0.054458703845739365	0.19335728883743286	-0.12146791815757751	0.08708678185939789	-0.21519604325294495	0.043468210846185684	0.36058688163757324	-0.26860904693603516	0.21727363765239716	-0.055457185953855515	-0.0405566543340683	-0.13622482120990753	-0.10254823416471481	-0.14214447140693665	0.042477741837501526	0.017620446160435677	-0.055427100509405136	0.2035757154226303	-0.18367807567119598	-0.0552368201315403	-0.08701888471841812	0.07527358829975128	-0.10785757005214691	0.03132752701640129	0.1805586963891983	-0.08199991285800934	0.22151057422161102	0.12624140083789825	0.14220429956912994	-0.038041383028030396	0.1632213443517685	-0.12135707587003708	-0.021099889650940895	-0.04568194970488548	0.15763282775878906	-0.16149963438510895	0.04013597220182419	-0.16431353986263275	0.16627410054206848	-0.07711447775363922	-0.13113819062709808	0.15115609765052795	-0.06464514881372452	0.11536218971014023	-0.03478730097413063	-0.06160518154501915	0.039699800312519073	-0.09437654167413712	-0.26571717858314514	-0.19669049978256226	-0.1498437076807022	-0.09176716208457947	0.2605834901332855	0.14555470645427704	-0.2030772566795349	-0.19322988390922546	0.1218579038977623	-0.08389946073293686	-0.08823947608470917	-0.06352748721837997	0.11558254808187485	0.0036305042449384928	0.1525002270936966
-0.005540368612855673	-0.054458703845739365	0.19335728883743286	-0.12146791815757751	0.08708678185939789	-0.21519604325294495	0.043468210846185684	0.36058688163757324	-0.26860904693603516	0.21727363765239716	-0.055457185953855515	-0.0405566543340683	-0.13622482120990753	-0.10254823416471481	-0.14214447140693665	0.042477741837501526	0.017620446160435677	-0.055427100509405136	0.2035757154226303	-0.18367807567119598	-0.0552368201315403	-0.08701888471841812	0.07527358829975128	-0.10785757005214691	0.03132752701640129	0.1805586963891983	-0.08199991285800934	0.22151057422161102	0.12624140083789825	0.14220429956912994	-0.038041383028030396	0.1632213443517685	-0.12135707587003708	-0.021099889650940895	-0.04568194970488548	0.15763282775878906	-0.16149963438510895	0.04013597220182419	-0.16431353986263275	0.16627410054206848	-0.07711447775363922	-0.13113819062709808	0.15115609765052795	-0.06464514881372452	0.11536218971014023	-0.03478730097413063	-0.06160518154501915	0.039699800312519073	-0.09437654167413712	-0.26571717858314514	-0.19669049978256226	-0.1498437076807022	-0.09176716208457947	0.2605834901332855	0.14555470645427704	-0.2030772566795349	-0.19322988390922546	0.1218579038977623	-0.08389946073293686	-0.08823947608470917	-0.06352748721837997	0.11558254808187485	0.0036305042449384928	0.1525002270936966
-0.08726175874471664	0.007258223369717598	-0.11909319460391998	0.13861703872680664	0.11462821066379547	0.0933363065123558	-0.0031730325426906347	-0.24926869571208954	0.21963173151016235	-0.14526309072971344	0.0842147246003151	0.15545527637004852	0.15138570964336395	-0.02171877585351467	0.16369269788265228	-0.001529867760837078	-0.05965366214513779	0.046305444091558456	-0.09091267734766006	0.15399831533432007	0.09767749905586243	0.07787619531154633	-0.10700475424528122	0.10252844542264938	-0.0003840902936644852	-0.00756129901856184	-0.014457997865974903	-0.14221273362636566	-0.07552254945039749	-0.0516425222158432	-0.03553510084748268	-0.17055824398994446	0.1146417111158371	-0.09487815201282501	0.05044056102633476	-0.15480872988700867	0.004570788238197565	-0.0475146509706974	0.06268508732318878	-0.15768326818943024	-0.03973495215177536	0.0749296098947525	-0.0636475533246994	-0.014939149841666222	-0.18232659995555878	0.11002202332019806	0.033311471343040466	0.04544375464320183	0.052192844450473785	0.09962007403373718	0.13307887315750122	0.021998144686222076	0.03828279674053192	-0.23679882287979126	-0.08169032633304596	0.14197185635566711	0.09899993985891342	-0.109363853931427	0.06706282496452332	0.08847935497760773	0.09922363609075546	-0.12017592042684555	0.061857812106609344	-0.17577232420444489
-0.08726175874471664	0.007258223369717598	-0.11909319460391998	0.13861703872680664	0.11462821066379547	0.0933363065123558	-0.0031730325426906347	-0.24926869571208954	0.21963173151016235	-0.14526309072971344	0.0842147246003151	0.15545527637004852	0.15138570964336395	-0.02171877585351467	0.16369269788265228	-0.001529867760837078	-0.05965366214513779	0.046305444091558456	-0.09091267734766006	0.15399831533432007	0.09767749905586243	0.07787619531154633	-0.10700475424528122	0.10252844542264938	-0.0003840902936644852	-0.00756129901856184	-0.014457997865974903	-0.14221273362636566	-0.07552254945039749	-0.0516425222158432	-0.03553510084748268	-0.17055824398994446	0.1146417111158371	-0.09487815201282501	0.05044056102633476	-0.15480872988700867	0.004570788238197565	-0.0475146509706974	0.06268508732318878	-0.15768326818943024	-0.03973495215177536	0.0749296098947525	-0.0636475533246994	-0.014939149841666222	-0.18232659995555878	0.11002202332019806	0.033311471343040466	0.04544375464320183	0.052192844450473785	0.09962007403373718	0.13307887315750122	0.021998144686222076	0.03828279674053192	-0.23679882287979126	-0.08169032633304596	0.14197185635566711	0.09899993985891342	-0.109363853931427	0.06706282496452332	0.08847935497760773	0.09922363609075546	-0.12017592042684555	0.061857812106609344	-0.17577232420444489
-0.08726175874471664	0.007258223369717598	-0.11909319460391998	0.13861703872680664	0.11462821066379547	0.0933363065123558	-0.0031730325426906347	-0.24926869571208954	0.21963173151016235	-0.14526309072971344	0.0842147246003151	0.15545527637004852	0.15138570964336395	-0.02171877585351467	0.16369269788265228	-0.001529867760837078	-0.05965366214513779	0.046305444091558456	-0.09091267734766006	0.15399831533432007	0.09767749905586243	0.07787619531154633	-0.10700475424528122	0.10252844542264938	-0.0003840902936644852	-0.00756129901856184	-0.014457997865974903	-0.14221273362636566	-0.07552254945039749	-0.0516425222158432	-0.03553510084748268	-0.17055824398994446	0.1146417111158371	-0.09487815201282501	0.05044056102633476	-0.15480872988700867	0.004570788238197565	-0.0475146509706974	0.06268508732318878	-0.15768326818943024	-0.03973495215177536	0.0749296098947525	-0.0636475533246994	-0.014939149841666222	-0.18232659995555878	0.11002202332019806	0.033311471343040466	0.04544375464320183	0.052192844450473785	0.09962007403373718	0.13307887315750122	0.021998144686222076	0.03828279674053192	-0.23679882287979126	-0.08169032633304596	0.14197185635566711	0.09899993985891342	-0.109363853931427	0.06706282496452332	0.08847935497760773	0.09922363609075546	-0.12017592042684555	0.061857812106609344	-0.17577232420444489
-0.08726175874471664	0.007258223369717598	-0.11909319460391998	0.13861703872680664	0.11462821066379547	0.0933363065123558	-0.0031730325426906347	-0.24926869571208954	0.21963173151016235	-0.14526309072971344	0.0842147246003151	0.15545527637004852	0.15138570964336395	-0.02171877585351467	0.16369269788265228	-0.001529867760837078	-0.05965366214513779	0.046305444091558456	-0.09091267734766006	0.15399831533432007	0.09767749905586243	0.07787619531154633	-0.10700475424528122	0.10252844542264938	-0.0003840902936644852	-0.00756129901856184	-0.014457997865974903	-0.14221273362636566	-0.07552254945039749	-0.0516425222158432	-0.03553510084748268	-0.17055824398994446	0.1146417111158371	-0.09487815201282501	0.05044056102633476	-0.15480872988700867	0.004570788238197565	-0.0475146509706974	0.06268508732318878	-0.15768326818943024	-0.03973495215177536	0.0749296098947525	-0.0636475533246994	-0.014939149841666222	-0.18232659995555878	0.11002202332019806	0.033311471343040466	0.04544375464320183	0.052192844450473785	0.09962007403373718	0.13307887315750122	0.021998144686222076	0.03828279674053192	-0.23679882287979126	-0.08169032633304596	0.14197185635566711	0.09899993985891342	-0.109363853931427	0.06706282496452332	0.08847935497760773	0.09922363609075546	-0.12017592042684555	0.061857812106609344	-0.17577232420444489
-0.08726175874471664	0.007258223369717598	-0.11909319460391998	0.13861703872680664	0.11462821066379547	0.0933363065123558	-0.0031730325426906347	-0.24926869571208954	0.21963173151016235	-0.14526309072971344	0.0842147246003151	0.15545527637004852	0.15138570964336395	-0.02171877585351467	0.16369269788265228	-0.001529867760837078	-0.05965366214513779	0.046305444091558456	-0.09091267734766006	0.15399831533432007	0.09767749905586243	0.07787619531154633	-0.10700475424528122	0.10252844542264938	-0.0003840902936644852	-0.00756129901856184	-0.014457997865974903	-0.14221273362636566	-0.07552254945039749	-0.0516425222158432	-0.03553510084748268	-0.17055824398994446	0.1146417111158371	-0.09487815201282501	0.05044056102633476	-0.15480872988700867	0.004570788238197565	-0.0475146509706974	0.06268508732318878	-0.15768326818943024	-0.03973495215177536	0.0749296098947525	-0.0636475533246994	-0.014939149841666222	-0.18232659995555878	0.11002202332019806	0.033311471343040466	0.04544375464320183	0.052192844450473785	0.09962007403373718	0.13307887315750122	0.021998144686222076	0.03828279674053192	-0.23679882287979126	-0.08169032633304596	0.14197185635566711	0.09899993985891342	-0.109363853931427	0.06706282496452332	0.08847935497760773	0.09922363609075546	-0.12017592042684555	0.061857812106609344	-0.17577232420444489
-0.08726175874471664	0.007258223369717598	-0.11909319460391998	0.13861703872680664	0.11462821066379547	0.0933363065123558	-0.0031730325426906347	-0.24926869571208954	0.21963173151016235	-0.14526309072971344	0.0842147246003151	0.15545527637004852	0.15138570964336395	-0.02171877585351467	0.16369269788265228	-0.001529867760837078	-0.05965366214513779	0.046305444091558456	-0.09091267734766006	0.15399831533432007	0.09767749905586243	0.07787619531154633	-0.10700475424528122	0.10252844542264938	-0.0003840902936644852	-0.00756129901856184	-0.014457997865974903	-0.14221273362636566	-0.07552254945039749	-0.0516425222158432	-0.03553510084748268	-0.17055824398994446	0.1146417111158371	-0.09487815201282501	0.05044056102633476	-0.15480872988700867	0.004570788238197565	-0.0475146509706974	0.06268508732318878	-0.15768326818943024	-0.03973495215177536	0.0749296098947525	-0.0636475533246994	-0.014939149841666222	-0.18232659995555878	0.11002202332019806	0.033311471343040466	0.04544375464320183	0.052192844450473785	0.09962007403373718	0.13307887315750122	0.021998144686222076	0.03828279674053192	-0.23679882287979126	-0.08169032633304596	0.14197185635566711	0.09899993985891342	-0.109363853931427	0.06706282496452332	0.08847935497760773	0.09922363609075546	-0.12017592042684555	0.061857812106609344	-0.17577232420444489
-0.08726175874471664	0.007258223369717598	-0.11909319460391998	0.13861703872680664	0.11462821066379547	0.0933363065123558	-0.0031730325426906347	-0.24926869571208954	0.21963173151016235	-0.14526309072971344	0.0842147246003151	0.15545527637004852	0.15138570964336395	-0.02171877585351467	0.16369269788265228	-0.001529867760837078	-0.05965366214513779	0.046305444091558456	-0.09091267734766006	0.15399831533432007	0.09767749905586243	0.07787619531154633	-0.10700475424528122	0.10252844542264938	-0.0003840902936644852	-0.00756129901856184	-0.014457997865974903	-0.14221273362636566	-0.07552254945039749	-0.0516425222158432	-0.03553510084748268	-0.17055824398994446	0.1146417111158371	-0.09487815201282501	0.05044056102633476	-0.15480872988700867	0.004570788238197565	-0.0475146509706974	0.06268508732318878	-0.15768326818943024	-0.03973495215177536	0.0749296098947525	-0.0636475533246994	-0.014939149841666222	-0.18232659995555878	0.11002202332019806	0.033311471343040466	0.04544375464320183	0.052192844450473785	0.09962007403373718	0.13307887315750122	0.021998144686222076	0.03828279674053192	-0.23679882287979126	-0.08169032633304596	0.14197185635566711	0.09899993985891342	-0.109363853931427	0.06706282496452332	0.08847935497760773	0.09922363609075546	-0.12017592042684555	0.061857812106609344	-0.17577232420444489
-0.08726175874471664	0.007258223369717598	-0.11909319460391998	0.13861703872680664	0.11462821066379547	0.0933363065123558	-0.0031730325426906347	-0.24926869571208954	0.21963173151016235	-0.14526309072971344	0.0842147246003151	0.15545527637004852	0.15138570964336395	-0.02171877585351467	0.16369269788265228	-0.001529867760837078	-0.05965366214513779	0.046305444091558456	-0.09091267734766006	0.15399831533432007	0.09767749905586243	0.07787619531154633	-0.10700475424528122	0.10252844542264938	-0.0003840902936644852	-0.00756129901856184	-0.014457997865974903	-0.14221273362636566	-0.07552254945039749	-0.0516425222158432	-0.03553510084748268	-0.17055824398994446	0.1146417111158371	-0.09487815201282501	0.05044056102633476	-0.15480872988700867	0.004570788238197565	-0.0475146509706974	0.06268508732318878	-0.15768326818943024	-0.03973495215177536	0.0749296098947525	-0.0636475533246994	-0.014939149841666222	-0.18232659995555878	0.11002202332019806	0.033311471343040466	0.04544375464320183	0.052192844450473785	0.09962007403373718	0.13307887315750122	0.021998144686222076	0.03828279674053192	-0.23679882287979126	-0.08169032633304596	0.14197185635566711	0.09899993985891342	-0.109363853931427	0.06706282496452332	0.08847935497760773	0.09922363609075546	-0.12017592042684555	0.061857812106609344	-0.17577232420444489
-0.08726175874471664	0.007258223369717598	-0.11909319460391998	0.13861703872680664	0.11462821066379547	0.0933363065123558	-0.0031730325426906347	-0.24926869571208954	0.21963173151016235	-0.14526309072971344	0.0842147246003151	0.15545527637004852	0.15138570964336395	-0.02171877585351467	0.16369269788265228	-0.001529867760837078	-0.05965366214513779	0.046305444091558456	-0.09091267734766006	0.15399831533432007	0.09767749905586243	0.07787619531154633	-0.10700475424528122	0.10252844542264938	-0.0003840902936644852	-0.00756129901856184	-0.014457997865974903	-0.14221273362636566	-0.07552254945039749	-0.0516425222158432	-0.03553510084748268	-0.17055824398994446	0.1146417111158371	-0.09487815201282501	0.05044056102633476	-0.15480872988700867	0.004570788238197565	-0.0475146509706974	0.06268508732318878	-0.15768326818943024	-0.03973495215177536	0.0749296098947525	-0.0636475533246994	-0.014939149841666222	-0.18232659995555878	0.11002202332019806	0.033311471343040466	0.04544375464320183	0.052192844450473785	0.09962007403373718	0.13307887315750122	0.021998144686222076	0.03828279674053192	-0.23679882287979126	-0.08169032633304596	0.14197185635566711	0.09899993985891342	-0.109363853931427	0.06706282496452332	0.08847935497760773	0.09922363609075546	-0.12017592042684555	0.061857812106609344	-0.17577232420444489
-0.08726175874471664	0.007258223369717598	-0.11909319460391998	0.13861703872680664	0.11462821066379547	0.0933363065123558	-0.0031730325426906347	-0.24926869571208954	0.21963173151016235	-0.14526309072971344	0.0842147246003151	0.15545527637004852	0.15138570964336395	-0.02171877585351467	0.16369269788265228	-0.001529867760837078	-0.05965366214513779	0.046305444091558456	-0.09091267734766006	0.15399831533432007	0.09767749905586243	0.07787619531154633	-0.10700475424528122	0.10252844542264938	-0.0003840902936644852	-0.00756129901856184	-0.014457997865974903	-0.14221273362636566	-0.07552254945039749	-0.0516425222158432	-0.03553510084748268	-0.17055824398994446	0.1146417111158371	-0.09487815201282501	0.05044056102633476	-0.15480872988700867	0.004570788238197565	-0.0475146509706974	0.06268508732318878	-0.15768326818943024	-0.03973495215177536	0.0749296098947525	-0.0636475533246994	-0.014939149841666222	-0.18232659995555878	0.11002202332019806	0.033311471343040466	0.04544375464320183	0.052192844450473785	0.09962007403373718	0.13307887315750122	0.021998144686222076	0.03828279674053192	-0.23679882287979126	-0.08169032633304596	0.14197185635566711	0.09899993985891342	-0.109363853931427	0.06706282496452332	0.08847935497760773	0.09922363609075546	-0.12017592042684555	0.061857812106609344	-0.17577232420444489
-0.005540368612855673	-0.054458703845739365	0.19335728883743286	-0.12146791815757751	0.08708678185939789	-0.21519604325294495	0.043468210846185684	0.36058688163757324	-0.26860904693603516	0.21727363765239716	-0.055457185953855515	-0.0405566543340683	-0.13622482120990753	-0.10254823416471481	-0.14214447140693665	0.042477741837501526	0.017620446160435677	-0.055427100509405136	0.2035757154226303	-0.18367807567119598	-0.0552368201315403	-0.08701888471841812	0.07527358829975128	-0.10785757005214691	0.03132752701640129	0.1805586963891983	-0.08199991285800934	0.22151057422161102	0.12624140083789825	0.14220429956912994	-0.038041383028030396	0.1632213443517685	-0.12135707587003708	-0.021099889650940895	-0.04568194970488548	0.15763282775878906	-0.16149963438510895	0.04013597220182419	-0.16431353986263275	0.16627410054206848	-0.07711447775363922	-0.13113819062709808	0.15115609765052795	-0.06464514881372452	0.11536218971014023	-0.03478730097413063	-0.06160518154501915	0.039699800312519073	-0.09437654167413712	-0.26571717858314514	-0.19669049978256226	-0.1498437076807022	-0.09176716208457947	0.2605834901332855	0.14555470645427704	-0.2030772566795349	-0.19322988390922546	0.1218579038977623	-0.08389946073293686	-0.08823947608470917	-0.06352748721837997	0.11558254808187485	0.0036305042449384928	0.1525002270936966
-0.005540368612855673	-0.054458703845739365	0.19335728883743286	-0.12146791815757751	0.08708678185939789	-0.21519604325294495	0.043468210846185684	0.36058688163757324	-0.26860904693603516	0.21727363765239716	-0.055457185953855515	-0.0405566543340683	-0.13622482120990753	-0.10254823416471481	-0.14214447140693665	0.042477741837501526	0.017620446160435677	-0.055427100509405136	0.2035757154226303	-0.18367807567119598	-0.0552368201315403	-0.08701888471841812	0.07527358829975128	-0.10785757005214691	0.03132752701640129	0.1805586963891983	-0.08199991285800934	0.22151057422161102	0.12624140083789825	0.14220429956912994	-0.038041383028030396	0.1632213443517685	-0.12135707587003708	-0.021099889650940895	-0.04568194970488548	0.15763282775878906	-0.16149963438510895	0.04013597220182419	-0.16431353986263275	0.16627410054206848	-0.07711447775363922	-0.13113819062709808	0.15115609765052795	-0.06464514881372452	0.11536218971014023	-0.03478730097413063	-0.06160518154501915	0.039699800312519073	-0.09437654167413712	-0.26571717858314514	-0.19669049978256226	-0.1498437076807022	-0.09176716208457947	0.2605834901332855	0.14555470645427704	-0.2030772566795349	-0.19322988390922546	0.1218579038977623	-0.08389946073293686	-0.08823947608470917	-0.06352748721837997	0.11558254808187485	0.0036305042449384928	0.1525002270936966
-0.08726175874471664	0.007258223369717598	-0.11909319460391998	0.13861703872680664	0.11462821066379547	0.0933363065123558	-0.0031730325426906347	-0.24926869571208954	0.21963173151016235	-0.14526309072971344	0.0842147246003151	0.15545527637004852	0.15138570964336395	-0.02171877585351467	0.16369269788265228	-0.001529867760837078	-0.05965366214513779	0.046305444091558456	-0.09091267734766006	0.15399831533432007	0.09767749905586243	0.07787619531154633	-0.10700475424528122	0.10252844542264938	-0.0003840902936644852	-0.00756129901856184	-0.014457997865974903	-0.14221273362636566	-0.07552254945039749	-0.0516425222158432	-0.03553510084748268	-0.17055824398994446	0.1146417111158371	-0.09487815201282501	0.05044056102633476	-0.15480872988700867	0.004570788238197565	-0.0475146509706974	0.06268508732318878	-0.15768326818943024	-0.03973495215177536	0.0749296098947525	-0.0636475533246994	-0.014939149841666222	-0.18232659995555878	0.11002202332019806	0.033311471343040466	0.04544375464320183	0.052192844450473785	0.09962007403373718	0.13307887315750122	0.021998144686222076	0.03828279674053192	-0.23679882287979126	-0.08169032633304596	0.14197185635566711	0.09899993985891342	-0.109363853931427	0.06706282496452332	0.08847935497760773	0.09922363609075546	-0.12017592042684555	0.061857812106609344	-0.17577232420444489
-0.08726175874471664	0.007258223369717598	-0.11909319460391998	0.13861703872680664	0.11462821066379547	0.0933363065123558	-0.0031730325426906347	-0.24926869571208954	0.21963173151016235	-0.14526309072971344	0.0842147246003151	0.15545527637004852	0.15138570964336395	-0.02171877585351467	0.16369269788265228	-0.001529867760837078	-0.05965366214513779	0.046305444091558456	-0.09091267734766006	0.15399831533432007	0.09767749905586243	0.07787619531154633	-0.10700475424528122	0.10252844542264938	-0.0003840902936644852	-0.00756129901856184	-0.014457997865974903	-0.14221273362636566	-0.07552254945039749	-0.0516425222158432	-0.03553510084748268	-0.17055824398994446	0.1146417111158371	-0.09487815201282501	0.05044056102633476	-0.15480872988700867	0.004570788238197565	-0.0475146509706974	0.06268508732318878	-0.15768326818943024	-0.03973495215177536	0.0749296098947525	-0.0636475533246994	-0.014939149841666222	-0.18232659995555878	0.11002202332019806	0.033311471343040466	0.04544375464320183	0.052192844450473785	0.09962007403373718	0.13307887315750122	0.021998144686222076	0.03828279674053192	-0.23679882287979126	-0.08169032633304596	0.14197185635566711	0.09899993985891342	-0.109363853931427	0.06706282496452332	0.08847935497760773	0.09922363609075546	-0.12017592042684555	0.061857812106609344	-0.17577232420444489
-0.08726175874471664	0.007258223369717598	-0.11909319460391998	0.13861703872680664	0.11462821066379547	0.0933363065123558	-0.0031730325426906347	-0.24926869571208954	0.21963173151016235	-0.14526309072971344	0.0842147246003151	0.15545527637004852	0.15138570964336395	-0.02171877585351467	0.16369269788265228	-0.001529867760837078	-0.05965366214513779	0.046305444091558456	-0.09091267734766006	0.15399831533432007	0.09767749905586243	0.07787619531154633	-0.10700475424528122	0.10252844542264938	-0.0003840902936644852	-0.00756129901856184	-0.014457997865974903	-0.14221273362636566	-0.07552254945039749	-0.0516425222158432	-0.03553510084748268	-0.17055824398994446	0.1146417111158371	-0.09487815201282501	0.05044056102633476	-0.15480872988700867	0.004570788238197565	-0.0475146509706974	0.06268508732318878	-0.15768326818943024	-0.03973495215177536	0.0749296098947525	-0.0636475533246994	-0.014939149841666222	-0.18232659995555878	0.11002202332019806	0.033311471343040466	0.04544375464320183	0.052192844450473785	0.09962007403373718	0.13307887315750122	0.021998144686222076	0.03828279674053192	-0.23679882287979126	-0.08169032633304596	0.14197185635566711	0.09899993985891342	-0.109363853931427	0.06706282496452332	0.08847935497760773	0.09922363609075546	-0.12017592042684555	0.061857812106609344	-0.17577232420444489
-0.08726175874471664	0.007258223369717598	-0.11909319460391998	0.13861703872680664	0.11462821066379547	0.0933363065123558	-0.0031730325426906347	-0.24926869571208954	0.21963173151016235	-0.14526309072971344	0.0842147246003151	0.15545527637004852	0.15138570964336395	-0.02171877585351467	0.16369269788265228	-0.001529867760837078	-0.05965366214513779	0.046305444091558456	-0.09091267734766006	0.15399831533432007	0.09767749905586243	0.07787619531154633	-0.10700475424528122	0.10252844542264938	-0.0003840902936644852	-0.00756129901856184	-0.014457997865974903	-0.14221273362636566	-0.07552254945039749	-0.0516425222158432	-0.03553510084748268	-0.17055824398994446	0.1146417111158371	-0.09487815201282501	0.05044056102633476	-0.15480872988700867	0.004570788238197565	-0.0475146509706974	0.06268508732318878	-0.15768326818943024	-0.03973495215177536	0.0749296098947525	-0.0636475533246994	-0.014939149841666222	-0.18232659995555878	0.11002202332019806	0.033311471343040466	0.04544375464320183	0.052192844450473785	0.09962007403373718	0.13307887315750122	0.021998144686222076	0.03828279674053192	-0.23679882287979126	-0.08169032633304596	0.14197185635566711	0.09899993985891342	-0.109363853931427	0.06706282496452332	0.08847935497760773	0.09922363609075546	-0.12017592042684555	0.061857812106609344	-0.17577232420444489
-0.046601880341768265	-0.08916127681732178	-0.011013776063919067	-0.02156582660973072	-0.01792668178677559	-0.04649884253740311	0.03280356153845787	-0.06287717074155807	0.047341134399175644	-0.07518688589334488	-0.008863299153745174	-0.09737329185009003	-0.01929297484457493	0.08731696009635925	-0.020949384197592735	0.04645351320505142	0.04536091163754463	-0.023591723293066025	-0.01821109466254711	-0.03557388857007027	0.09040860831737518	0.005667515564709902	-0.07205992937088013	-0.0381673127412796	-0.08159685879945755	0.09929967671632767	0.04735174775123596	-0.027698317542672157	0.04503750056028366	0.08853694051504135	-0.0036467108875513077	-0.05844394862651825	-0.03219360485672951	-0.0387788824737072	0.05055199936032295	0.020215969532728195	0.06095343455672264	0.024518132209777832	0.034347593784332275	0.08343218266963959	-0.01319356169551611	-0.08005747199058533	-0.09641528129577637	-0.03263206407427788	-0.03846560791134834	-0.043048154562711716	0.05545903742313385	-0.0361974835395813	-0.06749430298805237	0.007493903860449791	0.02517552487552166	-0.06459129601716995	-0.07180508226156235	0.07303901761770248	-0.036649201065301895	0.051107097417116165	-0.031174128875136375	0.04173678904771805	0.017618151381611824	-0.025274233892560005	-0.0011499077081680298	-0.07172894477844238	0.08089084178209305	0.0438186451792717
-0.005540368612855673	-0.054458703845739365	0.19335728883743286	-0.12146791815757751	0.08708678185939789	-0.21519604325294495	0.043468210846185684	0.36058688163757324	-0.26860904693603516	0.21727363765239716	-0.055457185953855515	-0.0405566543340683	-0.13622482120990753	-0.10254823416471481	-0.14214447140693665	0.042477741837501526	0.017620446160435677	-0.055427100509405136	0.2035757154226303	-0.18367807567119598	-0.0552368201315403	-0.08701888471841812	0.07527358829975128	-0.10785757005214691	0.03132752701640129	0.1805586963891983	-0.08199991285800934	0.22151057422161102	0.12624140083789825	0.14220429956912994	-0.038041383028030396	0.1632213443517685	-0.12135707587003708	-0.021099889650940895	-0.04568194970488548	0.15763282775878906	-0.16149963438510895	0.04013597220182419	-0.16431353986263275	0.16627410054206848	-0.07711447775363922	-0.13113819062709808	0.15115609765052795	-0.06464514881372452	0.11536218971014023	-0.03478730097413063	-0.06160518154501915	0.039699800312519073	-0.09437654167413712	-0.26571717858314514	-0.19669049978256226	-0.1498437076807022	-0.09176716208457947	0.2605834901332855	0.14555470645427704	-0.2030772566795349	-0.19322988390922546	0.1218579038977623	-0.08389946073293686	-0.08823947608470917	-0.06352748721837997	0.11558254808187485	0.0036305042449384928	0.1525002270936966
-0.005540368612855673	-0.054458703845739365	0.19335728883743286	-0.12146791815757751	0.08708678185939789	-0.21519604325294495	0.043468210846185684	0.36058688163757324	-0.26860904693603516	0.21727363765239716	-0.055457185953855515	-0.0405566543340683	-0.13622482120990753	-0.10254823416471481	-0.14214447140693665	0.042477741837501526	0.017620446160435677	-0.055427100509405136	0.2035757154226303	-0.18367807567119598	-0.0552368201315403	-0.08701888471841812	0.07527358829975128	-0.10785757005214691	0.03132752701640129	0.1805586963891983	-0.08199991285800934	0.22151057422161102	0.12624140083789825	0.14220429956912994	-0.038041383028030396	0.1632213443517685	-0.12135707587003708	-0.021099889650940895	-0.04568194970488548	0.15763282775878906	-0.16149963438510895	0.04013597220182419	-0.16431353986263275	0.16627410054206848	-0.07711447775363922	-0.13113819062709808	0.15115609765052795	-0.06464514881372452	0.11536218971014023	-0.03478730097413063	-0.06160518154501915	0.039699800312519073	-0.09437654167413712	-0.26571717858314514	-0.19669049978256226	-0.1498437076807022	-0.09176716208457947	0.2605834901332855	0.14555470645427704	-0.2030772566795349	-0.19322988390922546	0.1218579038977623	-0.08389946073293686	-0.08823947608470917	-0.06352748721837997	0.11558254808187485	0.0036305042449384928	0.1525002270936966
-0.08726175874471664	0.007258223369717598	-0.11909319460391998	0.13861703872680664	0.11462821066379547	0.0933363065123558	-0.0031730325426906347	-0.24926869571208954	0.21963173151016235	-0.14526309072971344	0.0842147246003151	0.15545527637004852	0.15138570964336395	-0.02171877585351467	0.16369269788265228	-0.001529867760837078	-0.05965366214513779	0.046305444091558456	-0.09091267734766006	0.15399831533432007	0.09767749905586243	0.07787619531154633	-0.10700475424528122	0.10252844542264938	-0.0003840902936644852	-0.00756129901856184	-0.014457997865974903	-0.14221273362636566	-0.07552254945039749	-0.0516425222158432	-0.03553510084748268	-0.17055824398994446	0.1146417111158371	-0.09487815201282501	0.05044056102633476	-0.15480872988700867	0.004570788238197565	-0.0475146509706974	0.06268508732318878	-0.15768326818943024	-0.03973495215177536	0.0749296098947525	-0.0636475533246994	-0.014939149841666222	-0.18232659995555878	0.11002202332019806	0.033311471343040466	0.04544375464320183	0.052192844450473785	0.09962007403373718	0.13307887315750122	0.021998144686222076	0.03828279674053192	-0.23679882287979126	-0.08169032633304596	0.14197185635566711	0.09899993985891342	-0.109363853931427	0.06706282496452332	0.08847935497760773	0.09922363609075546	-0.12017592042684555	0.061857812106609344	-0.17577232420444489
-0.08726175874471664	0.007258223369717598	-0.11909319460391998	0.13861703872680664	0.11462821066379547	0.0933363065123558	-0.0031730325426906347	-0.24926869571208954	0.21963173151016235	-0.14526309072971344	0.0842147246003151	0.15545527637004852	0.15138570964336395	-0.02171877585351467	0.16369269788265228	-0.001529867760837078	-0.05965366214513779	0.046305444091558456	-0.09091267734766006	0.15399831533432007	0.09767749905586243	0.07787619531154633	-0.10700475424528122	0.10252844542264938	-0.0003840902936644852	-0.00756129901856184	-0.014457997865974903	-0.14221273362636566	-0.07552254945039749	-0.0516425222158432	-0.03553510084748268	-0.17055824398994446	0.1146417111158371	-0.09487815201282501	0.05044056102633476	-0.15480872988700867	0.004570788238197565	-0.0475146509706974	0.06268508732318878	-0.15768326818943024	-0.03973495215177536	0.0749296098947525	-0.0636475533246994	-0.014939149841666222	-0.18232659995555878	0.11002202332019806	0.033311471343040466	0.04544375464320183	0.052192844450473785	0.09962007403373718	0.13307887315750122	0.021998144686222076	0.03828279674053192	-0.23679882287979126	-0.08169032633304596	0.14197185635566711	0.09899993985891342	-0.109363853931427	0.06706282496452332	0.08847935497760773	0.09922363609075546	-0.12017592042684555	0.061857812106609344	-0.17577232420444489
-0.08726175874471664	0.007258223369717598	-0.11909319460391998	0.13861703872680664	0.11462821066379547	0.0933363065123558	-0.0031730325426906347	-0.24926869571208954	0.21963173151016235	-0.14526309072971344	0.0842147246003151	0.15545527637004852	0.15138570964336395	-0.02171877585351467	0.16369269788265228	-0.001529867760837078	-0.05965366214513779	0.046305444091558456	-0.09091267734766006	0.15399831533432007	0.09767749905586243	0.07787619531154633	-0.10700475424528122	0.10252844542264938	-0.0003840902936644852	-0.00756129901856184	-0.014457997865974903	-0.14221273362636566	-0.07552254945039749	-0.0516425222158432	-0.03553510084748268	-0.17055824398994446	0.1146417111158371	-0.09487815201282501	0.05044056102633476	-0.15480872988700867	0.004570788238197565	-0.0475146509706974	0.06268508732318878	-0.15768326818943024	-0.03973495215177536	0.0749296098947525	-0.0636475533246994	-0.014939149841666222	-0.18232659995555878	0.11002202332019806	0.033311471343040466	0.04544375464320183	0.052192844450473785	0.09962007403373718	0.13307887315750122	0.021998144686222076	0.03828279674053192	-0.23679882287979126	-0.08169032633304596	0.14197185635566711	0.09899993985891342	-0.109363853931427	0.06706282496452332	0.08847935497760773	0.09922363609075546	-0.12017592042684555	0.061857812106609344	-0.17577232420444489
-0.005540368612855673	-0.054458703845739365	0.19335728883743286	-0.12146791815757751	0.08708678185939789	-0.21519604325294495	0.043468210846185684	0.36058688163757324	-0.26860904693603516	0.21727363765239716	-0.055457185953855515	-0.0405566543340683	-0.13622482120990753	-0.10254823416471481	-0.14214447140693665	0.042477741837501526	0.017620446160435677	-0.055427100509405136	0.2035757154226303	-0.18367807567119598	-0.0552368201315403	-0.08701888471841812	0.07527358829975128	-0.10785757005214691	0.03132752701640129	0.1805586963891983	-0.08199991285800934	0.22151057422161102	0.12624140083789825	0.14220429956912994	-0.038041383028030396	0.1632213443517685	-0.12135707587003708	-0.021099889650940895	-0.04568194970488548	0.15763282775878906	-0.16149963438510895	0.04013597220182419	-0.16431353986263275	0.16627410054206848	-0.07711447775363922	-0.13113819062709808	0.15115609765052795	-0.06464514881372452	0.11536218971014023	-0.03478730097413063	-0.06160518154501915	0.039699800312519073	-0.09437654167413712	-0.26571717858314514	-0.19669049978256226	-0.1498437076807022	-0.09176716208457947	0.2605834901332855	0.14555470645427704	-0.2030772566795349	-0.19322988390922546	0.1218579038977623	-0.08389946073293686	-0.08823947608470917	-0.06352748721837997	0.11558254808187485	0.0036305042449384928	0.1525002270936966
-0.07433612644672394	0.04944539815187454	-0.12472765892744064	0.08360902220010757	-0.05512083321809769	0.09909230470657349	0.06381590664386749	-0.031858835369348526	0.041558727622032166	-0.0608585886657238	-0.000545004615560174	0.09172520786523819	0.054548345506191254	-0.08035594969987869	0.011707024648785591	-0.003024728037416935	0.07149409502744675	-0.020776905119419098	-0.012386403977870941	-0.04822733253240585	-0.05423537269234657	0.01671617664396763	-0.0734582394361496	0.0879814550280571	-0.0607786700129509	0.06495903432369232	-0.05310641974210739	-0.06970535963773727	-0.10276991128921509	-0.023150237277150154	-0.02130979113280773	-0.048095814883708954	-0.005666122771799564	0.04321169853210449	0.046491589397192	-0.07808869332075119	0.10227972269058228	-0.05852265655994415	0.053302548825740814	0.07206448912620544	-0.0758686289191246	-0.0724669024348259	0.05191656947135925	-0.06705943495035172	0.025406809523701668	0.023338785395026207	0.016545327380299568	-0.027595100924372673	-0.07019542157649994	0.07632608711719513	-0.0541495643556118	-0.06362883746623993	-0.05727265402674675	0.006307053379714489	0.06686732918024063	-0.007214631885290146	0.1062275767326355	0.01579524576663971	0.07050888240337372	0.023257290944457054	-0.05829266831278801	0.0006626701797358692	-0.042199913412332535	-0.12078343331813812
-0.08726175874471664	0.007258223369717598	-0.11909319460391998	0.13861703872680664	0.11462821066379547	0.0933363065123558	-0.0031730325426906347	-0.24926869571208954	0.21963173151016235	-0.14526309072971344	0.0842147246003151	0.15545527637004852	0.15138570964336395	-0.02171877585351467	0.16369269788265228	-0.001529867760837078	-0.05965366214513779	0.046305444091558456	-0.09091267734766006	0.15399831533432007	0.09767749905586243	0.07787619531154633	-0.10700475424528122	0.10252844542264938	-0.0003840902936644852	-0.00756129901856184	-0.014457997865974903	-0.14221273362636566	-0.07552254945039749	-0.0516425222158432	-0.03553510084748268	-0.17055824398994446	0.1146417111158371	-0.09487815201282501	0.05044056102633476	-0.15480872988700867	0.004570788238197565	-0.0475146509706974	0.06268508732318878	-0.15768326818943024	-0.03973495215177536	0.0749296098947525	-0.0636475533246994	-0.014939149841666222	-0.18232659995555878	0.11002202332019806	0.033311471343040466	0.04544375464320183	0.052192844450473785	0.09962007403373718	0.13307887315750122	0.021998144686222076	0.03828279674053192	-0.23679882287979126	-0.08169032633304596	0.14197185635566711	0.09899993985891342	-0.109363853931427	0.06706282496452332	0.08847935497760773	0.09922363609075546	-0.12017592042684555	0.061857812106609344	-0.17577232420444489
-0.005540368612855673	-0.054458703845739365	0.19335728883743286	-0.12146791815757751	0.08708678185939789	-0.21519604325294495	0.043468210846185684	0.36058688163757324	-0.26860904693603516	0.21727363765239716	-0.055457185953855515	-0.0405566543340683	-0.13622482120990753	-0.10254823416471481	-0.14214447140693665	0.042477741837501526	0.017620446160435677	-0.055427100509405136	0.2035757154226303	-0.18367807567119598	-0.0552368201315403	-0.08701888471841812	0.07527358829975128	-0.10785757005214691	0.03132752701640129	0.1805586963891983	-0.08199991285800934	0.22151057422161102	0.12624140083789825	0.14220429956912994	-0.038041383028030396	0.1632213443517685	-0.12135707587003708	-0.021099889650940895	-0.04568194970488548	0.15763282775878906	-0.16149963438510895	0.04013597220182419	-0.16431353986263275	0.16627410054206848	-0.07711447775363922	-0.13113819062709808	0.15115609765052795	-0.06464514881372452	0.11536218971014023	-0.03478730097413063	-0.06160518154501915	0.039699800312519073	-0.09437654167413712	-0.26571717858314514	-0.19669049978256226	-0.1498437076807022	-0.09176716208457947	0.2605834901332855	0.14555470645427704	-0.2030772566795349	-0.19322988390922546	0.1218579038977623	-0.08389946073293686	-0.08823947608470917	-0.06352748721837997	0.11558254808187485	0.0036305042449384928	0.1525002270936966
-0.07433612644672394	0.04944539815187454	-0.12472765892744064	0.08360902220010757	-0.05512083321809769	0.09909230470657349	0.06381590664386749	-0.031858835369348526	0.041558727622032166	-0.0608585886657238	-0.000545004615560174	0.09172520786523819	0.054548345506191254	-0.08035594969987869	0.011707024648785591	-0.003024728037416935	0.07149409502744675	-0.020776905119419098	-0.012386403977870941	-0.04822733253240585	-0.05423537269234657	0.01671617664396763	-0.0734582394361496	0.0879814550280571	-0.0607786700129509	0.06495903432369232	-0.05310641974210739	-0.06970535963773727	-0.10276991128921509	-0.023150237277150154	-0.02130979113280773	-0.048095814883708954	-0.005666122771799564	0.04321169853210449	0.046491589397192	-0.07808869332075119	0.10227972269058228	-0.05852265655994415	0.053302548825740814	0.07206448912620544	-0.0758686289191246	-0.0724669024348259	0.05191656947135925	-0.06705943495035172	0.025406809523701668	0.023338785395026207	0.016545327380299568	-0.027595100924372673	-0.07019542157649994	0.07632608711719513	-0.0541495643556118	-0.06362883746623993	-0.05727265402674675	0.006307053379714489	0.06686732918024063	-0.007214631885290146	0.1062275767326355	0.01579524576663971	0.07050888240337372	0.023257290944457054	-0.05829266831278801	0.0006626701797358692	-0.042199913412332535	-0.12078343331813812
-0.08726175874471664	0.007258223369717598	-0.11909319460391998	0.13861703872680664	0.11462821066379547	0.0933363065123558	-0.0031730325426906347	-0.24926869571208954	0.21963173151016235	-0.14526309072971344	0.0842147246003151	0.15545527637004852	0.15138570964336395	-0.02171877585351467	0.16369269788265228	-0.001529867760837078	-0.05965366214513779	0.046305444091558456	-0.09091267734766006	0.15399831533432007	0.09767749905586243	0.07787619531154633	-0.10700475424528122	0.10252844542264938	-0.0003840902936644852	-0.00756129901856184	-0.014457997865974903	-0.14221273362636566	-0.07552254945039749	-0.0516425222158432	-0.03553510084748268	-0.17055824398994446	0.1146417111158371	-0.09487815201282501	0.05044056102633476	-0.15480872988700867	0.004570788238197565	-0.0475146509706974	0.06268508732318878	-0.15768326818943024	-0.03973495215177536	0.0749296098947525	-0.0636475533246994	-0.014939149841666222	-0.18232659995555878	0.11002202332019806	0.033311471343040466	0.04544375464320183	0.052192844450473785	0.09962007403373718	0.13307887315750122	0.021998144686222076	0.03828279674053192	-0.23679882287979126	-0.08169032633304596	0.14197185635566711	0.09899993985891342	-0.109363853931427	0.06706282496452332	0.08847935497760773	0.09922363609075546	-0.12017592042684555	0.061857812106609344	-0.17577232420444489
-0.005540368612855673	-0.054458703845739365	0.19335728883743286	-0.12146791815757751	0.08708678185939789	-0.21519604325294495	0.043468210846185684	0.36058688163757324	-0.26860904693603516	0.21727363765239716	-0.055457185953855515	-0.0405566543340683	-0.13622482120990753	-0.10254823416471481	-0.14214447140693665	0.042477741837501526	0.017620446160435677	-0.055427100509405136	0.2035757154226303	-0.18367807567119598	-0.0552368201315403	-0.08701888471841812	0.07527358829975128	-0.10785757005214691	0.03132752701640129	0.1805586963891983	-0.08199991285800934	0.22151057422161102	0.12624140083789825	0.14220429956912994	-0.038041383028030396	0.1632213443517685	-0.12135707587003708	-0.021099889650940895	-0.04568194970488548	0.15763282775878906	-0.16149963438510895	0.04013597220182419	-0.16431353986263275	0.16627410054206848	-0.07711447775363922	-0.13113819062709808	0.15115609765052795	-0.06464514881372452	0.11536218971014023	-0.03478730097413063	-0.06160518154501915	0.039699800312519073	-0.09437654167413712	-0.26571717858314514	-0.19669049978256226	-0.1498437076807022	-0.09176716208457947	0.2605834901332855	0.14555470645427704	-0.2030772566795349	-0.19322988390922546	0.1218579038977623	-0.08389946073293686	-0.08823947608470917	-0.06352748721837997	0.11558254808187485	0.0036305042449384928	0.1525002270936966
-0.08726175874471664	0.007258223369717598	-0.11909319460391998	0.13861703872680664	0.11462821066379547	0.0933363065123558	-0.0031730325426906347	-0.24926869571208954	0.21963173151016235	-0.14526309072971344	0.0842147246003151	0.15545527637004852	0.15138570964336395	-0.02171877585351467	0.16369269788265228	-0.001529867760837078	-0.05965366214513779	0.046305444091558456	-0.09091267734766006	0.15399831533432007	0.09767749905586243	0.07787619531154633	-0.10700475424528122	0.10252844542264938	-0.0003840902936644852	-0.00756129901856184	-0.014457997865974903	-0.14221273362636566	-0.07552254945039749	-0.0516425222158432	-0.03553510084748268	-0.17055824398994446	0.1146417111158371	-0.09487815201282501	0.05044056102633476	-0.15480872988700867	0.004570788238197565	-0.0475146509706974	0.06268508732318878	-0.15768326818943024	-0.03973495215177536	0.0749296098947525	-0.0636475533246994	-0.014939149841666222	-0.18232659995555878	0.11002202332019806	0.033311471343040466	0.04544375464320183	0.052192844450473785	0.09962007403373718	0.13307887315750122	0.021998144686222076	0.03828279674053192	-0.23679882287979126	-0.08169032633304596	0.14197185635566711	0.09899993985891342	-0.109363853931427	0.06706282496452332	0.08847935497760773	0.09922363609075546	-0.12017592042684555	0.061857812106609344	-0.17577232420444489
-0.08726175874471664	0.007258223369717598	-0.11909319460391998	0.13861703872680664	0.11462821066379547	0.0933363065123558	-0.0031730325426906347	-0.24926869571208954	0.21963173151016235	-0.14526309072971344	0.0842147246003151	0.15545527637004852	0.15138570964336395	-0.02171877585351467	0.16369269788265228	-0.001529867760837078	-0.05965366214513779	0.046305444091558456	-0.09091267734766006	0.15399831533432007	0.09767749905586243	0.07787619531154633	-0.10700475424528122	0.10252844542264938	-0.0003840902936644852	-0.00756129901856184	-0.014457997865974903	-0.14221273362636566	-0.07552254945039749	-0.0516425222158432	-0.03553510084748268	-0.17055824398994446	0.1146417111158371	-0.09487815201282501	0.05044056102633476	-0.15480872988700867	0.004570788238197565	-0.0475146509706974	0.06268508732318878	-0.15768326818943024	-0.03973495215177536	0.0749296098947525	-0.0636475533246994	-0.014939149841666222	-0.18232659995555878	0.11002202332019806	0.033311471343040466	0.04544375464320183	0.052192844450473785	0.09962007403373718	0.13307887315750122	0.021998144686222076	0.03828279674053192	-0.23679882287979126	-0.08169032633304596	0.14197185635566711	0.09899993985891342	-0.109363853931427	0.06706282496452332	0.08847935497760773	0.09922363609075546	-0.12017592042684555	0.061857812106609344	-0.17577232420444489
-0.005540368612855673	-0.054458703845739365	0.19335728883743286	-0.12146791815757751	0.08708678185939789	-0.21519604325294495	0.043468210846185684	0.36058688163757324	-0.26860904693603516	0.21727363765239716	-0.055457185953855515	-0.0405566543340683	-0.13622482120990753	-0.10254823416471481	-0.14214447140693665	0.042477741837501526	0.017620446160435677	-0.055427100509405136	0.2035757154226303	-0.18367807567119598	-0.0552368201315403	-0.08701888471841812	0.07527358829975128	-0.10785757005214691	0.03132752701640129	0.1805586963891983	-0.08199991285800934	0.22151057422161102	0.12624140083789825	0.14220429956912994	-0.038041383028030396	0.1632213443517685	-0.12135707587003708	-0.021099889650940895	-0.04568194970488548	0.15763282775878906	-0.16149963438510895	0.04013597220182419	-0.16431353986263275	0.16627410054206848	-0.07711447775363922	-0.13113819062709808	0.15115609765052795	-0.06464514881372452	0.11536218971014023	-0.03478730097413063	-0.06160518154501915	0.039699800312519073	-0.09437654167413712	-0.26571717858314514	-0.19669049978256226	-0.1498437076807022	-0.09176716208457947	0.2605834901332855	0.14555470645427704	-0.2030772566795349	-0.19322988390922546	0.1218579038977623	-0.08389946073293686	-0.08823947608470917	-0.06352748721837997	0.11558254808187485	0.0036305042449384928	0.1525002270936966
-0.005540368612855673	-0.054458703845739365	0.19335728883743286	-0.12146791815757751	0.08708678185939789	-0.21519604325294495	0.043468210846185684	0.36058688163757324	-0.26860904693603516	0.21727363765239716	-0.055457185953855515	-0.0405566543340683	-0.13622482120990753	-0.10254823416471481	-0.14214447140693665	0.042477741837501526	0.017620446160435677	-0.055427100509405136	0.2035757154226303	-0.18367807567119598	-0.0552368201315403	-0.08701888471841812	0.07527358829975128	-0.10785757005214691	0.03132752701640129	0.1805586963891983	-0.08199991285800934	0.22151057422161102	0.12624140083789825	0.14220429956912994	-0.038041383028030396	0.1632213443517685	-0.12135707587003708	-0.021099889650940895	-0.04568194970488548	0.15763282775878906	-0.16149963438510895	0.04013597220182419	-0.16431353986263275	0.16627410054206848	-0.07711447775363922	-0.13113819062709808	0.15115609765052795	-0.06464514881372452	0.11536218971014023	-0.03478730097413063	-0.06160518154501915	0.039699800312519073	-0.09437654167413712	-0.26571717858314514	-0.19669049978256226	-0.1498437076807022	-0.09176716208457947	0.2605834901332855	0.14555470645427704	-0.2030772566795349	-0.19322988390922546	0.1218579038977623	-0.08389946073293686	-0.08823947608470917	-0.06352748721837997	0.11558254808187485	0.0036305042449384928	0.1525002270936966
-0.08726175874471664	0.007258223369717598	-0.11909319460391998	0.13861703872680664	0.11462821066379547	0.0933363065123558	-0.0031730325426906347	-0.24926869571208954	0.21963173151016235	-0.14526309072971344	0.0842147246003151	0.15545527637004852	0.15138570964336395	-0.02171877585351467	0.16369269788265228	-0.001529867760837078	-0.05965366214513779	0.046305444091558456	-0.09091267734766006	0.15399831533432007	0.09767749905586243	0.07787619531154633	-0.10700475424528122	0.10252844542264938	-0.0003840902936644852	-0.00756129901856184	-0.014457997865974903	-0.14221273362636566	-0.07552254945039749	-0.0516425222158432	-0.03553510084748268	-0.17055824398994446	0.1146417111158371	-0.09487815201282501	0.05044056102633476	-0.15480872988700867	0.004570788238197565	-0.0475146509706974	0.06268508732318878	-0.15768326818943024	-0.03973495215177536	0.0749296098947525	-0.0636475533246994	-0.014939149841666222	-0.18232659995555878	0.11002202332019806	0.033311471343040466	0.04544375464320183	0.052192844450473785	0.09962007403373718	0.13307887315750122	0.021998144686222076	0.03828279674053192	-0.23679882287979126	-0.08169032633304596	0.14197185635566711	0.09899993985891342	-0.109363853931427	0.06706282496452332	0.08847935497760773	0.09922363609075546	-0.12017592042684555	0.061857812106609344	-0.17577232420444489
-0.08726175874471664	0.007258223369717598	-0.11909319460391998	0.13861703872680664	0.11462821066379547	0.0933363065123558	-0.0031730325426906347	-0.24926869571208954	0.21963173151016235	-0.14526309072971344	0.0842147246003151	0.15545527637004852	0.15138570964336395	-0.02171877585351467	0.16369269788265228	-0.001529867760837078	-0.05965366214513779	0.046305444091558456	-0.09091267734766006	0.15399831533432007	0.09767749905586243	0.07787619531154633	-0.10700475424528122	0.10252844542264938	-0.0003840902936644852	-0.00756129901856184	-0.014457997865974903	-0.14221273362636566	-0.07552254945039749	-0.0516425222158432	-0.03553510084748268	-0.17055824398994446	0.1146417111158371	-0.09487815201282501	0.05044056102633476	-0.15480872988700867	0.004570788238197565	-0.0475146509706974	0.06268508732318878	-0.15768326818943024	-0.03973495215177536	0.0749296098947525	-0.0636475533246994	-0.014939149841666222	-0.18232659995555878	0.11002202332019806	0.033311471343040466	0.04544375464320183	0.052192844450473785	0.09962007403373718	0.13307887315750122	0.021998144686222076	0.03828279674053192	-0.23679882287979126	-0.08169032633304596	0.14197185635566711	0.09899993985891342	-0.109363853931427	0.06706282496452332	0.08847935497760773	0.09922363609075546	-0.12017592042684555	0.061857812106609344	-0.17577232420444489
-0.046601880341768265	-0.08916127681732178	-0.011013776063919067	-0.02156582660973072	-0.01792668178677559	-0.04649884253740311	0.03280356153845787	-0.06287717074155807	0.047341134399175644	-0.07518688589334488	-0.008863299153745174	-0.09737329185009003	-0.01929297484457493	0.08731696009635925	-0.020949384197592735	0.04645351320505142	0.04536091163754463	-0.023591723293066025	-0.01821109466254711	-0.03557388857007027	0.09040860831737518	0.005667515564709902	-0.07205992937088013	-0.0381673127412796	-0.08159685879945755	0.09929967671632767	0.04735174775123596	-0.027698317542672157	0.04503750056028366	0.08853694051504135	-0.0036467108875513077	-0.05844394862651825	-0.03219360485672951	-0.0387788824737072	0.05055199936032295	0.020215969532728195	0.06095343455672264	0.024518132209777832	0.034347593784332275	0.08343218266963959	-0.01319356169551611	-0.08005747199058533	-0.09641528129577637	-0.03263206407427788	-0.03846560791134834	-0.043048154562711716	0.05545903742313385	-0.0361974835395813	-0.06749430298805237	0.007493903860449791	0.02517552487552166	-0.06459129601716995	-0.07180508226156235	0.07303901761770248	-0.036649201065301895	0.051107097417116165	-0.031174128875136375	0.04173678904771805	0.017618151381611824	-0.025274233892560005	-0.0011499077081680298	-0.07172894477844238	0.08089084178209305	0.0438186451792717
-0.08726175874471664	0.007258223369717598	-0.11909319460391998	0.13861703872680664	0.11462821066379547	0.0933363065123558	-0.0031730325426906347	-0.24926869571208954	0.21963173151016235	-0.14526309072971344	0.0842147246003151	0.15545527637004852	0.15138570964336395	-0.02171877585351467	0.16369269788265228	-0.001529867760837078	-0.05965366214513779	0.046305444091558456	-0.09091267734766006	0.15399831533432007	0.09767749905586243	0.07787619531154633	-0.10700475424528122	0.10252844542264938	-0.0003840902936644852	-0.00756129901856184	-0.014457997865974903	-0.14221273362636566	-0.07552254945039749	-0.0516425222158432	-0.03553510084748268	-0.17055824398994446	0.1146417111158371	-0.09487815201282501	0.05044056102633476	-0.15480872988700867	0.004570788238197565	-0.0475146509706974	0.06268508732318878	-0.15768326818943024	-0.03973495215177536	0.0749296098947525	-0.0636475533246994	-0.014939149841666222	-0.18232659995555878	0.11002202332019806	0.033311471343040466	0.04544375464320183	0.052192844450473785	0.09962007403373718	0.13307887315750122	0.021998144686222076	0.03828279674053192	-0.23679882287979126	-0.08169032633304596	0.14197185635566711	0.09899993985891342	-0.109363853931427	0.06706282496452332	0.08847935497760773	0.09922363609075546	-0.12017592042684555	0.061857812106609344	-0.17577232420444489
-0.005540368612855673	-0.054458703845739365	0.19335728883743286	-0.12146791815757751	0.08708678185939789	-0.21519604325294495	0.043468210846185684	0.36058688163757324	-0.26860904693603516	0.21727363765239716	-0.055457185953855515	-0.0405566543340683	-0.13622482120990753	-0.10254823416471481	-0.14214447140693665	0.042477741837501526	0.017620446160435677	-0.055427100509405136	0.2035757154226303	-0.18367807567119598	-0.0552368201315403	-0.08701888471841812	0.07527358829975128	-0.10785757005214691	0.03132752701640129	0.1805586963891983	-0.08199991285800934	0.22151057422161102	0.12624140083789825	0.14220429956912994	-0.038041383028030396	0.1632213443517685	-0.12135707587003708	-0.021099889650940895	-0.04568194970488548	0.15763282775878906	-0.16149963438510895	0.04013597220182419	-0.16431353986263275	0.16627410054206848	-0.07711447775363922	-0.13113819062709808	0.15115609765052795	-0.06464514881372452	0.11536218971014023	-0.03478730097413063	-0.06160518154501915	0.039699800312519073	-0.09437654167413712	-0.26571717858314514	-0.19669049978256226	-0.1498437076807022	-0.09176716208457947	0.2605834901332855	0.14555470645427704	-0.2030772566795349	-0.19322988390922546	0.1218579038977623	-0.08389946073293686	-0.08823947608470917	-0.06352748721837997	0.11558254808187485	0.0036305042449384928	0.1525002270936966
-0.005540368612855673	-0.054458703845739365	0.19335728883743286	-0.12146791815757751	0.08708678185939789	-0.21519604325294495	0.043468210846185684	0.36058688163757324	-0.26860904693603516	0.21727363765239716	-0.055457185953855515	-0.0405566543340683	-0.13622482120990753	-0.10254823416471481	-0.14214447140693665	0.042477741837501526	0.017620446160435677	-0.055427100509405136	0.2035757154226303	-0.18367807567119598	-0.0552368201315403	-0.08701888471841812	0.07527358829975128	-0.10785757005214691	0.03132752701640129	0.1805586963891983	-0.08199991285800934	0.22151057422161102	0.12624140083789825	0.14220429956912994	-0.038041383028030396	0.1632213443517685	-0.12135707587003708	-0.021099889650940895	-0.04568194970488548	0.15763282775878906	-0.16149963438510895	0.04013597220182419	-0.16431353986263275	0.16627410054206848	-0.07711447775363922	-0.13113819062709808	0.15115609765052795	-0.06464514881372452	0.11536218971014023	-0.03478730097413063	-0.06160518154501915	0.039699800312519073	-0.09437654167413712	-0.26571717858314514	-0.19669049978256226	-0.1498437076807022	-0.09176716208457947	0.2605834901332855	0.14555470645427704	-0.2030772566795349	-0.19322988390922546	0.1218579038977623	-0.08389946073293686	-0.08823947608470917	-0.06352748721837997	0.11558254808187485	0.0036305042449384928	0.1525002270936966
-0.005540368612855673	-0.054458703845739365	0.19335728883743286	-0.12146791815757751	0.08708678185939789	-0.21519604325294495	0.043468210846185684	0.36058688163757324	-0.26860904693603516	0.21727363765239716	-0.055457185953855515	-0.0405566543340683	-0.13622482120990753	-0.10254823416471481	-0.14214447140693665	0.042477741837501526	0.017620446160435677	-0.055427100509405136	0.2035757154226303	-0.18367807567119598	-0.0552368201315403	-0.08701888471841812	0.07527358829975128	-0.10785757005214691	0.03132752701640129	0.1805586963891983	-0.08199991285800934	0.22151057422161102	0.12624140083789825	0.14220429956912994	-0.038041383028030396	0.1632213443517685	-0.12135707587003708	-0.021099889650940895	-0.04568194970488548	0.15763282775878906	-0.16149963438510895	0.04013597220182419	-0.16431353986263275	0.16627410054206848	-0.07711447775363922	-0.13113819062709808	0.15115609765052795	-0.06464514881372452	0.11536218971014023	-0.03478730097413063	-0.06160518154501915	0.039699800312519073	-0.09437654167413712	-0.26571717858314514	-0.19669049978256226	-0.1498437076807022	-0.09176716208457947	0.2605834901332855	0.14555470645427704	-0.2030772566795349	-0.19322988390922546	0.1218579038977623	-0.08389946073293686	-0.08823947608470917	-0.06352748721837997	0.11558254808187485	0.0036305042449384928	0.1525002270936966
-0.08726175874471664	0.007258223369717598	-0.11909319460391998	0.13861703872680664	0.11462821066379547	0.0933363065123558	-0.0031730325426906347	-0.24926869571208954	0.21963173151016235	-0.14526309072971344	0.0842147246003151	0.15545527637004852	0.15138570964336395	-0.02171877585351467	0.16369269788265228	-0.001529867760837078	-0.05965366214513779	0.046305444091558456	-0.09091267734766006	0.15399831533432007	0.09767749905586243	0.07787619531154633	-0.10700475424528122	0.10252844542264938	-0.0003840902936644852	-0.00756129901856184	-0.014457997865974903	-0.14221273362636566	-0.07552254945039749	-0.0516425222158432	-0.03553510084748268	-0.17055824398994446	0.1146417111158371	-0.09487815201282501	0.05044056102633476	-0.15480872988700867	0.004570788238197565	-0.0475146509706974	0.06268508732318878	-0.15768326818943024	-0.03973495215177536	0.0749296098947525	-0.0636475533246994	-0.014939149841666222	-0.18232659995555878	0.11002202332019806	0.033311471343040466	0.04544375464320183	0.052192844450473785	0.09962007403373718	0.13307887315750122	0.021998144686222076	0.03828279674053192	-0.23679882287979126	-0.08169032633304596	0.14197185635566711	0.09899993985891342	-0.109363853931427	0.06706282496452332	0.08847935497760773	0.09922363609075546	-0.12017592042684555	0.061857812106609344	-0.17577232420444489
-0.08726175874471664	0.007258223369717598	-0.11909319460391998	0.13861703872680664	0.11462821066379547	0.0933363065123558	-0.0031730325426906347	-0.24926869571208954	0.21963173151016235	-0.14526309072971344	0.0842147246003151	0.15545527637004852	0.15138570964336395	-0.02171877585351467	0.16369269788265228	-0.001529867760837078	-0.05965366214513779	0.046305444091558456	-0.09091267734766006	0.15399831533432007	0.09767749905586243	0.07787619531154633	-0.10700475424528122	0.10252844542264938	-0.0003840902936644852	-0.00756129901856184	-0.014457997865974903	-0.14221273362636566	-0.07552254945039749	-0.0516425222158432	-0.03553510084748268	-0.17055824398994446	0.1146417111158371	-0.09487815201282501	0.05044056102633476	-0.15480872988700867	0.004570788238197565	-0.0475146509706974	0.06268508732318878	-0.15768326818943024	-0.03973495215177536	0.0749296098947525	-0.0636475533246994	-0.014939149841666222	-0.18232659995555878	0.11002202332019806	0.033311471343040466	0.04544375464320183	0.052192844450473785	0.09962007403373718	0.13307887315750122	0.021998144686222076	0.03828279674053192	-0.23679882287979126	-0.08169032633304596	0.14197185635566711	0.09899993985891342	-0.109363853931427	0.06706282496452332	0.08847935497760773	0.09922363609075546	-0.12017592042684555	0.061857812106609344	-0.17577232420444489
-0.005540368612855673	-0.054458703845739365	0.19335728883743286	-0.12146791815757751	0.08708678185939789	-0.21519604325294495	0.043468210846185684	0.36058688163757324	-0.26860904693603516	0.21727363765239716	-0.055457185953855515	-0.0405566543340683	-0.13622482120990753	-0.10254823416471481	-0.14214447140693665	0.042477741837501526	0.017620446160435677	-0.055427100509405136	0.2035757154226303	-0.18367807567119598	-0.0552368201315403	-0.08701888471841812	0.07527358829975128	-0.10785757005214691	0.03132752701640129	0.1805586963891983	-0.08199991285800934	0.22151057422161102	0.12624140083789825	0.14220429956912994	-0.038041383028030396	0.1632213443517685	-0.12135707587003708	-0.021099889650940895	-0.04568194970488548	0.15763282775878906	-0.16149963438510895	0.04013597220182419	-0.16431353986263275	0.16627410054206848	-0.07711447775363922	-0.13113819062709808	0.15115609765052795	-0.06464514881372452	0.11536218971014023	-0.03478730097413063	-0.06160518154501915	0.039699800312519073	-0.09437654167413712	-0.26571717858314514	-0.19669049978256226	-0.1498437076807022	-0.09176716208457947	0.2605834901332855	0.14555470645427704	-0.2030772566795349	-0.19322988390922546	0.1218579038977623	-0.08389946073293686	-0.08823947608470917	-0.06352748721837997	0.11558254808187485	0.0036305042449384928	0.1525002270936966
-0.08726175874471664	0.007258223369717598	-0.11909319460391998	0.13861703872680664	0.11462821066379547	0.0933363065123558	-0.0031730325426906347	-0.24926869571208954	0.21963173151016235	-0.14526309072971344	0.0842147246003151	0.15545527637004852	0.15138570964336395	-0.02171877585351467	0.16369269788265228	-0.001529867760837078	-0.05965366214513779	0.046305444091558456	-0.09091267734766006	0.15399831533432007	0.09767749905586243	0.07787619531154633	-0.10700475424528122	0.10252844542264938	-0.0003840902936644852	-0.00756129901856184	-0.014457997865974903	-0.14221273362636566	-0.07552254945039749	-0.0516425222158432	-0.03553510084748268	-0.17055824398994446	0.1146417111158371	-0.09487815201282501	0.05044056102633476	-0.15480872988700867	0.004570788238197565	-0.0475146509706974	0.06268508732318878	-0.15768326818943024	-0.03973495215177536	0.0749296098947525	-0.0636475533246994	-0.014939149841666222	-0.18232659995555878	0.11002202332019806	0.033311471343040466	0.04544375464320183	0.052192844450473785	0.09962007403373718	0.13307887315750122	0.021998144686222076	0.03828279674053192	-0.23679882287979126	-0.08169032633304596	0.14197185635566711	0.09899993985891342	-0.109363853931427	0.06706282496452332	0.08847935497760773	0.09922363609075546	-0.12017592042684555	0.061857812106609344	-0.17577232420444489
-0.08726175874471664	0.007258223369717598	-0.11909319460391998	0.13861703872680664	0.11462821066379547	0.0933363065123558	-0.0031730325426906347	-0.24926869571208954	0.21963173151016235	-0.14526309072971344	0.0842147246003151	0.15545527637004852	0.15138570964336395	-0.02171877585351467	0.16369269788265228	-0.001529867760837078	-0.05965366214513779	0.046305444091558456	-0.09091267734766006	0.15399831533432007	0.09767749905586243	0.07787619531154633	-0.10700475424528122	0.10252844542264938	-0.0003840902936644852	-0.00756129901856184	-0.014457997865974903	-0.14221273362636566	-0.07552254945039749	-0.0516425222158432	-0.03553510084748268	-0.17055824398994446	0.1146417111158371	-0.09487815201282501	0.05044056102633476	-0.15480872988700867	0.004570788238197565	-0.0475146509706974	0.06268508732318878	-0.15768326818943024	-0.03973495215177536	0.0749296098947525	-0.0636475533246994	-0.014939149841666222	-0.18232659995555878	0.11002202332019806	0.033311471343040466	0.04544375464320183	0.052192844450473785	0.09962007403373718	0.13307887315750122	0.021998144686222076	0.03828279674053192	-0.23679882287979126	-0.08169032633304596	0.14197185635566711	0.09899993985891342	-0.109363853931427	0.06706282496452332	0.08847935497760773	0.09922363609075546	-0.12017592042684555	0.061857812106609344	-0.17577232420444489
-0.005540368612855673	-0.054458703845739365	0.19335728883743286	-0.12146791815757751	0.08708678185939789	-0.21519604325294495	0.043468210846185684	0.36058688163757324	-0.26860904693603516	0.21727363765239716	-0.055457185953855515	-0.0405566543340683	-0.13622482120990753	-0.10254823416471481	-0.14214447140693665	0.042477741837501526	0.017620446160435677	-0.055427100509405136	0.2035757154226303	-0.18367807567119598	-0.0552368201315403	-0.08701888471841812	0.07527358829975128	-0.10785757005214691	0.03132752701640129	0.1805586963891983	-0.08199991285800934	0.22151057422161102	0.12624140083789825	0.14220429956912994	-0.038041383028030396	0.1632213443517685	-0.12135707587003708	-0.021099889650940895	-0.04568194970488548	0.15763282775878906	-0.16149963438510895	0.04013597220182419	-0.16431353986263275	0.16627410054206848	-0.07711447775363922	-0.13113819062709808	0.15115609765052795	-0.06464514881372452	0.11536218971014023	-0.03478730097413063	-0.06160518154501915	0.039699800312519073	-0.09437654167413712	-0.26571717858314514	-0.19669049978256226	-0.1498437076807022	-0.09176716208457947	0.2605834901332855	0.14555470645427704	-0.2030772566795349	-0.19322988390922546	0.1218579038977623	-0.08389946073293686	-0.08823947608470917	-0.06352748721837997	0.11558254808187485	0.0036305042449384928	0.1525002270936966
0.03015471249818802	0.08105248957872391	0.06414160132408142	0.05019788071513176	0.10882449150085449	0.027703536674380302	-0.009912867099046707	-0.08871730417013168	-0.029480908066034317	-0.05040806904435158	0.012039406225085258	0.009901357814669609	0.028083214536309242	0.09211678057909012	0.03751150518655777	0.015353107824921608	0.03697001934051514	0.023515481501817703	-0.018621470779180527	-0.08040998876094818	-0.07153088599443436	0.04065607860684395	-0.02815983071923256	-0.01750713586807251	0.039220791310071945	-0.03679725527763367	0.012654430232942104	-0.013911404646933079	0.014217969961464405	-0.0962333008646965	-0.02392597682774067	-0.08199948072433472	-0.09222430735826492	0.07285848259925842	-0.018963100388646126	-0.0037580784410238266	-0.028302431106567383	0.005200848449021578	-0.004513156600296497	-0.09578640758991241	0.07474985718727112	-0.0667169913649559	-0.026606298983097076	0.05286889150738716	-0.026879284530878067	0.010424556210637093	0.05384888872504234	-0.05360595881938934	0.004353594034910202	-0.08906952291727066	0.05394293740391731	-0.08926014602184296	0.03565452620387077	-0.05618349090218544	-0.05058376491069794	0.042780179530382156	-0.024257855489850044	0.05520948767662048	-0.08925926685333252	0.01621902734041214	-0.04582436755299568	-0.040917910635471344	0.034109730273485184	0.015457559376955032
-0.08726175874471664	0.007258223369717598	-0.11909319460391998	0.13861703872680664	0.11462821066379547	0.0933363065123558	-0.0031730325426906347	-0.24926869571208954	0.21963173151016235	-0.14526309072971344	0.0842147246003151	0.15545527637004852	0.15138570964336395	-0.02171877585351467	0.16369269788265228	-0.001529867760837078	-0.05965366214513779	0.046305444091558456	-0.09091267734766006	0.15399831533432007	0.09767749905586243	0.07787619531154633	-0.10700475424528122	0.10252844542264938	-0.0003840902936644852	-0.00756129901856184	-0.014457997865974903	-0.14221273362636566	-0.07552254945039749	-0.0516425222158432	-0.03553510084748268	-0.17055824398994446	0.1146417111158371	-0.09487815201282501	0.05044056102633476	-0.15480872988700867	0.004570788238197565	-0.0475146509706974	0.06268508732318878	-0.15768326818943024	-0.03973495215177536	0.0749296098947525	-0.0636475533246994	-0.014939149841666222	-0.18232659995555878	0.11002202332019806	0.033311471343040466	0.04544375464320183	0.052192844450473785	0.09962007403373718	0.13307887315750122	0.021998144686222076	0.03828279674053192	-0.23679882287979126	-0.08169032633304596	0.14197185635566711	0.09899993985891342	-0.109363853931427	0.06706282496452332	0.08847935497760773	0.09922363609075546	-0.12017592042684555	0.061857812106609344	-0.17577232420444489
-0.005540368612855673	-0.054458703845739365	0.19335728883743286	-0.12146791815757751	0.08708678185939789	-0.21519604325294495	0.043468210846185684	0.36058688163757324	-0.26860904693603516	0.21727363765239716	-0.055457185953855515	-0.0405566543340683	-0.13622482120990753	-0.10254823416471481	-0.14214447140693665	0.042477741837501526	0.017620446160435677	-0.055427100509405136	0.2035757154226303	-0.18367807567119598	-0.0552368201315403	-0.08701888471841812	0.07527358829975128	-0.10785757005214691	0.03132752701640129	0.1805586963891983	-0.08199991285800934	0.22151057422161102	0.12624140083789825	0.14220429956912994	-0.038041383028030396	0.1632213443517685	-0.12135707587003708	-0.021099889650940895	-0.04568194970488548	0.15763282775878906	-0.16149963438510895	0.04013597220182419	-0.16431353986263275	0.16627410054206848	-0.07711447775363922	-0.13113819062709808	0.15115609765052795	-0.06464514881372452	0.11536218971014023	-0.03478730097413063	-0.06160518154501915	0.039699800312519073	-0.09437654167413712	-0.26571717858314514	-0.19669049978256226	-0.1498437076807022	-0.09176716208457947	0.2605834901332855	0.14555470645427704	-0.2030772566795349	-0.19322988390922546	0.1218579038977623	-0.08389946073293686	-0.08823947608470917	-0.06352748721837997	0.11558254808187485	0.0036305042449384928	0.1525002270936966
-0.08726175874471664	0.007258223369717598	-0.11909319460391998	0.13861703872680664	0.11462821066379547	0.0933363065123558	-0.0031730325426906347	-0.24926869571208954	0.21963173151016235	-0.14526309072971344	0.0842147246003151	0.15545527637004852	0.15138570964336395	-0.02171877585351467	0.16369269788265228	-0.001529867760837078	-0.05965366214513779	0.046305444091558456	-0.09091267734766006	0.15399831533432007	0.09767749905586243	0.07787619531154633	-0.10700475424528122	0.10252844542264938	-0.0003840902936644852	-0.00756129901856184	-0.014457997865974903	-0.14221273362636566	-0.07552254945039749	-0.0516425222158432	-0.03553510084748268	-0.17055824398994446	0.1146417111158371	-0.09487815201282501	0.05044056102633476	-0.15480872988700867	0.004570788238197565	-0.0475146509706974	0.06268508732318878	-0.15768326818943024	-0.03973495215177536	0.0749296098947525	-0.0636475533246994	-0.014939149841666222	-0.18232659995555878	0.11002202332019806	0.033311471343040466	0.04544375464320183	0.052192844450473785	0.09962007403373718	0.13307887315750122	0.021998144686222076	0.03828279674053192	-0.23679882287979126	-0.08169032633304596	0.14197185635566711	0.09899993985891342	-0.109363853931427	0.06706282496452332	0.08847935497760773	0.09922363609075546	-0.12017592042684555	0.061857812106609344	-0.17577232420444489
-0.005540368612855673	-0.054458703845739365	0.19335728883743286	-0.12146791815757751	0.08708678185939789	-0.21519604325294495	0.043468210846185684	0.36058688163757324	-0.26860904693603516	0.21727363765239716	-0.055457185953855515	-0.0405566543340683	-0.13622482120990753	-0.10254823416471481	-0.14214447140693665	0.042477741837501526	0.017620446160435677	-0.055427100509405136	0.2035757154226303	-0.18367807567119598	-0.0552368201315403	-0.08701888471841812	0.07527358829975128	-0.10785757005214691	0.03132752701640129	0.1805586963891983	-0.08199991285800934	0.22151057422161102	0.12624140083789825	0.14220429956912994	-0.038041383028030396	0.1632213443517685	-0.12135707587003708	-0.021099889650940895	-0.04568194970488548	0.15763282775878906	-0.16149963438510895	0.04013597220182419	-0.16431353986263275	0.16627410054206848	-0.07711447775363922	-0.13113819062709808	0.15115609765052795	-0.06464514881372452	0.11536218971014023	-0.03478730097413063	-0.06160518154501915	0.039699800312519073	-0.09437654167413712	-0.26571717858314514	-0.19669049978256226	-0.1498437076807022	-0.09176716208457947	0.2605834901332855	0.14555470645427704	-0.2030772566795349	-0.19322988390922546	0.1218579038977623	-0.08389946073293686	-0.08823947608470917	-0.06352748721837997	0.11558254808187485	0.0036305042449384928	0.1525002270936966
-0.005540368612855673	-0.054458703845739365	0.19335728883743286	-0.12146791815757751	0.08708678185939789	-0.21519604325294495	0.043468210846185684	0.36058688163757324	-0.26860904693603516	0.21727363765239716	-0.055457185953855515	-0.0405566543340683	-0.13622482120990753	-0.10254823416471481	-0.14214447140693665	0.042477741837501526	0.017620446160435677	-0.055427100509405136	0.2035757154226303	-0.18367807567119598	-0.0552368201315403	-0.08701888471841812	0.07527358829975128	-0.10785757005214691	0.03132752701640129	0.1805586963891983	-0.08199991285800934	0.22151057422161102	0.12624140083789825	0.14220429956912994	-0.038041383028030396	0.1632213443517685	-0.12135707587003708	-0.021099889650940895	-0.04568194970488548	0.15763282775878906	-0.16149963438510895	0.04013597220182419	-0.16431353986263275	0.16627410054206848	-0.07711447775363922	-0.13113819062709808	0.15115609765052795	-0.06464514881372452	0.11536218971014023	-0.03478730097413063	-0.06160518154501915	0.039699800312519073	-0.09437654167413712	-0.26571717858314514	-0.19669049978256226	-0.1498437076807022	-0.09176716208457947	0.2605834901332855	0.14555470645427704	-0.2030772566795349	-0.19322988390922546	0.1218579038977623	-0.08389946073293686	-0.08823947608470917	-0.06352748721837997	0.11558254808187485	0.0036305042449384928	0.1525002270936966
-0.005540368612855673	-0.054458703845739365	0.19335728883743286	-0.12146791815757751	0.08708678185939789	-0.21519604325294495	0.043468210846185684	0.36058688163757324	-0.26860904693603516	0.21727363765239716	-0.055457185953855515	-0.0405566543340683	-0.13622482120990753	-0.10254823416471481	-0.14214447140693665	0.042477741837501526	0.017620446160435677	-0.055427100509405136	0.2035757154226303	-0.18367807567119598	-0.0552368201315403	-0.08701888471841812	0.07527358829975128	-0.10785757005214691	0.03132752701640129	0.1805586963891983	-0.08199991285800934	0.22151057422161102	0.12624140083789825	0.14220429956912994	-0.038041383028030396	0.1632213443517685	-0.12135707587003708	-0.021099889650940895	-0.04568194970488548	0.15763282775878906	-0.16149963438510895	0.04013597220182419	-0.16431353986263275	0.16627410054206848	-0.07711447775363922	-0.13113819062709808	0.15115609765052795	-0.06464514881372452	0.11536218971014023	-0.03478730097413063	-0.06160518154501915	0.039699800312519073	-0.09437654167413712	-0.26571717858314514	-0.19669049978256226	-0.1498437076807022	-0.09176716208457947	0.2605834901332855	0.14555470645427704	-0.2030772566795349	-0.19322988390922546	0.1218579038977623	-0.08389946073293686	-0.08823947608470917	-0.06352748721837997	0.11558254808187485	0.0036305042449384928	0.1525002270936966
-0.08726175874471664	0.007258223369717598	-0.11909319460391998	0.13861703872680664	0.11462821066379547	0.0933363065123558	-0.0031730325426906347	-0.24926869571208954	0.21963173151016235	-0.14526309072971344	0.0842147246003151	0.15545527637004852	0.15138570964336395	-0.02171877585351467	0.16369269788265228	-0.001529867760837078	-0.05965366214513779	0.046305444091558456	-0.09091267734766006	0.15399831533432007	0.09767749905586243	0.07787619531154633	-0.10700475424528122	0.10252844542264938	-0.0003840902936644852	-0.00756129901856184	-0.014457997865974903	-0.14221273362636566	-0.07552254945039749	-0.0516425222158432	-0.03553510084748268	-0.17055824398994446	0.1146417111158371	-0.09487815201282501	0.05044056102633476	-0.15480872988700867	0.004570788238197565	-0.0475146509706974	0.06268508732318878	-0.15768326818943024	-0.03973495215177536	0.0749296098947525	-0.0636475533246994	-0.014939149841666222	-0.18232659995555878	0.11002202332019806	0.033311471343040466	0.04544375464320183	0.052192844450473785	0.09962007403373718	0.13307887315750122	0.021998144686222076	0.03828279674053192	-0.23679882287979126	-0.08169032633304596	0.14197185635566711	0.09899993985891342	-0.109363853931427	0.06706282496452332	0.08847935497760773	0.09922363609075546	-0.12017592042684555	0.061857812106609344	-0.17577232420444489
-0.005540368612855673	-0.054458703845739365	0.19335728883743286	-0.12146791815757751	0.08708678185939789	-0.21519604325294495	0.043468210846185684	0.36058688163757324	-0.26860904693603516	0.21727363765239716	-0.055457185953855515	-0.0405566543340683	-0.13622482120990753	-0.10254823416471481	-0.14214447140693665	0.042477741837501526	0.017620446160435677	-0.055427100509405136	0.2035757154226303	-0.18367807567119598	-0.0552368201315403	-0.08701888471841812	0.07527358829975128	-0.10785757005214691	0.03132752701640129	0.1805586963891983	-0.08199991285800934	0.22151057422161102	0.12624140083789825	0.14220429956912994	-0.038041383028030396	0.1632213443517685	-0.12135707587003708	-0.021099889650940895	-0.04568194970488548	0.15763282775878906	-0.16149963438510895	0.04013597220182419	-0.16431353986263275	0.16627410054206848	-0.07711447775363922	-0.13113819062709808	0.15115609765052795	-0.06464514881372452	0.11536218971014023	-0.03478730097413063	-0.06160518154501915	0.039699800312519073	-0.09437654167413712	-0.26571717858314514	-0.19669049978256226	-0.1498437076807022	-0.09176716208457947	0.2605834901332855	0.14555470645427704	-0.2030772566795349	-0.19322988390922546	0.1218579038977623	-0.08389946073293686	-0.08823947608470917	-0.06352748721837997	0.11558254808187485	0.0036305042449384928	0.1525002270936966
-0.005540368612855673	-0.054458703845739365	0.19335728883743286	-0.12146791815757751	0.08708678185939789	-0.21519604325294495	0.043468210846185684	0.36058688163757324	-0.26860904693603516	0.21727363765239716	-0.055457185953855515	-0.0405566543340683	-0.13622482120990753	-0.10254823416471481	-0.14214447140693665	0.042477741837501526	0.017620446160435677	-0.055427100509405136	0.2035757154226303	-0.18367807567119598	-0.0552368201315403	-0.08701888471841812	0.07527358829975128	-0.10785757005214691	0.03132752701640129	0.1805586963891983	-0.08199991285800934	0.22151057422161102	0.12624140083789825	0.14220429956912994	-0.038041383028030396	0.1632213443517685	-0.12135707587003708	-0.021099889650940895	-0.04568194970488548	0.15763282775878906	-0.16149963438510895	0.04013597220182419	-0.16431353986263275	0.16627410054206848	-0.07711447775363922	-0.13113819062709808	0.15115609765052795	-0.06464514881372452	0.11536218971014023	-0.03478730097413063	-0.06160518154501915	0.039699800312519073	-0.09437654167413712	-0.26571717858314514	-0.19669049978256226	-0.1498437076807022	-0.09176716208457947	0.2605834901332855	0.14555470645427704	-0.2030772566795349	-0.19322988390922546	0.1218579038977623	-0.08389946073293686	-0.08823947608470917	-0.06352748721837997	0.11558254808187485	0.0036305042449384928	0.1525002270936966
-0.07433612644672394	0.04944539815187454	-0.12472765892744064	0.08360902220010757	-0.05512083321809769	0.09909230470657349	0.06381590664386749	-0.031858835369348526	0.041558727622032166	-0.0608585886657238	-0.000545004615560174	0.09172520786523819	0.054548345506191254	-0.08035594969987869	0.011707024648785591	-0.003024728037416935	0.07149409502744675	-0.020776905119419098	-0.012386403977870941	-0.04822733253240585	-0.05423537269234657	0.01671617664396763	-0.0734582394361496	0.0879814550280571	-0.0607786700129509	0.06495903432369232	-0.05310641974210739	-0.06970535963773727	-0.10276991128921509	-0.023150237277150154	-0.02130979113280773	-0.048095814883708954	-0.005666122771799564	0.04321169853210449	0.046491589397192	-0.07808869332075119	0.10227972269058228	-0.05852265655994415	0.053302548825740814	0.07206448912620544	-0.0758686289191246	-0.0724669024348259	0.05191656947135925	-0.06705943495035172	0.025406809523701668	0.023338785395026207	0.016545327380299568	-0.027595100924372673	-0.07019542157649994	0.07632608711719513	-0.0541495643556118	-0.06362883746623993	-0.05727265402674675	0.006307053379714489	0.06686732918024063	-0.007214631885290146	0.1062275767326355	0.01579524576663971	0.07050888240337372	0.023257290944457054	-0.05829266831278801	0.0006626701797358692	-0.042199913412332535	-0.12078343331813812
-0.005540368612855673	-0.054458703845739365	0.19335728883743286	-0.12146791815757751	0.08708678185939789	-0.21519604325294495	0.043468210846185684	0.36058688163757324	-0.26860904693603516	0.21727363765239716	-0.055457185953855515	-0.0405566543340683	-0.13622482120990753	-0.10254823416471481	-0.14214447140693665	0.042477741837501526	0.017620446160435677	-0.055427100509405136	0.2035757154226303	-0.18367807567119598	-0.0552368201315403	-0.08701888471841812	0.07527358829975128	-0.10785757005214691	0.03132752701640129	0.1805586963891983	-0.08199991285800934	0.22151057422161102	0.12624140083789825	0.14220429956912994	-0.038041383028030396	0.1632213443517685	-0.12135707587003708	-0.021099889650940895	-0.04568194970488548	0.15763282775878906	-0.16149963438510895	0.04013597220182419	-0.16431353986263275	0.16627410054206848	-0.07711447775363922	-0.13113819062709808	0.15115609765052795	-0.06464514881372452	0.11536218971014023	-0.03478730097413063	-0.06160518154501915	0.039699800312519073	-0.09437654167413712	-0.26571717858314514	-0.19669049978256226	-0.1498437076807022	-0.09176716208457947	0.2605834901332855	0.14555470645427704	-0.2030772566795349	-0.19322988390922546	0.1218579038977623	-0.08389946073293686	-0.08823947608470917	-0.06352748721837997	0.11558254808187485	0.0036305042449384928	0.1525002270936966
-0.005540368612855673	-0.054458703845739365	0.19335728883743286	-0.12146791815757751	0.08708678185939789	-0.21519604325294495	0.043468210846185684	0.36058688163757324	-0.26860904693603516	0.21727363765239716	-0.055457185953855515	-0.0405566543340683	-0.13622482120990753	-0.10254823416471481	-0.14214447140693665	0.042477741837501526	0.017620446160435677	-0.055427100509405136	0.2035757154226303	-0.18367807567119598	-0.0552368201315403	-0.08701888471841812	0.07527358829975128	-0.10785757005214691	0.03132752701640129	0.1805586963891983	-0.08199991285800934	0.22151057422161102	0.12624140083789825	0.14220429956912994	-0.038041383028030396	0.1632213443517685	-0.12135707587003708	-0.021099889650940895	-0.04568194970488548	0.15763282775878906	-0.16149963438510895	0.04013597220182419	-0.16431353986263275	0.16627410054206848	-0.07711447775363922	-0.13113819062709808	0.15115609765052795	-0.06464514881372452	0.11536218971014023	-0.03478730097413063	-0.06160518154501915	0.039699800312519073	-0.09437654167413712	-0.26571717858314514	-0.19669049978256226	-0.1498437076807022	-0.09176716208457947	0.2605834901332855	0.14555470645427704	-0.2030772566795349	-0.19322988390922546	0.1218579038977623	-0.08389946073293686	-0.08823947608470917	-0.06352748721837997	0.11558254808187485	0.0036305042449384928	0.1525002270936966
-0.005540368612855673	-0.054458703845739365	0.19335728883743286	-0.12146791815757751	0.08708678185939789	-0.21519604325294495	0.043468210846185684	0.36058688163757324	-0.26860904693603516	0.21727363765239716	-0.055457185953855515	-0.0405566543340683	-0.13622482120990753	-0.10254823416471481	-0.14214447140693665	0.042477741837501526	0.017620446160435677	-0.055427100509405136	0.2035757154226303	-0.18367807567119598	-0.0552368201315403	-0.08701888471841812	0.07527358829975128	-0.10785757005214691	0.03132752701640129	0.1805586963891983	-0.08199991285800934	0.22151057422161102	0.12624140083789825	0.14220429956912994	-0.038041383028030396	0.1632213443517685	-0.12135707587003708	-0.021099889650940895	-0.04568194970488548	0.15763282775878906	-0.16149963438510895	0.04013597220182419	-0.16431353986263275	0.16627410054206848	-0.07711447775363922	-0.13113819062709808	0.15115609765052795	-0.06464514881372452	0.11536218971014023	-0.03478730097413063	-0.06160518154501915	0.039699800312519073	-0.09437654167413712	-0.26571717858314514	-0.19669049978256226	-0.1498437076807022	-0.09176716208457947	0.2605834901332855	0.14555470645427704	-0.2030772566795349	-0.19322988390922546	0.1218579038977623	-0.08389946073293686	-0.08823947608470917	-0.06352748721837997	0.11558254808187485	0.0036305042449384928	0.1525002270936966
-0.08726175874471664	0.007258223369717598	-0.11909319460391998	0.13861703872680664	0.11462821066379547	0.0933363065123558	-0.0031730325426906347	-0.24926869571208954	0.21963173151016235	-0.14526309072971344	0.0842147246003151	0.15545527637004852	0.15138570964336395	-0.02171877585351467	0.16369269788265228	-0.001529867760837078	-0.05965366214513779	0.046305444091558456	-0.09091267734766006	0.15399831533432007	0.09767749905586243	0.07787619531154633	-0.10700475424528122	0.10252844542264938	-0.0003840902936644852	-0.00756129901856184	-0.014457997865974903	-0.14221273362636566	-0.07552254945039749	-0.0516425222158432	-0.03553510084748268	-0.17055824398994446	0.1146417111158371	-0.09487815201282501	0.05044056102633476	-0.15480872988700867	0.004570788238197565	-0.0475146509706974	0.06268508732318878	-0.15768326818943024	-0.03973495215177536	0.0749296098947525	-0.0636475533246994	-0.014939149841666222	-0.18232659995555878	0.11002202332019806	0.033311471343040466	0.04544375464320183	0.052192844450473785	0.09962007403373718	0.13307887315750122	0.021998144686222076	0.03828279674053192	-0.23679882287979126	-0.08169032633304596	0.14197185635566711	0.09899993985891342	-0.109363853931427	0.06706282496452332	0.08847935497760773	0.09922363609075546	-0.12017592042684555	0.061857812106609344	-0.17577232420444489
-0.07433612644672394	0.04944539815187454	-0.12472765892744064	0.08360902220010757	-0.05512083321809769	0.09909230470657349	0.06381590664386749	-0.031858835369348526	0.041558727622032166	-0.0608585886657238	-0.000545004615560174	0.09172520786523819	0.054548345506191254	-0.08035594969987869	0.011707024648785591	-0.003024728037416935	0.07149409502744675	-0.020776905119419098	-0.012386403977870941	-0.04822733253240585	-0.05423537269234657	0.01671617664396763	-0.0734582394361496	0.0879814550280571	-0.0607786700129509	0.06495903432369232	-0.05310641974210739	-0.06970535963773727	-0.10276991128921509	-0.023150237277150154	-0.02130979113280773	-0.048095814883708954	-0.005666122771799564	0.04321169853210449	0.046491589397192	-0.07808869332075119	0.10227972269058228	-0.05852265655994415	0.053302548825740814	0.07206448912620544	-0.0758686289191246	-0.0724669024348259	0.05191656947135925	-0.06705943495035172	0.025406809523701668	0.023338785395026207	0.016545327380299568	-0.027595100924372673	-0.07019542157649994	0.07632608711719513	-0.0541495643556118	-0.06362883746623993	-0.05727265402674675	0.006307053379714489	0.06686732918024063	-0.007214631885290146	0.1062275767326355	0.01579524576663971	0.07050888240337372	0.023257290944457054	-0.05829266831278801	0.0006626701797358692	-0.042199913412332535	-0.12078343331813812
-0.005540368612855673	-0.054458703845739365	0.19335728883743286	-0.12146791815757751	0.08708678185939789	-0.21519604325294495	0.043468210846185684	0.36058688163757324	-0.26860904693603516	0.21727363765239716	-0.055457185953855515	-0.0405566543340683	-0.13622482120990753	-0.10254823416471481	-0.14214447140693665	0.042477741837501526	0.017620446160435677	-0.055427100509405136	0.2035757154226303	-0.18367807567119598	-0.0552368201315403	-0.08701888471841812	0.07527358829975128	-0.10785757005214691	0.03132752701640129	0.1805586963891983	-0.08199991285800934	0.22151057422161102	0.12624140083789825	0.14220429956912994	-0.038041383028030396	0.1632213443517685	-0.12135707587003708	-0.021099889650940895	-0.04568194970488548	0.15763282775878906	-0.16149963438510895	0.04013597220182419	-0.16431353986263275	0.16627410054206848	-0.07711447775363922	-0.13113819062709808	0.15115609765052795	-0.06464514881372452	0.11536218971014023	-0.03478730097413063	-0.06160518154501915	0.039699800312519073	-0.09437654167413712	-0.26571717858314514	-0.19669049978256226	-0.1498437076807022	-0.09176716208457947	0.2605834901332855	0.14555470645427704	-0.2030772566795349	-0.19322988390922546	0.1218579038977623	-0.08389946073293686	-0.08823947608470917	-0.06352748721837997	0.11558254808187485	0.0036305042449384928	0.1525002270936966
-0.08726175874471664	0.007258223369717598	-0.11909319460391998	0.13861703872680664	0.11462821066379547	0.0933363065123558	-0.0031730325426906347	-0.24926869571208954	0.21963173151016235	-0.14526309072971344	0.0842147246003151	0.15545527637004852	0.15138570964336395	-0.02171877585351467	0.16369269788265228	-0.001529867760837078	-0.05965366214513779	0.046305444091558456	-0.09091267734766006	0.15399831533432007	0.09767749905586243	0.07787619531154633	-0.10700475424528122	0.10252844542264938	-0.0003840902936644852	-0.00756129901856184	-0.014457997865974903	-0.14221273362636566	-0.07552254945039749	-0.0516425222158432	-0.03553510084748268	-0.17055824398994446	0.1146417111158371	-0.09487815201282501	0.05044056102633476	-0.15480872988700867	0.004570788238197565	-0.0475146509706974	0.06268508732318878	-0.15768326818943024	-0.03973495215177536	0.0749296098947525	-0.0636475533246994	-0.014939149841666222	-0.18232659995555878	0.11002202332019806	0.033311471343040466	0.04544375464320183	0.052192844450473785	0.09962007403373718	0.13307887315750122	0.021998144686222076	0.03828279674053192	-0.23679882287979126	-0.08169032633304596	0.14197185635566711	0.09899993985891342	-0.109363853931427	0.06706282496452332	0.08847935497760773	0.09922363609075546	-0.12017592042684555	0.061857812106609344	-0.17577232420444489
-0.08726175874471664	0.007258223369717598	-0.11909319460391998	0.13861703872680664	0.11462821066379547	0.0933363065123558	-0.0031730325426906347	-0.24926869571208954	0.21963173151016235	-0.14526309072971344	0.0842147246003151	0.15545527637004852	0.15138570964336395	-0.02171877585351467	0.16369269788265228	-0.001529867760837078	-0.05965366214513779	0.046305444091558456	-0.09091267734766006	0.15399831533432007	0.09767749905586243	0.07787619531154633	-0.10700475424528122	0.10252844542264938	-0.0003840902936644852	-0.00756129901856184	-0.014457997865974903	-0.14221273362636566	-0.07552254945039749	-0.0516425222158432	-0.03553510084748268	-0.17055824398994446	0.1146417111158371	-0.09487815201282501	0.05044056102633476	-0.15480872988700867	0.004570788238197565	-0.0475146509706974	0.06268508732318878	-0.15768326818943024	-0.03973495215177536	0.0749296098947525	-0.0636475533246994	-0.014939149841666222	-0.18232659995555878	0.11002202332019806	0.033311471343040466	0.04544375464320183	0.052192844450473785	0.09962007403373718	0.13307887315750122	0.021998144686222076	0.03828279674053192	-0.23679882287979126	-0.08169032633304596	0.14197185635566711	0.09899993985891342	-0.109363853931427	0.06706282496452332	0.08847935497760773	0.09922363609075546	-0.12017592042684555	0.061857812106609344	-0.17577232420444489
-0.005540368612855673	-0.054458703845739365	0.19335728883743286	-0.12146791815757751	0.08708678185939789	-0.21519604325294495	0.043468210846185684	0.36058688163757324	-0.26860904693603516	0.21727363765239716	-0.055457185953855515	-0.0405566543340683	-0.13622482120990753	-0.10254823416471481	-0.14214447140693665	0.042477741837501526	0.017620446160435677	-0.055427100509405136	0.2035757154226303	-0.18367807567119598	-0.0552368201315403	-0.08701888471841812	0.07527358829975128	-0.10785757005214691	0.03132752701640129	0.1805586963891983	-0.08199991285800934	0.22151057422161102	0.12624140083789825	0.14220429956912994	-0.038041383028030396	0.1632213443517685	-0.12135707587003708	-0.021099889650940895	-0.04568194970488548	0.15763282775878906	-0.16149963438510895	0.04013597220182419	-0.16431353986263275	0.16627410054206848	-0.07711447775363922	-0.13113819062709808	0.15115609765052795	-0.06464514881372452	0.11536218971014023	-0.03478730097413063	-0.06160518154501915	0.039699800312519073	-0.09437654167413712	-0.26571717858314514	-0.19669049978256226	-0.1498437076807022	-0.09176716208457947	0.2605834901332855	0.14555470645427704	-0.2030772566795349	-0.19322988390922546	0.1218579038977623	-0.08389946073293686	-0.08823947608470917	-0.06352748721837997	0.11558254808187485	0.0036305042449384928	0.1525002270936966
-0.005540368612855673	-0.054458703845739365	0.19335728883743286	-0.12146791815757751	0.08708678185939789	-0.21519604325294495	0.043468210846185684	0.36058688163757324	-0.26860904693603516	0.21727363765239716	-0.055457185953855515	-0.0405566543340683	-0.13622482120990753	-0.10254823416471481	-0.14214447140693665	0.042477741837501526	0.017620446160435677	-0.055427100509405136	0.2035757154226303	-0.18367807567119598	-0.0552368201315403	-0.08701888471841812	0.07527358829975128	-0.10785757005214691	0.03132752701640129	0.1805586963891983	-0.08199991285800934	0.22151057422161102	0.12624140083789825	0.14220429956912994	-0.038041383028030396	0.1632213443517685	-0.12135707587003708	-0.021099889650940895	-0.04568194970488548	0.15763282775878906	-0.16149963438510895	0.04013597220182419	-0.16431353986263275	0.16627410054206848	-0.07711447775363922	-0.13113819062709808	0.15115609765052795	-0.06464514881372452	0.11536218971014023	-0.03478730097413063	-0.06160518154501915	0.039699800312519073	-0.09437654167413712	-0.26571717858314514	-0.19669049978256226	-0.1498437076807022	-0.09176716208457947	0.2605834901332855	0.14555470645427704	-0.2030772566795349	-0.19322988390922546	0.1218579038977623	-0.08389946073293686	-0.08823947608470917	-0.06352748721837997	0.11558254808187485	0.0036305042449384928	0.1525002270936966
-0.08726175874471664	0.007258223369717598	-0.11909319460391998	0.13861703872680664	0.11462821066379547	0.0933363065123558	-0.0031730325426906347	-0.24926869571208954	0.21963173151016235	-0.14526309072971344	0.0842147246003151	0.15545527637004852	0.15138570964336395	-0.02171877585351467	0.16369269788265228	-0.001529867760837078	-0.05965366214513779	0.046305444091558456	-0.09091267734766006	0.15399831533432007	0.09767749905586243	0.07787619531154633	-0.10700475424528122	0.10252844542264938	-0.0003840902936644852	-0.00756129901856184	-0.014457997865974903	-0.14221273362636566	-0.07552254945039749	-0.0516425222158432	-0.03553510084748268	-0.17055824398994446	0.1146417111158371	-0.09487815201282501	0.05044056102633476	-0.15480872988700867	0.004570788238197565	-0.0475146509706974	0.06268508732318878	-0.15768326818943024	-0.03973495215177536	0.0749296098947525	-0.0636475533246994	-0.014939149841666222	-0.18232659995555878	0.11002202332019806	0.033311471343040466	0.04544375464320183	0.052192844450473785	0.09962007403373718	0.13307887315750122	0.021998144686222076	0.03828279674053192	-0.23679882287979126	-0.08169032633304596	0.14197185635566711	0.09899993985891342	-0.109363853931427	0.06706282496452332	0.08847935497760773	0.09922363609075546	-0.12017592042684555	0.061857812106609344	-0.17577232420444489
-0.005540368612855673	-0.054458703845739365	0.19335728883743286	-0.12146791815757751	0.08708678185939789	-0.21519604325294495	0.043468210846185684	0.36058688163757324	-0.26860904693603516	0.21727363765239716	-0.055457185953855515	-0.0405566543340683	-0.13622482120990753	-0.10254823416471481	-0.14214447140693665	0.042477741837501526	0.017620446160435677	-0.055427100509405136	0.2035757154226303	-0.18367807567119598	-0.0552368201315403	-0.08701888471841812	0.07527358829975128	-0.10785757005214691	0.03132752701640129	0.1805586963891983	-0.08199991285800934	0.22151057422161102	0.12624140083789825	0.14220429956912994	-0.038041383028030396	0.1632213443517685	-0.12135707587003708	-0.021099889650940895	-0.04568194970488548	0.15763282775878906	-0.16149963438510895	0.04013597220182419	-0.16431353986263275	0.16627410054206848	-0.07711447775363922	-0.13113819062709808	0.15115609765052795	-0.06464514881372452	0.11536218971014023	-0.03478730097413063	-0.06160518154501915	0.039699800312519073	-0.09437654167413712	-0.26571717858314514	-0.19669049978256226	-0.1498437076807022	-0.09176716208457947	0.2605834901332855	0.14555470645427704	-0.2030772566795349	-0.19322988390922546	0.1218579038977623	-0.08389946073293686	-0.08823947608470917	-0.06352748721837997	0.11558254808187485	0.0036305042449384928	0.1525002270936966
-0.08726175874471664	0.007258223369717598	-0.11909319460391998	0.13861703872680664	0.11462821066379547	0.0933363065123558	-0.0031730325426906347	-0.24926869571208954	0.21963173151016235	-0.14526309072971344	0.0842147246003151	0.15545527637004852	0.15138570964336395	-0.02171877585351467	0.16369269788265228	-0.001529867760837078	-0.05965366214513779	0.046305444091558456	-0.09091267734766006	0.15399831533432007	0.09767749905586243	0.07787619531154633	-0.10700475424528122	0.10252844542264938	-0.0003840902936644852	-0.00756129901856184	-0.014457997865974903	-0.14221273362636566	-0.07552254945039749	-0.0516425222158432	-0.03553510084748268	-0.17055824398994446	0.1146417111158371	-0.09487815201282501	0.05044056102633476	-0.15480872988700867	0.004570788238197565	-0.0475146509706974	0.06268508732318878	-0.15768326818943024	-0.03973495215177536	0.0749296098947525	-0.0636475533246994	-0.014939149841666222	-0.18232659995555878	0.11002202332019806	0.033311471343040466	0.04544375464320183	0.052192844450473785	0.09962007403373718	0.13307887315750122	0.021998144686222076	0.03828279674053192	-0.23679882287979126	-0.08169032633304596	0.14197185635566711	0.09899993985891342	-0.109363853931427	0.06706282496452332	0.08847935497760773	0.09922363609075546	-0.12017592042684555	0.061857812106609344	-0.17577232420444489
-0.08726175874471664	0.007258223369717598	-0.11909319460391998	0.13861703872680664	0.11462821066379547	0.0933363065123558	-0.0031730325426906347	-0.24926869571208954	0.21963173151016235	-0.14526309072971344	0.0842147246003151	0.15545527637004852	0.15138570964336395	-0.02171877585351467	0.16369269788265228	-0.001529867760837078	-0.05965366214513779	0.046305444091558456	-0.09091267734766006	0.15399831533432007	0.09767749905586243	0.07787619531154633	-0.10700475424528122	0.10252844542264938	-0.0003840902936644852	-0.00756129901856184	-0.014457997865974903	-0.14221273362636566	-0.07552254945039749	-0.0516425222158432	-0.03553510084748268	-0.17055824398994446	0.1146417111158371	-0.09487815201282501	0.05044056102633476	-0.15480872988700867	0.004570788238197565	-0.0475146509706974	0.06268508732318878	-0.15768326818943024	-0.03973495215177536	0.0749296098947525	-0.0636475533246994	-0.014939149841666222	-0.18232659995555878	0.11002202332019806	0.033311471343040466	0.04544375464320183	0.052192844450473785	0.09962007403373718	0.13307887315750122	0.021998144686222076	0.03828279674053192	-0.23679882287979126	-0.08169032633304596	0.14197185635566711	0.09899993985891342	-0.109363853931427	0.06706282496452332	0.08847935497760773	0.09922363609075546	-0.12017592042684555	0.061857812106609344	-0.17577232420444489
-0.005540368612855673	-0.054458703845739365	0.19335728883743286	-0.12146791815757751	0.08708678185939789	-0.21519604325294495	0.043468210846185684	0.36058688163757324	-0.26860904693603516	0.21727363765239716	-0.055457185953855515	-0.0405566543340683	-0.13622482120990753	-0.10254823416471481	-0.14214447140693665	0.042477741837501526	0.017620446160435677	-0.055427100509405136	0.2035757154226303	-0.18367807567119598	-0.0552368201315403	-0.08701888471841812	0.07527358829975128	-0.10785757005214691	0.03132752701640129	0.1805586963891983	-0.08199991285800934	0.22151057422161102	0.12624140083789825	0.14220429956912994	-0.038041383028030396	0.1632213443517685	-0.12135707587003708	-0.021099889650940895	-0.04568194970488548	0.15763282775878906	-0.16149963438510895	0.04013597220182419	-0.16431353986263275	0.16627410054206848	-0.07711447775363922	-0.13113819062709808	0.15115609765052795	-0.06464514881372452	0.11536218971014023	-0.03478730097413063	-0.06160518154501915	0.039699800312519073	-0.09437654167413712	-0.26571717858314514	-0.19669049978256226	-0.1498437076807022	-0.09176716208457947	0.2605834901332855	0.14555470645427704	-0.2030772566795349	-0.19322988390922546	0.1218579038977623	-0.08389946073293686	-0.08823947608470917	-0.06352748721837997	0.11558254808187485	0.0036305042449384928	0.1525002270936966
-0.005540368612855673	-0.054458703845739365	0.19335728883743286	-0.12146791815757751	0.08708678185939789	-0.21519604325294495	0.043468210846185684	0.36058688163757324	-0.26860904693603516	0.21727363765239716	-0.055457185953855515	-0.0405566543340683	-0.13622482120990753	-0.10254823416471481	-0.14214447140693665	0.042477741837501526	0.017620446160435677	-0.055427100509405136	0.2035757154226303	-0.18367807567119598	-0.0552368201315403	-0.08701888471841812	0.07527358829975128	-0.10785757005214691	0.03132752701640129	0.1805586963891983	-0.08199991285800934	0.22151057422161102	0.12624140083789825	0.14220429956912994	-0.038041383028030396	0.1632213443517685	-0.12135707587003708	-0.021099889650940895	-0.04568194970488548	0.15763282775878906	-0.16149963438510895	0.04013597220182419	-0.16431353986263275	0.16627410054206848	-0.07711447775363922	-0.13113819062709808	0.15115609765052795	-0.06464514881372452	0.11536218971014023	-0.03478730097413063	-0.06160518154501915	0.039699800312519073	-0.09437654167413712	-0.26571717858314514	-0.19669049978256226	-0.1498437076807022	-0.09176716208457947	0.2605834901332855	0.14555470645427704	-0.2030772566795349	-0.19322988390922546	0.1218579038977623	-0.08389946073293686	-0.08823947608470917	-0.06352748721837997	0.11558254808187485	0.0036305042449384928	0.1525002270936966
-0.08726175874471664	0.007258223369717598	-0.11909319460391998	0.13861703872680664	0.11462821066379547	0.0933363065123558	-0.0031730325426906347	-0.24926869571208954	0.21963173151016235	-0.14526309072971344	0.0842147246003151	0.15545527637004852	0.15138570964336395	-0.02171877585351467	0.16369269788265228	-0.001529867760837078	-0.05965366214513779	0.046305444091558456	-0.09091267734766006	0.15399831533432007	0.09767749905586243	0.07787619531154633	-0.10700475424528122	0.10252844542264938	-0.0003840902936644852	-0.00756129901856184	-0.014457997865974903	-0.14221273362636566	-0.07552254945039749	-0.0516425222158432	-0.03553510084748268	-0.17055824398994446	0.1146417111158371	-0.09487815201282501	0.05044056102633476	-0.15480872988700867	0.004570788238197565	-0.0475146509706974	0.06268508732318878	-0.15768326818943024	-0.03973495215177536	0.0749296098947525	-0.0636475533246994	-0.014939149841666222	-0.18232659995555878	0.11002202332019806	0.033311471343040466	0.04544375464320183	0.052192844450473785	0.09962007403373718	0.13307887315750122	0.021998144686222076	0.03828279674053192	-0.23679882287979126	-0.08169032633304596	0.14197185635566711	0.09899993985891342	-0.109363853931427	0.06706282496452332	0.08847935497760773	0.09922363609075546	-0.12017592042684555	0.061857812106609344	-0.17577232420444489
-0.005540368612855673	-0.054458703845739365	0.19335728883743286	-0.12146791815757751	0.08708678185939789	-0.21519604325294495	0.043468210846185684	0.36058688163757324	-0.26860904693603516	0.21727363765239716	-0.055457185953855515	-0.0405566543340683	-0.13622482120990753	-0.10254823416471481	-0.14214447140693665	0.042477741837501526	0.017620446160435677	-0.055427100509405136	0.2035757154226303	-0.18367807567119598	-0.0552368201315403	-0.08701888471841812	0.07527358829975128	-0.10785757005214691	0.03132752701640129	0.1805586963891983	-0.08199991285800934	0.22151057422161102	0.12624140083789825	0.14220429956912994	-0.038041383028030396	0.1632213443517685	-0.12135707587003708	-0.021099889650940895	-0.04568194970488548	0.15763282775878906	-0.16149963438510895	0.04013597220182419	-0.16431353986263275	0.16627410054206848	-0.07711447775363922	-0.13113819062709808	0.15115609765052795	-0.06464514881372452	0.11536218971014023	-0.03478730097413063	-0.06160518154501915	0.039699800312519073	-0.09437654167413712	-0.26571717858314514	-0.19669049978256226	-0.1498437076807022	-0.09176716208457947	0.2605834901332855	0.14555470645427704	-0.2030772566795349	-0.19322988390922546	0.1218579038977623	-0.08389946073293686	-0.08823947608470917	-0.06352748721837997	0.11558254808187485	0.0036305042449384928	0.1525002270936966
-0.005540368612855673	-0.054458703845739365	0.19335728883743286	-0.12146791815757751	0.08708678185939789	-0.21519604325294495	0.043468210846185684	0.36058688163757324	-0.26860904693603516	0.21727363765239716	-0.055457185953855515	-0.0405566543340683	-0.13622482120990753	-0.10254823416471481	-0.14214447140693665	0.042477741837501526	0.017620446160435677	-0.055427100509405136	0.2035757154226303	-0.18367807567119598	-0.0552368201315403	-0.08701888471841812	0.07527358829975128	-0.10785757005214691	0.03132752701640129	0.1805586963891983	-0.08199991285800934	0.22151057422161102	0.12624140083789825	0.14220429956912994	-0.038041383028030396	0.1632213443517685	-0.12135707587003708	-0.021099889650940895	-0.04568194970488548	0.15763282775878906	-0.16149963438510895	0.04013597220182419	-0.16431353986263275	0.16627410054206848	-0.07711447775363922	-0.13113819062709808	0.15115609765052795	-0.06464514881372452	0.11536218971014023	-0.03478730097413063	-0.06160518154501915	0.039699800312519073	-0.09437654167413712	-0.26571717858314514	-0.19669049978256226	-0.1498437076807022	-0.09176716208457947	0.2605834901332855	0.14555470645427704	-0.2030772566795349	-0.19322988390922546	0.1218579038977623	-0.08389946073293686	-0.08823947608470917	-0.06352748721837997	0.11558254808187485	0.0036305042449384928	0.1525002270936966
-0.07433612644672394	0.04944539815187454	-0.12472765892744064	0.08360902220010757	-0.05512083321809769	0.09909230470657349	0.06381590664386749	-0.031858835369348526	0.041558727622032166	-0.0608585886657238	-0.000545004615560174	0.09172520786523819	0.054548345506191254	-0.08035594969987869	0.011707024648785591	-0.003024728037416935	0.07149409502744675	-0.020776905119419098	-0.012386403977870941	-0.04822733253240585	-0.05423537269234657	0.01671617664396763	-0.0734582394361496	0.0879814550280571	-0.0607786700129509	0.06495903432369232	-0.05310641974210739	-0.06970535963773727	-0.10276991128921509	-0.023150237277150154	-0.02130979113280773	-0.048095814883708954	-0.005666122771799564	0.04321169853210449	0.046491589397192	-0.07808869332075119	0.10227972269058228	-0.05852265655994415	0.053302548825740814	0.07206448912620544	-0.0758686289191246	-0.0724669024348259	0.05191656947135925	-0.06705943495035172	0.025406809523701668	0.023338785395026207	0.016545327380299568	-0.027595100924372673	-0.07019542157649994	0.07632608711719513	-0.0541495643556118	-0.06362883746623993	-0.05727265402674675	0.006307053379714489	0.06686732918024063	-0.007214631885290146	0.1062275767326355	0.01579524576663971	0.07050888240337372	0.023257290944457054	-0.05829266831278801	0.0006626701797358692	-0.042199913412332535	-0.12078343331813812
-0.005540368612855673	-0.054458703845739365	0.19335728883743286	-0.12146791815757751	0.08708678185939789	-0.21519604325294495	0.043468210846185684	0.36058688163757324	-0.26860904693603516	0.21727363765239716	-0.055457185953855515	-0.0405566543340683	-0.13622482120990753	-0.10254823416471481	-0.14214447140693665	0.042477741837501526	0.017620446160435677	-0.055427100509405136	0.2035757154226303	-0.18367807567119598	-0.0552368201315403	-0.08701888471841812	0.07527358829975128	-0.10785757005214691	0.03132752701640129	0.1805586963891983	-0.08199991285800934	0.22151057422161102	0.12624140083789825	0.14220429956912994	-0.038041383028030396	0.1632213443517685	-0.12135707587003708	-0.021099889650940895	-0.04568194970488548	0.15763282775878906	-0.16149963438510895	0.04013597220182419	-0.16431353986263275	0.16627410054206848	-0.07711447775363922	-0.13113819062709808	0.15115609765052795	-0.06464514881372452	0.11536218971014023	-0.03478730097413063	-0.06160518154501915	0.039699800312519073	-0.09437654167413712	-0.26571717858314514	-0.19669049978256226	-0.1498437076807022	-0.09176716208457947	0.2605834901332855	0.14555470645427704	-0.2030772566795349	-0.19322988390922546	0.1218579038977623	-0.08389946073293686	-0.08823947608470917	-0.06352748721837997	0.11558254808187485	0.0036305042449384928	0.1525002270936966
-0.005540368612855673	-0.054458703845739365	0.19335728883743286	-0.12146791815757751	0.08708678185939789	-0.21519604325294495	0.043468210846185684	0.36058688163757324	-0.26860904693603516	0.21727363765239716	-0.055457185953855515	-0.0405566543340683	-0.13622482120990753	-0.10254823416471481	-0.14214447140693665	0.042477741837501526	0.017620446160435677	-0.055427100509405136	0.2035757154226303	-0.18367807567119598	-0.0552368201315403	-0.08701888471841812	0.07527358829975128	-0.10785757005214691	0.03132752701640129	0.1805586963891983	-0.08199991285800934	0.22151057422161102	0.12624140083789825	0.14220429956912994	-0.038041383028030396	0.1632213443517685	-0.12135707587003708	-0.021099889650940895	-0.04568194970488548	0.15763282775878906	-0.16149963438510895	0.04013597220182419	-0.16431353986263275	0.16627410054206848	-0.07711447775363922	-0.13113819062709808	0.15115609765052795	-0.06464514881372452	0.11536218971014023	-0.03478730097413063	-0.06160518154501915	0.039699800312519073	-0.09437654167413712	-0.26571717858314514	-0.19669049978256226	-0.1498437076807022	-0.09176716208457947	0.2605834901332855	0.14555470645427704	-0.2030772566795349	-0.19322988390922546	0.1218579038977623	-0.08389946073293686	-0.08823947608470917	-0.06352748721837997	0.11558254808187485	0.0036305042449384928	0.1525002270936966
-0.005540368612855673	-0.054458703845739365	0.19335728883743286	-0.12146791815757751	0.08708678185939789	-0.21519604325294495	0.043468210846185684	0.36058688163757324	-0.26860904693603516	0.21727363765239716	-0.055457185953855515	-0.0405566543340683	-0.13622482120990753	-0.10254823416471481	-0.14214447140693665	0.042477741837501526	0.017620446160435677	-0.055427100509405136	0.2035757154226303	-0.18367807567119598	-0.0552368201315403	-0.08701888471841812	0.07527358829975128	-0.10785757005214691	0.03132752701640129	0.1805586963891983	-0.08199991285800934	0.22151057422161102	0.12624140083789825	0.14220429956912994	-0.038041383028030396	0.1632213443517685	-0.12135707587003708	-0.021099889650940895	-0.04568194970488548	0.15763282775878906	-0.16149963438510895	0.04013597220182419	-0.16431353986263275	0.16627410054206848	-0.07711447775363922	-0.13113819062709808	0.15115609765052795	-0.06464514881372452	0.11536218971014023	-0.03478730097413063	-0.06160518154501915	0.039699800312519073	-0.09437654167413712	-0.26571717858314514	-0.19669049978256226	-0.1498437076807022	-0.09176716208457947	0.2605834901332855	0.14555470645427704	-0.2030772566795349	-0.19322988390922546	0.1218579038977623	-0.08389946073293686	-0.08823947608470917	-0.06352748721837997	0.11558254808187485	0.0036305042449384928	0.1525002270936966
-0.07433612644672394	0.04944539815187454	-0.12472765892744064	0.08360902220010757	-0.05512083321809769	0.09909230470657349	0.06381590664386749	-0.031858835369348526	0.041558727622032166	-0.0608585886657238	-0.000545004615560174	0.09172520786523819	0.054548345506191254	-0.08035594969987869	0.011707024648785591	-0.003024728037416935	0.07149409502744675	-0.020776905119419098	-0.012386403977870941	-0.04822733253240585	-0.05423537269234657	0.01671617664396763	-0.0734582394361496	0.0879814550280571	-0.0607786700129509	0.06495903432369232	-0.05310641974210739	-0.06970535963773727	-0.10276991128921509	-0.023150237277150154	-0.02130979113280773	-0.048095814883708954	-0.005666122771799564	0.04321169853210449	0.046491589397192	-0.07808869332075119	0.10227972269058228	-0.05852265655994415	0.053302548825740814	0.07206448912620544	-0.0758686289191246	-0.0724669024348259	0.05191656947135925	-0.06705943495035172	0.025406809523701668	0.023338785395026207	0.016545327380299568	-0.027595100924372673	-0.07019542157649994	0.07632608711719513	-0.0541495643556118	-0.06362883746623993	-0.05727265402674675	0.006307053379714489	0.06686732918024063	-0.007214631885290146	0.1062275767326355	0.01579524576663971	0.07050888240337372	0.023257290944457054	-0.05829266831278801	0.0006626701797358692	-0.042199913412332535	-0.12078343331813812
-0.08726175874471664	0.007258223369717598	-0.11909319460391998	0.13861703872680664	0.11462821066379547	0.0933363065123558	-0.0031730325426906347	-0.24926869571208954	0.21963173151016235	-0.14526309072971344	0.0842147246003151	0.15545527637004852	0.15138570964336395	-0.02171877585351467	0.16369269788265228	-0.001529867760837078	-0.05965366214513779	0.046305444091558456	-0.09091267734766006	0.15399831533432007	0.09767749905586243	0.07787619531154633	-0.10700475424528122	0.10252844542264938	-0.0003840902936644852	-0.00756129901856184	-0.014457997865974903	-0.14221273362636566	-0.07552254945039749	-0.0516425222158432	-0.03553510084748268	-0.17055824398994446	0.1146417111158371	-0.09487815201282501	0.05044056102633476	-0.15480872988700867	0.004570788238197565	-0.0475146509706974	0.06268508732318878	-0.15768326818943024	-0.03973495215177536	0.0749296098947525	-0.0636475533246994	-0.014939149841666222	-0.18232659995555878	0.11002202332019806	0.033311471343040466	0.04544375464320183	0.052192844450473785	0.09962007403373718	0.13307887315750122	0.021998144686222076	0.03828279674053192	-0.23679882287979126	-0.08169032633304596	0.14197185635566711	0.09899993985891342	-0.109363853931427	0.06706282496452332	0.08847935497760773	0.09922363609075546	-0.12017592042684555	0.061857812106609344	-0.17577232420444489
-0.005540368612855673	-0.054458703845739365	0.19335728883743286	-0.12146791815757751	0.08708678185939789	-0.21519604325294495	0.043468210846185684	0.36058688163757324	-0.26860904693603516	0.21727363765239716	-0.055457185953855515	-0.0405566543340683	-0.13622482120990753	-0.10254823416471481	-0.14214447140693665	0.042477741837501526	0.017620446160435677	-0.055427100509405136	0.2035757154226303	-0.18367807567119598	-0.0552368201315403	-0.08701888471841812	0.07527358829975128	-0.10785757005214691	0.03132752701640129	0.1805586963891983	-0.08199991285800934	0.22151057422161102	0.12624140083789825	0.14220429956912994	-0.038041383028030396	0.1632213443517685	-0.12135707587003708	-0.021099889650940895	-0.04568194970488548	0.15763282775878906	-0.16149963438510895	0.04013597220182419	-0.16431353986263275	0.16627410054206848	-0.07711447775363922	-0.13113819062709808	0.15115609765052795	-0.06464514881372452	0.11536218971014023	-0.03478730097413063	-0.06160518154501915	0.039699800312519073	-0.09437654167413712	-0.26571717858314514	-0.19669049978256226	-0.1498437076807022	-0.09176716208457947	0.2605834901332855	0.14555470645427704	-0.2030772566795349	-0.19322988390922546	0.1218579038977623	-0.08389946073293686	-0.08823947608470917	-0.06352748721837997	0.11558254808187485	0.0036305042449384928	0.1525002270936966
-0.005540368612855673	-0.054458703845739365	0.19335728883743286	-0.12146791815757751	0.08708678185939789	-0.21519604325294495	0.043468210846185684	0.36058688163757324	-0.26860904693603516	0.21727363765239716	-0.055457185953855515	-0.0405566543340683	-0.13622482120990753	-0.10254823416471481	-0.14214447140693665	0.042477741837501526	0.017620446160435677	-0.055427100509405136	0.2035757154226303	-0.18367807567119598	-0.0552368201315403	-0.08701888471841812	0.07527358829975128	-0.10785757005214691	0.03132752701640129	0.1805586963891983	-0.08199991285800934	0.22151057422161102	0.12624140083789825	0.14220429956912994	-0.038041383028030396	0.1632213443517685	-0.12135707587003708	-0.021099889650940895	-0.04568194970488548	0.15763282775878906	-0.16149963438510895	0.04013597220182419	-0.16431353986263275	0.16627410054206848	-0.07711447775363922	-0.13113819062709808	0.15115609765052795	-0.06464514881372452	0.11536218971014023	-0.03478730097413063	-0.06160518154501915	0.039699800312519073	-0.09437654167413712	-0.26571717858314514	-0.19669049978256226	-0.1498437076807022	-0.09176716208457947	0.2605834901332855	0.14555470645427704	-0.2030772566795349	-0.19322988390922546	0.1218579038977623	-0.08389946073293686	-0.08823947608470917	-0.06352748721837997	0.11558254808187485	0.0036305042449384928	0.1525002270936966
-0.08726175874471664	0.007258223369717598	-0.11909319460391998	0.13861703872680664	0.11462821066379547	0.0933363065123558	-0.0031730325426906347	-0.24926869571208954	0.21963173151016235	-0.14526309072971344	0.0842147246003151	0.15545527637004852	0.15138570964336395	-0.02171877585351467	0.16369269788265228	-0.001529867760837078	-0.05965366214513779	0.046305444091558456	-0.09091267734766006	0.15399831533432007	0.09767749905586243	0.07787619531154633	-0.10700475424528122	0.10252844542264938	-0.0003840902936644852	-0.00756129901856184	-0.014457997865974903	-0.14221273362636566	-0.07552254945039749	-0.0516425222158432	-0.03553510084748268	-0.17055824398994446	0.1146417111158371	-0.09487815201282501	0.05044056102633476	-0.15480872988700867	0.004570788238197565	-0.0475146509706974	0.06268508732318878	-0.15768326818943024	-0.03973495215177536	0.0749296098947525	-0.0636475533246994	-0.014939149841666222	-0.18232659995555878	0.11002202332019806	0.033311471343040466	0.04544375464320183	0.052192844450473785	0.09962007403373718	0.13307887315750122	0.021998144686222076	0.03828279674053192	-0.23679882287979126	-0.08169032633304596	0.14197185635566711	0.09899993985891342	-0.109363853931427	0.06706282496452332	0.08847935497760773	0.09922363609075546	-0.12017592042684555	0.061857812106609344	-0.17577232420444489
-0.005540368612855673	-0.054458703845739365	0.19335728883743286	-0.12146791815757751	0.08708678185939789	-0.21519604325294495	0.043468210846185684	0.36058688163757324	-0.26860904693603516	0.21727363765239716	-0.055457185953855515	-0.0405566543340683	-0.13622482120990753	-0.10254823416471481	-0.14214447140693665	0.042477741837501526	0.017620446160435677	-0.055427100509405136	0.2035757154226303	-0.18367807567119598	-0.0552368201315403	-0.08701888471841812	0.07527358829975128	-0.10785757005214691	0.03132752701640129	0.1805586963891983	-0.08199991285800934	0.22151057422161102	0.12624140083789825	0.14220429956912994	-0.038041383028030396	0.1632213443517685	-0.12135707587003708	-0.021099889650940895	-0.04568194970488548	0.15763282775878906	-0.16149963438510895	0.04013597220182419	-0.16431353986263275	0.16627410054206848	-0.07711447775363922	-0.13113819062709808	0.15115609765052795	-0.06464514881372452	0.11536218971014023	-0.03478730097413063	-0.06160518154501915	0.039699800312519073	-0.09437654167413712	-0.26571717858314514	-0.19669049978256226	-0.1498437076807022	-0.09176716208457947	0.2605834901332855	0.14555470645427704	-0.2030772566795349	-0.19322988390922546	0.1218579038977623	-0.08389946073293686	-0.08823947608470917	-0.06352748721837997	0.11558254808187485	0.0036305042449384928	0.1525002270936966
-0.005540368612855673	-0.054458703845739365	0.19335728883743286	-0.12146791815757751	0.08708678185939789	-0.21519604325294495	0.043468210846185684	0.36058688163757324	-0.26860904693603516	0.21727363765239716	-0.055457185953855515	-0.0405566543340683	-0.13622482120990753	-0.10254823416471481	-0.14214447140693665	0.042477741837501526	0.017620446160435677	-0.055427100509405136	0.2035757154226303	-0.18367807567119598	-0.0552368201315403	-0.08701888471841812	0.07527358829975128	-0.10785757005214691	0.03132752701640129	0.1805586963891983	-0.08199991285800934	0.22151057422161102	0.12624140083789825	0.14220429956912994	-0.038041383028030396	0.1632213443517685	-0.12135707587003708	-0.021099889650940895	-0.04568194970488548	0.15763282775878906	-0.16149963438510895	0.04013597220182419	-0.16431353986263275	0.16627410054206848	-0.07711447775363922	-0.13113819062709808	0.15115609765052795	-0.06464514881372452	0.11536218971014023	-0.03478730097413063	-0.06160518154501915	0.039699800312519073	-0.09437654167413712	-0.26571717858314514	-0.19669049978256226	-0.1498437076807022	-0.09176716208457947	0.2605834901332855	0.14555470645427704	-0.2030772566795349	-0.19322988390922546	0.1218579038977623	-0.08389946073293686	-0.08823947608470917	-0.06352748721837997	0.11558254808187485	0.0036305042449384928	0.1525002270936966
0.08116396516561508	0.006310942582786083	0.022666024044156075	-0.0710112452507019	-0.07233849912881851	-0.0014496410731226206	0.07404519617557526	-0.024173710495233536	0.056532230228185654	0.08120176941156387	-0.07378101348876953	-0.048160869628190994	-0.027221372351050377	0.013350208289921284	0.013621262274682522	-0.03941179811954498	-0.01563783921301365	0.04654980078339577	0.07076197862625122	-0.0816512405872345	-0.06828247010707855	-0.07207781821489334	-0.05553498491644859	0.06383857131004333	0.08215837180614471	-0.049400001764297485	-0.04925739765167236	0.029882827773690224	-0.04821844771504402	0.011331534944474697	-0.02791503258049488	-0.08697552233934402	-0.03601594641804695	0.0005842244136147201	-0.09790197014808655	0.0221080482006073	0.02058367244899273	0.011607863940298557	0.08170704543590546	-0.0526919960975647	0.014193526469171047	0.06857618689537048	0.03166358545422554	-0.031849220395088196	0.09623345732688904	-0.014070197939872742	-0.08467811346054077	-0.02204972878098488	0.02614879608154297	0.056857697665691376	0.030889324843883514	-0.009733966551721096	0.028169605880975723	-0.04084246605634689	-0.011094833724200726	-0.04438548535108566	-0.02952338196337223	0.045149024575948715	-0.06341351568698883	0.02507098950445652	-0.05548906326293945	0.08696681261062622	0.0048586903139948845	0.033686600625514984
-0.005540368612855673	-0.054458703845739365	0.19335728883743286	-0.12146791815757751	0.08708678185939789	-0.21519604325294495	0.043468210846185684	0.36058688163757324	-0.26860904693603516	0.21727363765239716	-0.055457185953855515	-0.0405566543340683	-0.13622482120990753	-0.10254823416471481	-0.14214447140693665	0.042477741837501526	0.017620446160435677	-0.055427100509405136	0.2035757154226303	-0.18367807567119598	-0.0552368201315403	-0.08701888471841812	0.07527358829975128	-0.10785757005214691	0.03132752701640129	0.1805586963891983	-0.08199991285800934	0.22151057422161102	0.12624140083789825	0.14220429956912994	-0.038041383028030396	0.1632213443517685	-0.12135707587003708	-0.021099889650940895	-0.04568194970488548	0.15763282775878906	-0.16149963438510895	0.04013597220182419	-0.16431353986263275	0.16627410054206848	-0.07711447775363922	-0.13113819062709808	0.15115609765052795	-0.06464514881372452	0.11536218971014023	-0.03478730097413063	-0.06160518154501915	0.039699800312519073	-0.09437654167413712	-0.26571717858314514	-0.19669049978256226	-0.1498437076807022	-0.09176716208457947	0.2605834901332855	0.14555470645427704	-0.2030772566795349	-0.19322988390922546	0.1218579038977623	-0.08389946073293686	-0.08823947608470917	-0.06352748721837997	0.11558254808187485	0.0036305042449384928	0.1525002270936966
-0.08726175874471664	0.007258223369717598	-0.11909319460391998	0.13861703872680664	0.11462821066379547	0.0933363065123558	-0.0031730325426906347	-0.24926869571208954	0.21963173151016235	-0.14526309072971344	0.0842147246003151	0.15545527637004852	0.15138570964336395	-0.02171877585351467	0.16369269788265228	-0.001529867760837078	-0.05965366214513779	0.046305444091558456	-0.09091267734766006	0.15399831533432007	0.09767749905586243	0.07787619531154633	-0.10700475424528122	0.10252844542264938	-0.0003840902936644852	-0.00756129901856184	-0.014457997865974903	-0.14221273362636566	-0.07552254945039749	-0.0516425222158432	-0.03553510084748268	-0.17055824398994446	0.1146417111158371	-0.09487815201282501	0.05044056102633476	-0.15480872988700867	0.004570788238197565	-0.0475146509706974	0.06268508732318878	-0.15768326818943024	-0.03973495215177536	0.0749296098947525	-0.0636475533246994	-0.014939149841666222	-0.18232659995555878	0.11002202332019806	0.033311471343040466	0.04544375464320183	0.052192844450473785	0.09962007403373718	0.13307887315750122	0.021998144686222076	0.03828279674053192	-0.23679882287979126	-0.08169032633304596	0.14197185635566711	0.09899993985891342	-0.109363853931427	0.06706282496452332	0.08847935497760773	0.09922363609075546	-0.12017592042684555	0.061857812106609344	-0.17577232420444489
-0.08726175874471664	0.007258223369717598	-0.11909319460391998	0.13861703872680664	0.11462821066379547	0.0933363065123558	-0.0031730325426906347	-0.24926869571208954	0.21963173151016235	-0.14526309072971344	0.0842147246003151	0.15545527637004852	0.15138570964336395	-0.02171877585351467	0.16369269788265228	-0.001529867760837078	-0.05965366214513779	0.046305444091558456	-0.09091267734766006	0.15399831533432007	0.09767749905586243	0.07787619531154633	-0.10700475424528122	0.10252844542264938	-0.0003840902936644852	-0.00756129901856184	-0.014457997865974903	-0.14221273362636566	-0.07552254945039749	-0.0516425222158432	-0.03553510084748268	-0.17055824398994446	0.1146417111158371	-0.09487815201282501	0.05044056102633476	-0.15480872988700867	0.004570788238197565	-0.0475146509706974	0.06268508732318878	-0.15768326818943024	-0.03973495215177536	0.0749296098947525	-0.0636475533246994	-0.014939149841666222	-0.18232659995555878	0.11002202332019806	0.033311471343040466	0.04544375464320183	0.052192844450473785	0.09962007403373718	0.13307887315750122	0.021998144686222076	0.03828279674053192	-0.23679882287979126	-0.08169032633304596	0.14197185635566711	0.09899993985891342	-0.109363853931427	0.06706282496452332	0.08847935497760773	0.09922363609075546	-0.12017592042684555	0.061857812106609344	-0.17577232420444489
-0.005540368612855673	-0.054458703845739365	0.19335728883743286	-0.12146791815757751	0.08708678185939789	-0.21519604325294495	0.043468210846185684	0.36058688163757324	-0.26860904693603516	0.21727363765239716	-0.055457185953855515	-0.0405566543340683	-0.13622482120990753	-0.10254823416471481	-0.14214447140693665	0.042477741837501526	0.017620446160435677	-0.055427100509405136	0.2035757154226303	-0.18367807567119598	-0.0552368201315403	-0.08701888471841812	0.07527358829975128	-0.10785757005214691	0.03132752701640129	0.1805586963891983	-0.08199991285800934	0.22151057422161102	0.12624140083789825	0.14220429956912994	-0.038041383028030396	0.1632213443517685	-0.12135707587003708	-0.021099889650940895	-0.04568194970488548	0.15763282775878906	-0.16149963438510895	0.04013597220182419	-0.16431353986263275	0.16627410054206848	-0.07711447775363922	-0.13113819062709808	0.15115609765052795	-0.06464514881372452	0.11536218971014023	-0.03478730097413063	-0.06160518154501915	0.039699800312519073	-0.09437654167413712	-0.26571717858314514	-0.19669049978256226	-0.1498437076807022	-0.09176716208457947	0.2605834901332855	0.14555470645427704	-0.2030772566795349	-0.19322988390922546	0.1218579038977623	-0.08389946073293686	-0.08823947608470917	-0.06352748721837997	0.11558254808187485	0.0036305042449384928	0.1525002270936966
-0.005540368612855673	-0.054458703845739365	0.19335728883743286	-0.12146791815757751	0.08708678185939789	-0.21519604325294495	0.043468210846185684	0.36058688163757324	-0.26860904693603516	0.21727363765239716	-0.055457185953855515	-0.0405566543340683	-0.13622482120990753	-0.10254823416471481	-0.14214447140693665	0.042477741837501526	0.017620446160435677	-0.055427100509405136	0.2035757154226303	-0.18367807567119598	-0.0552368201315403	-0.08701888471841812	0.07527358829975128	-0.10785757005214691	0.03132752701640129	0.1805586963891983	-0.08199991285800934	0.22151057422161102	0.12624140083789825	0.14220429956912994	-0.038041383028030396	0.1632213443517685	-0.12135707587003708	-0.021099889650940895	-0.04568194970488548	0.15763282775878906	-0.16149963438510895	0.04013597220182419	-0.16431353986263275	0.16627410054206848	-0.07711447775363922	-0.13113819062709808	0.15115609765052795	-0.06464514881372452	0.11536218971014023	-0.03478730097413063	-0.06160518154501915	0.039699800312519073	-0.09437654167413712	-0.26571717858314514	-0.19669049978256226	-0.1498437076807022	-0.09176716208457947	0.2605834901332855	0.14555470645427704	-0.2030772566795349	-0.19322988390922546	0.1218579038977623	-0.08389946073293686	-0.08823947608470917	-0.06352748721837997	0.11558254808187485	0.0036305042449384928	0.1525002270936966
-0.08726175874471664	0.007258223369717598	-0.11909319460391998	0.13861703872680664	0.11462821066379547	0.0933363065123558	-0.0031730325426906347	-0.24926869571208954	0.21963173151016235	-0.14526309072971344	0.0842147246003151	0.15545527637004852	0.15138570964336395	-0.02171877585351467	0.16369269788265228	-0.001529867760837078	-0.05965366214513779	0.046305444091558456	-0.09091267734766006	0.15399831533432007	0.09767749905586243	0.07787619531154633	-0.10700475424528122	0.10252844542264938	-0.0003840902936644852	-0.00756129901856184	-0.014457997865974903	-0.14221273362636566	-0.07552254945039749	-0.0516425222158432	-0.03553510084748268	-0.17055824398994446	0.1146417111158371	-0.09487815201282501	0.05044056102633476	-0.15480872988700867	0.004570788238197565	-0.0475146509706974	0.06268508732318878	-0.15768326818943024	-0.03973495215177536	0.0749296098947525	-0.0636475533246994	-0.014939149841666222	-0.18232659995555878	0.11002202332019806	0.033311471343040466	0.04544375464320183	0.052192844450473785	0.09962007403373718	0.13307887315750122	0.021998144686222076	0.03828279674053192	-0.23679882287979126	-0.08169032633304596	0.14197185635566711	0.09899993985891342	-0.109363853931427	0.06706282496452332	0.08847935497760773	0.09922363609075546	-0.12017592042684555	0.061857812106609344	-0.17577232420444489
-0.005540368612855673	-0.054458703845739365	0.19335728883743286	-0.12146791815757751	0.08708678185939789	-0.21519604325294495	0.043468210846185684	0.36058688163757324	-0.26860904693603516	0.21727363765239716	-0.055457185953855515	-0.0405566543340683	-0.13622482120990753	-0.10254823416471481	-0.14214447140693665	0.042477741837501526	0.017620446160435677	-0.055427100509405136	0.2035757154226303	-0.18367807567119598	-0.0552368201315403	-0.08701888471841812	0.07527358829975128	-0.10785757005214691	0.03132752701640129	0.1805586963891983	-0.08199991285800934	0.22151057422161102	0.12624140083789825	0.14220429956912994	-0.038041383028030396	0.1632213443517685	-0.12135707587003708	-0.021099889650940895	-0.04568194970488548	0.15763282775878906	-0.16149963438510895	0.04013597220182419	-0.16431353986263275	0.16627410054206848	-0.07711447775363922	-0.13113819062709808	0.15115609765052795	-0.06464514881372452	0.11536218971014023	-0.03478730097413063	-0.06160518154501915	0.039699800312519073	-0.09437654167413712	-0.26571717858314514	-0.19669049978256226	-0.1498437076807022	-0.09176716208457947	0.2605834901332855	0.14555470645427704	-0.2030772566795349	-0.19322988390922546	0.1218579038977623	-0.08389946073293686	-0.08823947608470917	-0.06352748721837997	0.11558254808187485	0.0036305042449384928	0.1525002270936966
-0.005540368612855673	-0.054458703845739365	0.19335728883743286	-0.12146791815757751	0.08708678185939789	-0.21519604325294495	0.043468210846185684	0.36058688163757324	-0.26860904693603516	0.21727363765239716	-0.055457185953855515	-0.0405566543340683	-0.13622482120990753	-0.10254823416471481	-0.14214447140693665	0.042477741837501526	0.017620446160435677	-0.055427100509405136	0.2035757154226303	-0.18367807567119598	-0.0552368201315403	-0.08701888471841812	0.07527358829975128	-0.10785757005214691	0.03132752701640129	0.1805586963891983	-0.08199991285800934	0.22151057422161102	0.12624140083789825	0.14220429956912994	-0.038041383028030396	0.1632213443517685	-0.12135707587003708	-0.021099889650940895	-0.04568194970488548	0.15763282775878906	-0.16149963438510895	0.04013597220182419	-0.16431353986263275	0.16627410054206848	-0.07711447775363922	-0.13113819062709808	0.15115609765052795	-0.06464514881372452	0.11536218971014023	-0.03478730097413063	-0.06160518154501915	0.039699800312519073	-0.09437654167413712	-0.26571717858314514	-0.19669049978256226	-0.1498437076807022	-0.09176716208457947	0.2605834901332855	0.14555470645427704	-0.2030772566795349	-0.19322988390922546	0.1218579038977623	-0.08389946073293686	-0.08823947608470917	-0.06352748721837997	0.11558254808187485	0.0036305042449384928	0.1525002270936966
-0.07433612644672394	0.04944539815187454	-0.12472765892744064	0.08360902220010757	-0.05512083321809769	0.09909230470657349	0.06381590664386749	-0.031858835369348526	0.041558727622032166	-0.0608585886657238	-0.000545004615560174	0.09172520786523819	0.054548345506191254	-0.08035594969987869	0.011707024648785591	-0.003024728037416935	0.07149409502744675	-0.020776905119419098	-0.012386403977870941	-0.04822733253240585	-0.05423537269234657	0.01671617664396763	-0.0734582394361496	0.0879814550280571	-0.0607786700129509	0.06495903432369232	-0.05310641974210739	-0.06970535963773727	-0.10276991128921509	-0.023150237277150154	-0.02130979113280773	-0.048095814883708954	-0.005666122771799564	0.04321169853210449	0.046491589397192	-0.07808869332075119	0.10227972269058228	-0.05852265655994415	0.053302548825740814	0.07206448912620544	-0.0758686289191246	-0.0724669024348259	0.05191656947135925	-0.06705943495035172	0.025406809523701668	0.023338785395026207	0.016545327380299568	-0.027595100924372673	-0.07019542157649994	0.07632608711719513	-0.0541495643556118	-0.06362883746623993	-0.05727265402674675	0.006307053379714489	0.06686732918024063	-0.007214631885290146	0.1062275767326355	0.01579524576663971	0.07050888240337372	0.023257290944457054	-0.05829266831278801	0.0006626701797358692	-0.042199913412332535	-0.12078343331813812
-0.005540368612855673	-0.054458703845739365	0.19335728883743286	-0.12146791815757751	0.08708678185939789	-0.21519604325294495	0.043468210846185684	0.36058688163757324	-0.26860904693603516	0.21727363765239716	-0.055457185953855515	-0.0405566543340683	-0.13622482120990753	-0.10254823416471481	-0.14214447140693665	0.042477741837501526	0.017620446160435677	-0.055427100509405136	0.2035757154226303	-0.18367807567119598	-0.0552368201315403	-0.08701888471841812	0.07527358829975128	-0.10785757005214691	0.03132752701640129	0.1805586963891983	-0.08199991285800934	0.22151057422161102	0.12624140083789825	0.14220429956912994	-0.038041383028030396	0.1632213443517685	-0.12135707587003708	-0.021099889650940895	-0.04568194970488548	0.15763282775878906	-0.16149963438510895	0.04013597220182419	-0.16431353986263275	0.16627410054206848	-0.07711447775363922	-0.13113819062709808	0.15115609765052795	-0.06464514881372452	0.11536218971014023	-0.03478730097413063	-0.06160518154501915	0.039699800312519073	-0.09437654167413712	-0.26571717858314514	-0.19669049978256226	-0.1498437076807022	-0.09176716208457947	0.2605834901332855	0.14555470645427704	-0.2030772566795349	-0.19322988390922546	0.1218579038977623	-0.08389946073293686	-0.08823947608470917	-0.06352748721837997	0.11558254808187485	0.0036305042449384928	0.1525002270936966
-0.005540368612855673	-0.054458703845739365	0.19335728883743286	-0.12146791815757751	0.08708678185939789	-0.21519604325294495	0.043468210846185684	0.36058688163757324	-0.26860904693603516	0.21727363765239716	-0.055457185953855515	-0.0405566543340683	-0.13622482120990753	-0.10254823416471481	-0.14214447140693665	0.042477741837501526	0.017620446160435677	-0.055427100509405136	0.2035757154226303	-0.18367807567119598	-0.0552368201315403	-0.08701888471841812	0.07527358829975128	-0.10785757005214691	0.03132752701640129	0.1805586963891983	-0.08199991285800934	0.22151057422161102	0.12624140083789825	0.14220429956912994	-0.038041383028030396	0.1632213443517685	-0.12135707587003708	-0.021099889650940895	-0.04568194970488548	0.15763282775878906	-0.16149963438510895	0.04013597220182419	-0.16431353986263275	0.16627410054206848	-0.07711447775363922	-0.13113819062709808	0.15115609765052795	-0.06464514881372452	0.11536218971014023	-0.03478730097413063	-0.06160518154501915	0.039699800312519073	-0.09437654167413712	-0.26571717858314514	-0.19669049978256226	-0.1498437076807022	-0.09176716208457947	0.2605834901332855	0.14555470645427704	-0.2030772566795349	-0.19322988390922546	0.1218579038977623	-0.08389946073293686	-0.08823947608470917	-0.06352748721837997	0.11558254808187485	0.0036305042449384928	0.1525002270936966
-0.005540368612855673	-0.054458703845739365	0.19335728883743286	-0.12146791815757751	0.08708678185939789	-0.21519604325294495	0.043468210846185684	0.36058688163757324	-0.26860904693603516	0.21727363765239716	-0.055457185953855515	-0.0405566543340683	-0.13622482120990753	-0.10254823416471481	-0.14214447140693665	0.042477741837501526	0.017620446160435677	-0.055427100509405136	0.2035757154226303	-0.18367807567119598	-0.0552368201315403	-0.08701888471841812	0.07527358829975128	-0.10785757005214691	0.03132752701640129	0.1805586963891983	-0.08199991285800934	0.22151057422161102	0.12624140083789825	0.14220429956912994	-0.038041383028030396	0.1632213443517685	-0.12135707587003708	-0.021099889650940895	-0.04568194970488548	0.15763282775878906	-0.16149963438510895	0.04013597220182419	-0.16431353986263275	0.16627410054206848	-0.07711447775363922	-0.13113819062709808	0.15115609765052795	-0.06464514881372452	0.11536218971014023	-0.03478730097413063	-0.06160518154501915	0.039699800312519073	-0.09437654167413712	-0.26571717858314514	-0.19669049978256226	-0.1498437076807022	-0.09176716208457947	0.2605834901332855	0.14555470645427704	-0.2030772566795349	-0.19322988390922546	0.1218579038977623	-0.08389946073293686	-0.08823947608470917	-0.06352748721837997	0.11558254808187485	0.0036305042449384928	0.1525002270936966
-0.08726175874471664	0.007258223369717598	-0.11909319460391998	0.13861703872680664	0.11462821066379547	0.0933363065123558	-0.0031730325426906347	-0.24926869571208954	0.21963173151016235	-0.14526309072971344	0.0842147246003151	0.15545527637004852	0.15138570964336395	-0.02171877585351467	0.16369269788265228	-0.001529867760837078	-0.05965366214513779	0.046305444091558456	-0.09091267734766006	0.15399831533432007	0.09767749905586243	0.07787619531154633	-0.10700475424528122	0.10252844542264938	-0.0003840902936644852	-0.00756129901856184	-0.014457997865974903	-0.14221273362636566	-0.07552254945039749	-0.0516425222158432	-0.03553510084748268	-0.17055824398994446	0.1146417111158371	-0.09487815201282501	0.05044056102633476	-0.15480872988700867	0.004570788238197565	-0.0475146509706974	0.06268508732318878	-0.15768326818943024	-0.03973495215177536	0.0749296098947525	-0.0636475533246994	-0.014939149841666222	-0.18232659995555878	0.11002202332019806	0.033311471343040466	0.04544375464320183	0.052192844450473785	0.09962007403373718	0.13307887315750122	0.021998144686222076	0.03828279674053192	-0.23679882287979126	-0.08169032633304596	0.14197185635566711	0.09899993985891342	-0.109363853931427	0.06706282496452332	0.08847935497760773	0.09922363609075546	-0.12017592042684555	0.061857812106609344	-0.17577232420444489
-0.08726175874471664	0.007258223369717598	-0.11909319460391998	0.13861703872680664	0.11462821066379547	0.0933363065123558	-0.0031730325426906347	-0.24926869571208954	0.21963173151016235	-0.14526309072971344	0.0842147246003151	0.15545527637004852	0.15138570964336395	-0.02171877585351467	0.16369269788265228	-0.001529867760837078	-0.05965366214513779	0.046305444091558456	-0.09091267734766006	0.15399831533432007	0.09767749905586243	0.07787619531154633	-0.10700475424528122	0.10252844542264938	-0.0003840902936644852	-0.00756129901856184	-0.014457997865974903	-0.14221273362636566	-0.07552254945039749	-0.0516425222158432	-0.03553510084748268	-0.17055824398994446	0.1146417111158371	-0.09487815201282501	0.05044056102633476	-0.15480872988700867	0.004570788238197565	-0.0475146509706974	0.06268508732318878	-0.15768326818943024	-0.03973495215177536	0.0749296098947525	-0.0636475533246994	-0.014939149841666222	-0.18232659995555878	0.11002202332019806	0.033311471343040466	0.04544375464320183	0.052192844450473785	0.09962007403373718	0.13307887315750122	0.021998144686222076	0.03828279674053192	-0.23679882287979126	-0.08169032633304596	0.14197185635566711	0.09899993985891342	-0.109363853931427	0.06706282496452332	0.08847935497760773	0.09922363609075546	-0.12017592042684555	0.061857812106609344	-0.17577232420444489
-0.005540368612855673	-0.054458703845739365	0.19335728883743286	-0.12146791815757751	0.08708678185939789	-0.21519604325294495	0.043468210846185684	0.36058688163757324	-0.26860904693603516	0.21727363765239716	-0.055457185953855515	-0.0405566543340683	-0.13622482120990753	-0.10254823416471481	-0.14214447140693665	0.042477741837501526	0.017620446160435677	-0.055427100509405136	0.2035757154226303	-0.18367807567119598	-0.0552368201315403	-0.08701888471841812	0.07527358829975128	-0.10785757005214691	0.03132752701640129	0.1805586963891983	-0.08199991285800934	0.22151057422161102	0.12624140083789825	0.14220429956912994	-0.038041383028030396	0.1632213443517685	-0.12135707587003708	-0.021099889650940895	-0.04568194970488548	0.15763282775878906	-0.16149963438510895	0.04013597220182419	-0.16431353986263275	0.16627410054206848	-0.07711447775363922	-0.13113819062709808	0.15115609765052795	-0.06464514881372452	0.11536218971014023	-0.03478730097413063	-0.06160518154501915	0.039699800312519073	-0.09437654167413712	-0.26571717858314514	-0.19669049978256226	-0.1498437076807022	-0.09176716208457947	0.2605834901332855	0.14555470645427704	-0.2030772566795349	-0.19322988390922546	0.1218579038977623	-0.08389946073293686	-0.08823947608470917	-0.06352748721837997	0.11558254808187485	0.0036305042449384928	0.1525002270936966
-0.005540368612855673	-0.054458703845739365	0.19335728883743286	-0.12146791815757751	0.08708678185939789	-0.21519604325294495	0.043468210846185684	0.36058688163757324	-0.26860904693603516	0.21727363765239716	-0.055457185953855515	-0.0405566543340683	-0.13622482120990753	-0.10254823416471481	-0.14214447140693665	0.042477741837501526	0.017620446160435677	-0.055427100509405136	0.2035757154226303	-0.18367807567119598	-0.0552368201315403	-0.08701888471841812	0.07527358829975128	-0.10785757005214691	0.03132752701640129	0.1805586963891983	-0.08199991285800934	0.22151057422161102	0.12624140083789825	0.14220429956912994	-0.038041383028030396	0.1632213443517685	-0.12135707587003708	-0.021099889650940895	-0.04568194970488548	0.15763282775878906	-0.16149963438510895	0.04013597220182419	-0.16431353986263275	0.16627410054206848	-0.07711447775363922	-0.13113819062709808	0.15115609765052795	-0.06464514881372452	0.11536218971014023	-0.03478730097413063	-0.06160518154501915	0.039699800312519073	-0.09437654167413712	-0.26571717858314514	-0.19669049978256226	-0.1498437076807022	-0.09176716208457947	0.2605834901332855	0.14555470645427704	-0.2030772566795349	-0.19322988390922546	0.1218579038977623	-0.08389946073293686	-0.08823947608470917	-0.06352748721837997	0.11558254808187485	0.0036305042449384928	0.1525002270936966
-0.08726175874471664	0.007258223369717598	-0.11909319460391998	0.13861703872680664	0.11462821066379547	0.0933363065123558	-0.0031730325426906347	-0.24926869571208954	0.21963173151016235	-0.14526309072971344	0.0842147246003151	0.15545527637004852	0.15138570964336395	-0.02171877585351467	0.16369269788265228	-0.001529867760837078	-0.05965366214513779	0.046305444091558456	-0.09091267734766006	0.15399831533432007	0.09767749905586243	0.07787619531154633	-0.10700475424528122	0.10252844542264938	-0.0003840902936644852	-0.00756129901856184	-0.014457997865974903	-0.14221273362636566	-0.07552254945039749	-0.0516425222158432	-0.03553510084748268	-0.17055824398994446	0.1146417111158371	-0.09487815201282501	0.05044056102633476	-0.15480872988700867	0.004570788238197565	-0.0475146509706974	0.06268508732318878	-0.15768326818943024	-0.03973495215177536	0.0749296098947525	-0.0636475533246994	-0.014939149841666222	-0.18232659995555878	0.11002202332019806	0.033311471343040466	0.04544375464320183	0.052192844450473785	0.09962007403373718	0.13307887315750122	0.021998144686222076	0.03828279674053192	-0.23679882287979126	-0.08169032633304596	0.14197185635566711	0.09899993985891342	-0.109363853931427	0.06706282496452332	0.08847935497760773	0.09922363609075546	-0.12017592042684555	0.061857812106609344	-0.17577232420444489
-0.08726175874471664	0.007258223369717598	-0.11909319460391998	0.13861703872680664	0.11462821066379547	0.0933363065123558	-0.0031730325426906347	-0.24926869571208954	0.21963173151016235	-0.14526309072971344	0.0842147246003151	0.15545527637004852	0.15138570964336395	-0.02171877585351467	0.16369269788265228	-0.001529867760837078	-0.05965366214513779	0.046305444091558456	-0.09091267734766006	0.15399831533432007	0.09767749905586243	0.07787619531154633	-0.10700475424528122	0.10252844542264938	-0.0003840902936644852	-0.00756129901856184	-0.014457997865974903	-0.14221273362636566	-0.07552254945039749	-0.0516425222158432	-0.03553510084748268	-0.17055824398994446	0.1146417111158371	-0.09487815201282501	0.05044056102633476	-0.15480872988700867	0.004570788238197565	-0.0475146509706974	0.06268508732318878	-0.15768326818943024	-0.03973495215177536	0.0749296098947525	-0.0636475533246994	-0.014939149841666222	-0.18232659995555878	0.11002202332019806	0.033311471343040466	0.04544375464320183	0.052192844450473785	0.09962007403373718	0.13307887315750122	0.021998144686222076	0.03828279674053192	-0.23679882287979126	-0.08169032633304596	0.14197185635566711	0.09899993985891342	-0.109363853931427	0.06706282496452332	0.08847935497760773	0.09922363609075546	-0.12017592042684555	0.061857812106609344	-0.17577232420444489
-0.005540368612855673	-0.054458703845739365	0.19335728883743286	-0.12146791815757751	0.08708678185939789	-0.21519604325294495	0.043468210846185684	0.36058688163757324	-0.26860904693603516	0.21727363765239716	-0.055457185953855515	-0.0405566543340683	-0.13622482120990753	-0.10254823416471481	-0.14214447140693665	0.042477741837501526	0.017620446160435677	-0.055427100509405136	0.2035757154226303	-0.18367807567119598	-0.0552368201315403	-0.08701888471841812	0.07527358829975128	-0.10785757005214691	0.03132752701640129	0.1805586963891983	-0.08199991285800934	0.22151057422161102	0.12624140083789825	0.14220429956912994	-0.038041383028030396	0.1632213443517685	-0.12135707587003708	-0.021099889650940895	-0.04568194970488548	0.15763282775878906	-0.16149963438510895	0.04013597220182419	-0.16431353986263275	0.16627410054206848	-0.07711447775363922	-0.13113819062709808	0.15115609765052795	-0.06464514881372452	0.11536218971014023	-0.03478730097413063	-0.06160518154501915	0.039699800312519073	-0.09437654167413712	-0.26571717858314514	-0.19669049978256226	-0.1498437076807022	-0.09176716208457947	0.2605834901332855	0.14555470645427704	-0.2030772566795349	-0.19322988390922546	0.1218579038977623	-0.08389946073293686	-0.08823947608470917	-0.06352748721837997	0.11558254808187485	0.0036305042449384928	0.1525002270936966
-0.07644042372703552	0.03280193731188774	0.028897104784846306	-0.022979067638516426	-0.06401348859071732	-0.03477269783616066	0.0909198597073555	0.037440765649080276	0.056938476860523224	0.06606990098953247	0.009755773469805717	0.03461318463087082	0.06557797640562057	-0.05306678265333176	0.09849721193313599	-0.07069947570562363	-0.039638955146074295	0.08217065036296844	-0.10251548886299133	-0.021876109763979912	-0.04519239813089371	-0.0934620127081871	-0.05616654455661774	0.023945223540067673	-0.04406038299202919	-0.06015566736459732	-0.0761626660823822	-0.013541319407522678	-0.049041472375392914	0.04373232647776604	-0.09184306859970093	-0.05915508419275284	0.023101553320884705	-0.04449049383401871	-0.08854838460683823	0.006678054574877024	0.010253043845295906	0.048299554735422134	-0.08821713179349899	-0.03353710472583771	0.07300599664449692	0.10383927822113037	0.08202988654375076	0.00034052913542836905	-0.0291089229285717	-0.065807044506073	0.09139253199100494	0.09166145324707031	0.0176830030977726	0.08256839960813522	0.09117646515369415	0.06614107638597488	0.0018168878741562366	0.07543604075908661	-0.08159317076206207	-0.037157975137233734	0.012973272241652012	0.09228330850601196	-0.053218379616737366	-0.09666554629802704	-0.10003252327442169	0.00995846837759018	-0.050284527242183685	0.07661447674036026
-0.005540368612855673	-0.054458703845739365	0.19335728883743286	-0.12146791815757751	0.08708678185939789	-0.21519604325294495	0.043468210846185684	0.36058688163757324	-0.26860904693603516	0.21727363765239716	-0.055457185953855515	-0.0405566543340683	-0.13622482120990753	-0.10254823416471481	-0.14214447140693665	0.042477741837501526	0.017620446160435677	-0.055427100509405136	0.2035757154226303	-0.18367807567119598	-0.0552368201315403	-0.08701888471841812	0.07527358829975128	-0.10785757005214691	0.03132752701640129	0.1805586963891983	-0.08199991285800934	0.22151057422161102	0.12624140083789825	0.14220429956912994	-0.038041383028030396	0.1632213443517685	-0.12135707587003708	-0.021099889650940895	-0.04568194970488548	0.15763282775878906	-0.16149963438510895	0.04013597220182419	-0.16431353986263275	0.16627410054206848	-0.07711447775363922	-0.13113819062709808	0.15115609765052795	-0.06464514881372452	0.11536218971014023	-0.03478730097413063	-0.06160518154501915	0.039699800312519073	-0.09437654167413712	-0.26571717858314514	-0.19669049978256226	-0.1498437076807022	-0.09176716208457947	0.2605834901332855	0.14555470645427704	-0.2030772566795349	-0.19322988390922546	0.1218579038977623	-0.08389946073293686	-0.08823947608470917	-0.06352748721837997	0.11558254808187485	0.0036305042449384928	0.1525002270936966
-0.07433612644672394	0.04944539815187454	-0.12472765892744064	0.08360902220010757	-0.05512083321809769	0.09909230470657349	0.06381590664386749	-0.031858835369348526	0.041558727622032166	-0.0608585886657238	-0.000545004615560174	0.09172520786523819	0.054548345506191254	-0.08035594969987869	0.011707024648785591	-0.003024728037416935	0.07149409502744675	-0.020776905119419098	-0.012386403977870941	-0.04822733253240585	-0.05423537269234657	0.01671617664396763	-0.0734582394361496	0.0879814550280571	-0.0607786700129509	0.06495903432369232	-0.05310641974210739	-0.06970535963773727	-0.10276991128921509	-0.023150237277150154	-0.02130979113280773	-0.048095814883708954	-0.005666122771799564	0.04321169853210449	0.046491589397192	-0.07808869332075119	0.10227972269058228	-0.05852265655994415	0.053302548825740814	0.07206448912620544	-0.0758686289191246	-0.0724669024348259	0.05191656947135925	-0.06705943495035172	0.025406809523701668	0.023338785395026207	0.016545327380299568	-0.027595100924372673	-0.07019542157649994	0.07632608711719513	-0.0541495643556118	-0.06362883746623993	-0.05727265402674675	0.006307053379714489	0.06686732918024063	-0.007214631885290146	0.1062275767326355	0.01579524576663971	0.07050888240337372	0.023257290944457054	-0.05829266831278801	0.0006626701797358692	-0.042199913412332535	-0.12078343331813812
-0.08726175874471664	0.007258223369717598	-0.11909319460391998	0.13861703872680664	0.11462821066379547	0.0933363065123558	-0.0031730325426906347	-0.24926869571208954	0.21963173151016235	-0.14526309072971344	0.0842147246003151	0.15545527637004852	0.15138570964336395	-0.02171877585351467	0.16369269788265228	-0.001529867760837078	-0.05965366214513779	0.046305444091558456	-0.09091267734766006	0.15399831533432007	0.09767749905586243	0.07787619531154633	-0.10700475424528122	0.10252844542264938	-0.0003840902936644852	-0.00756129901856184	-0.014457997865974903	-0.14221273362636566	-0.07552254945039749	-0.0516425222158432	-0.03553510084748268	-0.17055824398994446	0.1146417111158371	-0.09487815201282501	0.05044056102633476	-0.15480872988700867	0.004570788238197565	-0.0475146509706974	0.06268508732318878	-0.15768326818943024	-0.03973495215177536	0.0749296098947525	-0.0636475533246994	-0.014939149841666222	-0.18232659995555878	0.11002202332019806	0.033311471343040466	0.04544375464320183	0.052192844450473785	0.09962007403373718	0.13307887315750122	0.021998144686222076	0.03828279674053192	-0.23679882287979126	-0.08169032633304596	0.14197185635566711	0.09899993985891342	-0.109363853931427	0.06706282496452332	0.08847935497760773	0.09922363609075546	-0.12017592042684555	0.061857812106609344	-0.17577232420444489
-0.005540368612855673	-0.054458703845739365	0.19335728883743286	-0.12146791815757751	0.08708678185939789	-0.21519604325294495	0.043468210846185684	0.36058688163757324	-0.26860904693603516	0.21727363765239716	-0.055457185953855515	-0.0405566543340683	-0.13622482120990753	-0.10254823416471481	-0.14214447140693665	0.042477741837501526	0.017620446160435677	-0.055427100509405136	0.2035757154226303	-0.18367807567119598	-0.0552368201315403	-0.08701888471841812	0.07527358829975128	-0.10785757005214691	0.03132752701640129	0.1805586963891983	-0.08199991285800934	0.22151057422161102	0.12624140083789825	0.14220429956912994	-0.038041383028030396	0.1632213443517685	-0.12135707587003708	-0.021099889650940895	-0.04568194970488548	0.15763282775878906	-0.16149963438510895	0.04013597220182419	-0.16431353986263275	0.16627410054206848	-0.07711447775363922	-0.13113819062709808	0.15115609765052795	-0.06464514881372452	0.11536218971014023	-0.03478730097413063	-0.06160518154501915	0.039699800312519073	-0.09437654167413712	-0.26571717858314514	-0.19669049978256226	-0.1498437076807022	-0.09176716208457947	0.2605834901332855	0.14555470645427704	-0.2030772566795349	-0.19322988390922546	0.1218579038977623	-0.08389946073293686	-0.08823947608470917	-0.06352748721837997	0.11558254808187485	0.0036305042449384928	0.1525002270936966
-0.08726175874471664	0.007258223369717598	-0.11909319460391998	0.13861703872680664	0.11462821066379547	0.0933363065123558	-0.0031730325426906347	-0.24926869571208954	0.21963173151016235	-0.14526309072971344	0.0842147246003151	0.15545527637004852	0.15138570964336395	-0.02171877585351467	0.16369269788265228	-0.001529867760837078	-0.05965366214513779	0.046305444091558456	-0.09091267734766006	0.15399831533432007	0.09767749905586243	0.07787619531154633	-0.10700475424528122	0.10252844542264938	-0.0003840902936644852	-0.00756129901856184	-0.014457997865974903	-0.14221273362636566	-0.07552254945039749	-0.0516425222158432	-0.03553510084748268	-0.17055824398994446	0.1146417111158371	-0.09487815201282501	0.05044056102633476	-0.15480872988700867	0.004570788238197565	-0.0475146509706974	0.06268508732318878	-0.15768326818943024	-0.03973495215177536	0.0749296098947525	-0.0636475533246994	-0.014939149841666222	-0.18232659995555878	0.11002202332019806	0.033311471343040466	0.04544375464320183	0.052192844450473785	0.09962007403373718	0.13307887315750122	0.021998144686222076	0.03828279674053192	-0.23679882287979126	-0.08169032633304596	0.14197185635566711	0.09899993985891342	-0.109363853931427	0.06706282496452332	0.08847935497760773	0.09922363609075546	-0.12017592042684555	0.061857812106609344	-0.17577232420444489
-0.08726175874471664	0.007258223369717598	-0.11909319460391998	0.13861703872680664	0.11462821066379547	0.0933363065123558	-0.0031730325426906347	-0.24926869571208954	0.21963173151016235	-0.14526309072971344	0.0842147246003151	0.15545527637004852	0.15138570964336395	-0.02171877585351467	0.16369269788265228	-0.001529867760837078	-0.05965366214513779	0.046305444091558456	-0.09091267734766006	0.15399831533432007	0.09767749905586243	0.07787619531154633	-0.10700475424528122	0.10252844542264938	-0.0003840902936644852	-0.00756129901856184	-0.014457997865974903	-0.14221273362636566	-0.07552254945039749	-0.0516425222158432	-0.03553510084748268	-0.17055824398994446	0.1146417111158371	-0.09487815201282501	0.05044056102633476	-0.15480872988700867	0.004570788238197565	-0.0475146509706974	0.06268508732318878	-0.15768326818943024	-0.03973495215177536	0.0749296098947525	-0.0636475533246994	-0.014939149841666222	-0.18232659995555878	0.11002202332019806	0.033311471343040466	0.04544375464320183	0.052192844450473785	0.09962007403373718	0.13307887315750122	0.021998144686222076	0.03828279674053192	-0.23679882287979126	-0.08169032633304596	0.14197185635566711	0.09899993985891342	-0.109363853931427	0.06706282496452332	0.08847935497760773	0.09922363609075546	-0.12017592042684555	0.061857812106609344	-0.17577232420444489
-0.005540368612855673	-0.054458703845739365	0.19335728883743286	-0.12146791815757751	0.08708678185939789	-0.21519604325294495	0.043468210846185684	0.36058688163757324	-0.26860904693603516	0.21727363765239716	-0.055457185953855515	-0.0405566543340683	-0.13622482120990753	-0.10254823416471481	-0.14214447140693665	0.042477741837501526	0.017620446160435677	-0.055427100509405136	0.2035757154226303	-0.18367807567119598	-0.0552368201315403	-0.08701888471841812	0.07527358829975128	-0.10785757005214691	0.03132752701640129	0.1805586963891983	-0.08199991285800934	0.22151057422161102	0.12624140083789825	0.14220429956912994	-0.038041383028030396	0.1632213443517685	-0.12135707587003708	-0.021099889650940895	-0.04568194970488548	0.15763282775878906	-0.16149963438510895	0.04013597220182419	-0.16431353986263275	0.16627410054206848	-0.07711447775363922	-0.13113819062709808	0.15115609765052795	-0.06464514881372452	0.11536218971014023	-0.03478730097413063	-0.06160518154501915	0.039699800312519073	-0.09437654167413712	-0.26571717858314514	-0.19669049978256226	-0.1498437076807022	-0.09176716208457947	0.2605834901332855	0.14555470645427704	-0.2030772566795349	-0.19322988390922546	0.1218579038977623	-0.08389946073293686	-0.08823947608470917	-0.06352748721837997	0.11558254808187485	0.0036305042449384928	0.1525002270936966
-0.005540368612855673	-0.054458703845739365	0.19335728883743286	-0.12146791815757751	0.08708678185939789	-0.21519604325294495	0.043468210846185684	0.36058688163757324	-0.26860904693603516	0.21727363765239716	-0.055457185953855515	-0.0405566543340683	-0.13622482120990753	-0.10254823416471481	-0.14214447140693665	0.042477741837501526	0.017620446160435677	-0.055427100509405136	0.2035757154226303	-0.18367807567119598	-0.0552368201315403	-0.08701888471841812	0.07527358829975128	-0.10785757005214691	0.03132752701640129	0.1805586963891983	-0.08199991285800934	0.22151057422161102	0.12624140083789825	0.14220429956912994	-0.038041383028030396	0.1632213443517685	-0.12135707587003708	-0.021099889650940895	-0.04568194970488548	0.15763282775878906	-0.16149963438510895	0.04013597220182419	-0.16431353986263275	0.16627410054206848	-0.07711447775363922	-0.13113819062709808	0.15115609765052795	-0.06464514881372452	0.11536218971014023	-0.03478730097413063	-0.06160518154501915	0.039699800312519073	-0.09437654167413712	-0.26571717858314514	-0.19669049978256226	-0.1498437076807022	-0.09176716208457947	0.2605834901332855	0.14555470645427704	-0.2030772566795349	-0.19322988390922546	0.1218579038977623	-0.08389946073293686	-0.08823947608470917	-0.06352748721837997	0.11558254808187485	0.0036305042449384928	0.1525002270936966
-0.07433612644672394	0.04944539815187454	-0.12472765892744064	0.08360902220010757	-0.05512083321809769	0.09909230470657349	0.06381590664386749	-0.031858835369348526	0.041558727622032166	-0.0608585886657238	-0.000545004615560174	0.09172520786523819	0.054548345506191254	-0.08035594969987869	0.011707024648785591	-0.003024728037416935	0.07149409502744675	-0.020776905119419098	-0.012386403977870941	-0.04822733253240585	-0.05423537269234657	0.01671617664396763	-0.0734582394361496	0.0879814550280571	-0.0607786700129509	0.06495903432369232	-0.05310641974210739	-0.06970535963773727	-0.10276991128921509	-0.023150237277150154	-0.02130979113280773	-0.048095814883708954	-0.005666122771799564	0.04321169853210449	0.046491589397192	-0.07808869332075119	0.10227972269058228	-0.05852265655994415	0.053302548825740814	0.07206448912620544	-0.0758686289191246	-0.0724669024348259	0.05191656947135925	-0.06705943495035172	0.025406809523701668	0.023338785395026207	0.016545327380299568	-0.027595100924372673	-0.07019542157649994	0.07632608711719513	-0.0541495643556118	-0.06362883746623993	-0.05727265402674675	0.006307053379714489	0.06686732918024063	-0.007214631885290146	0.1062275767326355	0.01579524576663971	0.07050888240337372	0.023257290944457054	-0.05829266831278801	0.0006626701797358692	-0.042199913412332535	-0.12078343331813812
-0.08726175874471664	0.007258223369717598	-0.11909319460391998	0.13861703872680664	0.11462821066379547	0.0933363065123558	-0.0031730325426906347	-0.24926869571208954	0.21963173151016235	-0.14526309072971344	0.0842147246003151	0.15545527637004852	0.15138570964336395	-0.02171877585351467	0.16369269788265228	-0.001529867760837078	-0.05965366214513779	0.046305444091558456	-0.09091267734766006	0.15399831533432007	0.09767749905586243	0.07787619531154633	-0.10700475424528122	0.10252844542264938	-0.0003840902936644852	-0.00756129901856184	-0.014457997865974903	-0.14221273362636566	-0.07552254945039749	-0.0516425222158432	-0.03553510084748268	-0.17055824398994446	0.1146417111158371	-0.09487815201282501	0.05044056102633476	-0.15480872988700867	0.004570788238197565	-0.0475146509706974	0.06268508732318878	-0.15768326818943024	-0.03973495215177536	0.0749296098947525	-0.0636475533246994	-0.014939149841666222	-0.18232659995555878	0.11002202332019806	0.033311471343040466	0.04544375464320183	0.052192844450473785	0.09962007403373718	0.13307887315750122	0.021998144686222076	0.03828279674053192	-0.23679882287979126	-0.08169032633304596	0.14197185635566711	0.09899993985891342	-0.109363853931427	0.06706282496452332	0.08847935497760773	0.09922363609075546	-0.12017592042684555	0.061857812106609344	-0.17577232420444489
-0.005540368612855673	-0.054458703845739365	0.19335728883743286	-0.12146791815757751	0.08708678185939789	-0.21519604325294495	0.043468210846185684	0.36058688163757324	-0.26860904693603516	0.21727363765239716	-0.055457185953855515	-0.0405566543340683	-0.13622482120990753	-0.10254823416471481	-0.14214447140693665	0.042477741837501526	0.017620446160435677	-0.055427100509405136	0.2035757154226303	-0.18367807567119598	-0.0552368201315403	-0.08701888471841812	0.07527358829975128	-0.10785757005214691	0.03132752701640129	0.1805586963891983	-0.08199991285800934	0.22151057422161102	0.12624140083789825	0.14220429956912994	-0.038041383028030396	0.1632213443517685	-0.12135707587003708	-0.021099889650940895	-0.04568194970488548	0.15763282775878906	-0.16149963438510895	0.04013597220182419	-0.16431353986263275	0.16627410054206848	-0.07711447775363922	-0.13113819062709808	0.15115609765052795	-0.06464514881372452	0.11536218971014023	-0.03478730097413063	-0.06160518154501915	0.039699800312519073	-0.09437654167413712	-0.26571717858314514	-0.19669049978256226	-0.1498437076807022	-0.09176716208457947	0.2605834901332855	0.14555470645427704	-0.2030772566795349	-0.19322988390922546	0.1218579038977623	-0.08389946073293686	-0.08823947608470917	-0.06352748721837997	0.11558254808187485	0.0036305042449384928	0.1525002270936966
-0.005540368612855673	-0.054458703845739365	0.19335728883743286	-0.12146791815757751	0.08708678185939789	-0.21519604325294495	0.043468210846185684	0.36058688163757324	-0.26860904693603516	0.21727363765239716	-0.055457185953855515	-0.0405566543340683	-0.13622482120990753	-0.10254823416471481	-0.14214447140693665	0.042477741837501526	0.017620446160435677	-0.055427100509405136	0.2035757154226303	-0.18367807567119598	-0.0552368201315403	-0.08701888471841812	0.07527358829975128	-0.10785757005214691	0.03132752701640129	0.1805586963891983	-0.08199991285800934	0.22151057422161102	0.12624140083789825	0.14220429956912994	-0.038041383028030396	0.1632213443517685	-0.12135707587003708	-0.021099889650940895	-0.04568194970488548	0.15763282775878906	-0.16149963438510895	0.04013597220182419	-0.16431353986263275	0.16627410054206848	-0.07711447775363922	-0.13113819062709808	0.15115609765052795	-0.06464514881372452	0.11536218971014023	-0.03478730097413063	-0.06160518154501915	0.039699800312519073	-0.09437654167413712	-0.26571717858314514	-0.19669049978256226	-0.1498437076807022	-0.09176716208457947	0.2605834901332855	0.14555470645427704	-0.2030772566795349	-0.19322988390922546	0.1218579038977623	-0.08389946073293686	-0.08823947608470917	-0.06352748721837997	0.11558254808187485	0.0036305042449384928	0.1525002270936966
-0.005540368612855673	-0.054458703845739365	0.19335728883743286	-0.12146791815757751	0.08708678185939789	-0.21519604325294495	0.043468210846185684	0.36058688163757324	-0.26860904693603516	0.21727363765239716	-0.055457185953855515	-0.0405566543340683	-0.13622482120990753	-0.10254823416471481	-0.14214447140693665	0.042477741837501526	0.017620446160435677	-0.055427100509405136	0.2035757154226303	-0.18367807567119598	-0.0552368201315403	-0.08701888471841812	0.07527358829975128	-0.10785757005214691	0.03132752701640129	0.1805586963891983	-0.08199991285800934	0.22151057422161102	0.12624140083789825	0.14220429956912994	-0.038041383028030396	0.1632213443517685	-0.12135707587003708	-0.021099889650940895	-0.04568194970488548	0.15763282775878906	-0.16149963438510895	0.04013597220182419	-0.16431353986263275	0.16627410054206848	-0.07711447775363922	-0.13113819062709808	0.15115609765052795	-0.06464514881372452	0.11536218971014023	-0.03478730097413063	-0.06160518154501915	0.039699800312519073	-0.09437654167413712	-0.26571717858314514	-0.19669049978256226	-0.1498437076807022	-0.09176716208457947	0.2605834901332855	0.14555470645427704	-0.2030772566795349	-0.19322988390922546	0.1218579038977623	-0.08389946073293686	-0.08823947608470917	-0.06352748721837997	0.11558254808187485	0.0036305042449384928	0.1525002270936966
-0.08726175874471664	0.007258223369717598	-0.11909319460391998	0.13861703872680664	0.11462821066379547	0.0933363065123558	-0.0031730325426906347	-0.24926869571208954	0.21963173151016235	-0.14526309072971344	0.0842147246003151	0.15545527637004852	0.15138570964336395	-0.02171877585351467	0.16369269788265228	-0.001529867760837078	-0.05965366214513779	0.046305444091558456	-0.09091267734766006	0.15399831533432007	0.09767749905586243	0.07787619531154633	-0.10700475424528122	0.10252844542264938	-0.0003840902936644852	-0.00756129901856184	-0.014457997865974903	-0.14221273362636566	-0.07552254945039749	-0.0516425222158432	-0.03553510084748268	-0.17055824398994446	0.1146417111158371	-0.09487815201282501	0.05044056102633476	-0.15480872988700867	0.004570788238197565	-0.0475146509706974	0.06268508732318878	-0.15768326818943024	-0.03973495215177536	0.0749296098947525	-0.0636475533246994	-0.014939149841666222	-0.18232659995555878	0.11002202332019806	0.033311471343040466	0.04544375464320183	0.052192844450473785	0.09962007403373718	0.13307887315750122	0.021998144686222076	0.03828279674053192	-0.23679882287979126	-0.08169032633304596	0.14197185635566711	0.09899993985891342	-0.109363853931427	0.06706282496452332	0.08847935497760773	0.09922363609075546	-0.12017592042684555	0.061857812106609344	-0.17577232420444489
-0.005540368612855673	-0.054458703845739365	0.19335728883743286	-0.12146791815757751	0.08708678185939789	-0.21519604325294495	0.043468210846185684	0.36058688163757324	-0.26860904693603516	0.21727363765239716	-0.055457185953855515	-0.0405566543340683	-0.13622482120990753	-0.10254823416471481	-0.14214447140693665	0.042477741837501526	0.017620446160435677	-0.055427100509405136	0.2035757154226303	-0.18367807567119598	-0.0552368201315403	-0.08701888471841812	0.07527358829975128	-0.10785757005214691	0.03132752701640129	0.1805586963891983	-0.08199991285800934	0.22151057422161102	0.12624140083789825	0.14220429956912994	-0.038041383028030396	0.1632213443517685	-0.12135707587003708	-0.021099889650940895	-0.04568194970488548	0.15763282775878906	-0.16149963438510895	0.04013597220182419	-0.16431353986263275	0.16627410054206848	-0.07711447775363922	-0.13113819062709808	0.15115609765052795	-0.06464514881372452	0.11536218971014023	-0.03478730097413063	-0.06160518154501915	0.039699800312519073	-0.09437654167413712	-0.26571717858314514	-0.19669049978256226	-0.1498437076807022	-0.09176716208457947	0.2605834901332855	0.14555470645427704	-0.2030772566795349	-0.19322988390922546	0.1218579038977623	-0.08389946073293686	-0.08823947608470917	-0.06352748721837997	0.11558254808187485	0.0036305042449384928	0.1525002270936966
-0.08726175874471664	0.007258223369717598	-0.11909319460391998	0.13861703872680664	0.11462821066379547	0.0933363065123558	-0.0031730325426906347	-0.24926869571208954	0.21963173151016235	-0.14526309072971344	0.0842147246003151	0.15545527637004852	0.15138570964336395	-0.02171877585351467	0.16369269788265228	-0.001529867760837078	-0.05965366214513779	0.046305444091558456	-0.09091267734766006	0.15399831533432007	0.09767749905586243	0.07787619531154633	-0.10700475424528122	0.10252844542264938	-0.0003840902936644852	-0.00756129901856184	-0.014457997865974903	-0.14221273362636566	-0.07552254945039749	-0.0516425222158432	-0.03553510084748268	-0.17055824398994446	0.1146417111158371	-0.09487815201282501	0.05044056102633476	-0.15480872988700867	0.004570788238197565	-0.0475146509706974	0.06268508732318878	-0.15768326818943024	-0.03973495215177536	0.0749296098947525	-0.0636475533246994	-0.014939149841666222	-0.18232659995555878	0.11002202332019806	0.033311471343040466	0.04544375464320183	0.052192844450473785	0.09962007403373718	0.13307887315750122	0.021998144686222076	0.03828279674053192	-0.23679882287979126	-0.08169032633304596	0.14197185635566711	0.09899993985891342	-0.109363853931427	0.06706282496452332	0.08847935497760773	0.09922363609075546	-0.12017592042684555	0.061857812106609344	-0.17577232420444489
-0.08726175874471664	0.007258223369717598	-0.11909319460391998	0.13861703872680664	0.11462821066379547	0.0933363065123558	-0.0031730325426906347	-0.24926869571208954	0.21963173151016235	-0.14526309072971344	0.0842147246003151	0.15545527637004852	0.15138570964336395	-0.02171877585351467	0.16369269788265228	-0.001529867760837078	-0.05965366214513779	0.046305444091558456	-0.09091267734766006	0.15399831533432007	0.09767749905586243	0.07787619531154633	-0.10700475424528122	0.10252844542264938	-0.0003840902936644852	-0.00756129901856184	-0.014457997865974903	-0.14221273362636566	-0.07552254945039749	-0.0516425222158432	-0.03553510084748268	-0.17055824398994446	0.1146417111158371	-0.09487815201282501	0.05044056102633476	-0.15480872988700867	0.004570788238197565	-0.0475146509706974	0.06268508732318878	-0.15768326818943024	-0.03973495215177536	0.0749296098947525	-0.0636475533246994	-0.014939149841666222	-0.18232659995555878	0.11002202332019806	0.033311471343040466	0.04544375464320183	0.052192844450473785	0.09962007403373718	0.13307887315750122	0.021998144686222076	0.03828279674053192	-0.23679882287979126	-0.08169032633304596	0.14197185635566711	0.09899993985891342	-0.109363853931427	0.06706282496452332	0.08847935497760773	0.09922363609075546	-0.12017592042684555	0.061857812106609344	-0.17577232420444489
-0.08726175874471664	0.007258223369717598	-0.11909319460391998	0.13861703872680664	0.11462821066379547	0.0933363065123558	-0.0031730325426906347	-0.24926869571208954	0.21963173151016235	-0.14526309072971344	0.0842147246003151	0.15545527637004852	0.15138570964336395	-0.02171877585351467	0.16369269788265228	-0.001529867760837078	-0.05965366214513779	0.046305444091558456	-0.09091267734766006	0.15399831533432007	0.09767749905586243	0.07787619531154633	-0.10700475424528122	0.10252844542264938	-0.0003840902936644852	-0.00756129901856184	-0.014457997865974903	-0.14221273362636566	-0.07552254945039749	-0.0516425222158432	-0.03553510084748268	-0.17055824398994446	0.1146417111158371	-0.09487815201282501	0.05044056102633476	-0.15480872988700867	0.004570788238197565	-0.0475146509706974	0.06268508732318878	-0.15768326818943024	-0.03973495215177536	0.0749296098947525	-0.0636475533246994	-0.014939149841666222	-0.18232659995555878	0.11002202332019806	0.033311471343040466	0.04544375464320183	0.052192844450473785	0.09962007403373718	0.13307887315750122	0.021998144686222076	0.03828279674053192	-0.23679882287979126	-0.08169032633304596	0.14197185635566711	0.09899993985891342	-0.109363853931427	0.06706282496452332	0.08847935497760773	0.09922363609075546	-0.12017592042684555	0.061857812106609344	-0.17577232420444489
-0.005540368612855673	-0.054458703845739365	0.19335728883743286	-0.12146791815757751	0.08708678185939789	-0.21519604325294495	0.043468210846185684	0.36058688163757324	-0.26860904693603516	0.21727363765239716	-0.055457185953855515	-0.0405566543340683	-0.13622482120990753	-0.10254823416471481	-0.14214447140693665	0.042477741837501526	0.017620446160435677	-0.055427100509405136	0.2035757154226303	-0.18367807567119598	-0.0552368201315403	-0.08701888471841812	0.07527358829975128	-0.10785757005214691	0.03132752701640129	0.1805586963891983	-0.08199991285800934	0.22151057422161102	0.12624140083789825	0.14220429956912994	-0.038041383028030396	0.1632213443517685	-0.12135707587003708	-0.021099889650940895	-0.04568194970488548	0.15763282775878906	-0.16149963438510895	0.04013597220182419	-0.16431353986263275	0.16627410054206848	-0.07711447775363922	-0.13113819062709808	0.15115609765052795	-0.06464514881372452	0.11536218971014023	-0.03478730097413063	-0.06160518154501915	0.039699800312519073	-0.09437654167413712	-0.26571717858314514	-0.19669049978256226	-0.1498437076807022	-0.09176716208457947	0.2605834901332855	0.14555470645427704	-0.2030772566795349	-0.19322988390922546	0.1218579038977623	-0.08389946073293686	-0.08823947608470917	-0.06352748721837997	0.11558254808187485	0.0036305042449384928	0.1525002270936966
0.08116396516561508	0.006310942582786083	0.022666024044156075	-0.0710112452507019	-0.07233849912881851	-0.0014496410731226206	0.07404519617557526	-0.024173710495233536	0.056532230228185654	0.08120176941156387	-0.07378101348876953	-0.048160869628190994	-0.027221372351050377	0.013350208289921284	0.013621262274682522	-0.03941179811954498	-0.01563783921301365	0.04654980078339577	0.07076197862625122	-0.0816512405872345	-0.06828247010707855	-0.07207781821489334	-0.05553498491644859	0.06383857131004333	0.08215837180614471	-0.049400001764297485	-0.04925739765167236	0.029882827773690224	-0.04821844771504402	0.011331534944474697	-0.02791503258049488	-0.08697552233934402	-0.03601594641804695	0.0005842244136147201	-0.09790197014808655	0.0221080482006073	0.02058367244899273	0.011607863940298557	0.08170704543590546	-0.0526919960975647	0.014193526469171047	0.06857618689537048	0.03166358545422554	-0.031849220395088196	0.09623345732688904	-0.014070197939872742	-0.08467811346054077	-0.02204972878098488	0.02614879608154297	0.056857697665691376	0.030889324843883514	-0.009733966551721096	0.028169605880975723	-0.04084246605634689	-0.011094833724200726	-0.04438548535108566	-0.02952338196337223	0.045149024575948715	-0.06341351568698883	0.02507098950445652	-0.05548906326293945	0.08696681261062622	0.0048586903139948845	0.033686600625514984
-0.005540368612855673	-0.054458703845739365	0.19335728883743286	-0.12146791815757751	0.08708678185939789	-0.21519604325294495	0.043468210846185684	0.36058688163757324	-0.26860904693603516	0.21727363765239716	-0.055457185953855515	-0.0405566543340683	-0.13622482120990753	-0.10254823416471481	-0.14214447140693665	0.042477741837501526	0.017620446160435677	-0.055427100509405136	0.2035757154226303	-0.18367807567119598	-0.0552368201315403	-0.08701888471841812	0.07527358829975128	-0.10785757005214691	0.03132752701640129	0.1805586963891983	-0.08199991285800934	0.22151057422161102	0.12624140083789825	0.14220429956912994	-0.038041383028030396	0.1632213443517685	-0.12135707587003708	-0.021099889650940895	-0.04568194970488548	0.15763282775878906	-0.16149963438510895	0.04013597220182419	-0.16431353986263275	0.16627410054206848	-0.07711447775363922	-0.13113819062709808	0.15115609765052795	-0.06464514881372452	0.11536218971014023	-0.03478730097413063	-0.06160518154501915	0.039699800312519073	-0.09437654167413712	-0.26571717858314514	-0.19669049978256226	-0.1498437076807022	-0.09176716208457947	0.2605834901332855	0.14555470645427704	-0.2030772566795349	-0.19322988390922546	0.1218579038977623	-0.08389946073293686	-0.08823947608470917	-0.06352748721837997	0.11558254808187485	0.0036305042449384928	0.1525002270936966
-0.08726175874471664	0.007258223369717598	-0.11909319460391998	0.13861703872680664	0.11462821066379547	0.0933363065123558	-0.0031730325426906347	-0.24926869571208954	0.21963173151016235	-0.14526309072971344	0.0842147246003151	0.15545527637004852	0.15138570964336395	-0.02171877585351467	0.16369269788265228	-0.001529867760837078	-0.05965366214513779	0.046305444091558456	-0.09091267734766006	0.15399831533432007	0.09767749905586243	0.07787619531154633	-0.10700475424528122	0.10252844542264938	-0.0003840902936644852	-0.00756129901856184	-0.014457997865974903	-0.14221273362636566	-0.07552254945039749	-0.0516425222158432	-0.03553510084748268	-0.17055824398994446	0.1146417111158371	-0.09487815201282501	0.05044056102633476	-0.15480872988700867	0.004570788238197565	-0.0475146509706974	0.06268508732318878	-0.15768326818943024	-0.03973495215177536	0.0749296098947525	-0.0636475533246994	-0.014939149841666222	-0.18232659995555878	0.11002202332019806	0.033311471343040466	0.04544375464320183	0.052192844450473785	0.09962007403373718	0.13307887315750122	0.021998144686222076	0.03828279674053192	-0.23679882287979126	-0.08169032633304596	0.14197185635566711	0.09899993985891342	-0.109363853931427	0.06706282496452332	0.08847935497760773	0.09922363609075546	-0.12017592042684555	0.061857812106609344	-0.17577232420444489
-0.07433612644672394	0.04944539815187454	-0.12472765892744064	0.08360902220010757	-0.05512083321809769	0.09909230470657349	0.06381590664386749	-0.031858835369348526	0.041558727622032166	-0.0608585886657238	-0.000545004615560174	0.09172520786523819	0.054548345506191254	-0.08035594969987869	0.011707024648785591	-0.003024728037416935	0.07149409502744675	-0.020776905119419098	-0.012386403977870941	-0.04822733253240585	-0.05423537269234657	0.01671617664396763	-0.0734582394361496	0.0879814550280571	-0.0607786700129509	0.06495903432369232	-0.05310641974210739	-0.06970535963773727	-0.10276991128921509	-0.023150237277150154	-0.02130979113280773	-0.048095814883708954	-0.005666122771799564	0.04321169853210449	0.046491589397192	-0.07808869332075119	0.10227972269058228	-0.05852265655994415	0.053302548825740814	0.07206448912620544	-0.0758686289191246	-0.0724669024348259	0.05191656947135925	-0.06705943495035172	0.025406809523701668	0.023338785395026207	0.016545327380299568	-0.027595100924372673	-0.07019542157649994	0.07632608711719513	-0.0541495643556118	-0.06362883746623993	-0.05727265402674675	0.006307053379714489	0.06686732918024063	-0.007214631885290146	0.1062275767326355	0.01579524576663971	0.07050888240337372	0.023257290944457054	-0.05829266831278801	0.0006626701797358692	-0.042199913412332535	-0.12078343331813812
-0.005540368612855673	-0.054458703845739365	0.19335728883743286	-0.12146791815757751	0.08708678185939789	-0.21519604325294495	0.043468210846185684	0.36058688163757324	-0.26860904693603516	0.21727363765239716	-0.055457185953855515	-0.0405566543340683	-0.13622482120990753	-0.10254823416471481	-0.14214447140693665	0.042477741837501526	0.017620446160435677	-0.055427100509405136	0.2035757154226303	-0.18367807567119598	-0.0552368201315403	-0.08701888471841812	0.07527358829975128	-0.10785757005214691	0.03132752701640129	0.1805586963891983	-0.08199991285800934	0.22151057422161102	0.12624140083789825	0.14220429956912994	-0.038041383028030396	0.1632213443517685	-0.12135707587003708	-0.021099889650940895	-0.04568194970488548	0.15763282775878906	-0.16149963438510895	0.04013597220182419	-0.16431353986263275	0.16627410054206848	-0.07711447775363922	-0.13113819062709808	0.15115609765052795	-0.06464514881372452	0.11536218971014023	-0.03478730097413063	-0.06160518154501915	0.039699800312519073	-0.09437654167413712	-0.26571717858314514	-0.19669049978256226	-0.1498437076807022	-0.09176716208457947	0.2605834901332855	0.14555470645427704	-0.2030772566795349	-0.19322988390922546	0.1218579038977623	-0.08389946073293686	-0.08823947608470917	-0.06352748721837997	0.11558254808187485	0.0036305042449384928	0.1525002270936966
-0.08726175874471664	0.007258223369717598	-0.11909319460391998	0.13861703872680664	0.11462821066379547	0.0933363065123558	-0.0031730325426906347	-0.24926869571208954	0.21963173151016235	-0.14526309072971344	0.0842147246003151	0.15545527637004852	0.15138570964336395	-0.02171877585351467	0.16369269788265228	-0.001529867760837078	-0.05965366214513779	0.046305444091558456	-0.09091267734766006	0.15399831533432007	0.09767749905586243	0.07787619531154633	-0.10700475424528122	0.10252844542264938	-0.0003840902936644852	-0.00756129901856184	-0.014457997865974903	-0.14221273362636566	-0.07552254945039749	-0.0516425222158432	-0.03553510084748268	-0.17055824398994446	0.1146417111158371	-0.09487815201282501	0.05044056102633476	-0.15480872988700867	0.004570788238197565	-0.0475146509706974	0.06268508732318878	-0.15768326818943024	-0.03973495215177536	0.0749296098947525	-0.0636475533246994	-0.014939149841666222	-0.18232659995555878	0.11002202332019806	0.033311471343040466	0.04544375464320183	0.052192844450473785	0.09962007403373718	0.13307887315750122	0.021998144686222076	0.03828279674053192	-0.23679882287979126	-0.08169032633304596	0.14197185635566711	0.09899993985891342	-0.109363853931427	0.06706282496452332	0.08847935497760773	0.09922363609075546	-0.12017592042684555	0.061857812106609344	-0.17577232420444489
-0.08726175874471664	0.007258223369717598	-0.11909319460391998	0.13861703872680664	0.11462821066379547	0.0933363065123558	-0.0031730325426906347	-0.24926869571208954	0.21963173151016235	-0.14526309072971344	0.0842147246003151	0.15545527637004852	0.15138570964336395	-0.02171877585351467	0.16369269788265228	-0.001529867760837078	-0.05965366214513779	0.046305444091558456	-0.09091267734766006	0.15399831533432007	0.09767749905586243	0.07787619531154633	-0.10700475424528122	0.10252844542264938	-0.0003840902936644852	-0.00756129901856184	-0.014457997865974903	-0.14221273362636566	-0.07552254945039749	-0.0516425222158432	-0.03553510084748268	-0.17055824398994446	0.1146417111158371	-0.09487815201282501	0.05044056102633476	-0.15480872988700867	0.004570788238197565	-0.0475146509706974	0.06268508732318878	-0.15768326818943024	-0.03973495215177536	0.0749296098947525	-0.0636475533246994	-0.014939149841666222	-0.18232659995555878	0.11002202332019806	0.033311471343040466	0.04544375464320183	0.052192844450473785	0.09962007403373718	0.13307887315750122	0.021998144686222076	0.03828279674053192	-0.23679882287979126	-0.08169032633304596	0.14197185635566711	0.09899993985891342	-0.109363853931427	0.06706282496452332	0.08847935497760773	0.09922363609075546	-0.12017592042684555	0.061857812106609344	-0.17577232420444489
-0.08726175874471664	0.007258223369717598	-0.11909319460391998	0.13861703872680664	0.11462821066379547	0.0933363065123558	-0.0031730325426906347	-0.24926869571208954	0.21963173151016235	-0.14526309072971344	0.0842147246003151	0.15545527637004852	0.15138570964336395	-0.02171877585351467	0.16369269788265228	-0.001529867760837078	-0.05965366214513779	0.046305444091558456	-0.09091267734766006	0.15399831533432007	0.09767749905586243	0.07787619531154633	-0.10700475424528122	0.10252844542264938	-0.0003840902936644852	-0.00756129901856184	-0.014457997865974903	-0.14221273362636566	-0.07552254945039749	-0.0516425222158432	-0.03553510084748268	-0.17055824398994446	0.1146417111158371	-0.09487815201282501	0.05044056102633476	-0.15480872988700867	0.004570788238197565	-0.0475146509706974	0.06268508732318878	-0.15768326818943024	-0.03973495215177536	0.0749296098947525	-0.0636475533246994	-0.014939149841666222	-0.18232659995555878	0.11002202332019806	0.033311471343040466	0.04544375464320183	0.052192844450473785	0.09962007403373718	0.13307887315750122	0.021998144686222076	0.03828279674053192	-0.23679882287979126	-0.08169032633304596	0.14197185635566711	0.09899993985891342	-0.109363853931427	0.06706282496452332	0.08847935497760773	0.09922363609075546	-0.12017592042684555	0.061857812106609344	-0.17577232420444489
-0.005540368612855673	-0.054458703845739365	0.19335728883743286	-0.12146791815757751	0.08708678185939789	-0.21519604325294495	0.043468210846185684	0.36058688163757324	-0.26860904693603516	0.21727363765239716	-0.055457185953855515	-0.0405566543340683	-0.13622482120990753	-0.10254823416471481	-0.14214447140693665	0.042477741837501526	0.017620446160435677	-0.055427100509405136	0.2035757154226303	-0.18367807567119598	-0.0552368201315403	-0.08701888471841812	0.07527358829975128	-0.10785757005214691	0.03132752701640129	0.1805586963891983	-0.08199991285800934	0.22151057422161102	0.12624140083789825	0.14220429956912994	-0.038041383028030396	0.1632213443517685	-0.12135707587003708	-0.021099889650940895	-0.04568194970488548	0.15763282775878906	-0.16149963438510895	0.04013597220182419	-0.16431353986263275	0.16627410054206848	-0.07711447775363922	-0.13113819062709808	0.15115609765052795	-0.06464514881372452	0.11536218971014023	-0.03478730097413063	-0.06160518154501915	0.039699800312519073	-0.09437654167413712	-0.26571717858314514	-0.19669049978256226	-0.1498437076807022	-0.09176716208457947	0.2605834901332855	0.14555470645427704	-0.2030772566795349	-0.19322988390922546	0.1218579038977623	-0.08389946073293686	-0.08823947608470917	-0.06352748721837997	0.11558254808187485	0.0036305042449384928	0.1525002270936966
-0.046601880341768265	-0.08916127681732178	-0.011013776063919067	-0.02156582660973072	-0.01792668178677559	-0.04649884253740311	0.03280356153845787	-0.06287717074155807	0.047341134399175644	-0.07518688589334488	-0.008863299153745174	-0.09737329185009003	-0.01929297484457493	0.08731696009635925	-0.020949384197592735	0.04645351320505142	0.04536091163754463	-0.023591723293066025	-0.01821109466254711	-0.03557388857007027	0.09040860831737518	0.005667515564709902	-0.07205992937088013	-0.0381673127412796	-0.08159685879945755	0.09929967671632767	0.04735174775123596	-0.027698317542672157	0.04503750056028366	0.08853694051504135	-0.0036467108875513077	-0.05844394862651825	-0.03219360485672951	-0.0387788824737072	0.05055199936032295	0.020215969532728195	0.06095343455672264	0.024518132209777832	0.034347593784332275	0.08343218266963959	-0.01319356169551611	-0.08005747199058533	-0.09641528129577637	-0.03263206407427788	-0.03846560791134834	-0.043048154562711716	0.05545903742313385	-0.0361974835395813	-0.06749430298805237	0.007493903860449791	0.02517552487552166	-0.06459129601716995	-0.07180508226156235	0.07303901761770248	-0.036649201065301895	0.051107097417116165	-0.031174128875136375	0.04173678904771805	0.017618151381611824	-0.025274233892560005	-0.0011499077081680298	-0.07172894477844238	0.08089084178209305	0.0438186451792717
0.07503528892993927	-0.07813660055398941	-0.035519637167453766	-0.06660005450248718	-0.02356291562318802	-0.06157143786549568	-0.09152036905288696	0.04145602881908417	-0.04127298295497894	-0.043174274265766144	-0.06487090140581131	-0.026572583243250847	0.09943315386772156	0.026079880073666573	0.008672775700688362	-0.0896645113825798	0.07776721566915512	0.04944820702075958	0.0728764533996582	-0.05984607711434364	-0.04163778945803642	0.05004660785198212	-0.1025107353925705	0.0072568305768072605	0.016080915927886963	0.002089451299980283	-0.08172490447759628	-0.004635803867131472	-0.1016170009970665	-0.0019467694219201803	0.03233078122138977	-0.09206783026456833	0.05738421157002449	0.049550265073776245	0.08714835345745087	-0.018268397077918053	-0.09389734268188477	0.05358891934156418	-0.010087031871080399	-0.025441767647862434	0.046378348022699356	-0.08315879851579666	0.039503660053014755	0.08481252938508987	0.06782983988523483	0.06252649426460266	0.08059126138687134	0.05088506266474724	0.06974808871746063	-0.08673711866140366	0.05887484923005104	-0.02830049768090248	-0.03711850941181183	-0.039953891187906265	0.006857139524072409	0.032712142914533615	0.09208023548126221	0.0004012262506876141	-0.055822692811489105	0.06617839634418488	0.02718641236424446	-0.06816215813159943	-0.0234310794621706	0.06260214000940323
-0.005540368612855673	-0.054458703845739365	0.19335728883743286	-0.12146791815757751	0.08708678185939789	-0.21519604325294495	0.043468210846185684	0.36058688163757324	-0.26860904693603516	0.21727363765239716	-0.055457185953855515	-0.0405566543340683	-0.13622482120990753	-0.10254823416471481	-0.14214447140693665	0.042477741837501526	0.017620446160435677	-0.055427100509405136	0.2035757154226303	-0.18367807567119598	-0.0552368201315403	-0.08701888471841812	0.07527358829975128	-0.10785757005214691	0.03132752701640129	0.1805586963891983	-0.08199991285800934	0.22151057422161102	0.12624140083789825	0.14220429956912994	-0.038041383028030396	0.1632213443517685	-0.12135707587003708	-0.021099889650940895	-0.04568194970488548	0.15763282775878906	-0.16149963438510895	0.04013597220182419	-0.16431353986263275	0.16627410054206848	-0.07711447775363922	-0.13113819062709808	0.15115609765052795	-0.06464514881372452	0.11536218971014023	-0.03478730097413063	-0.06160518154501915	0.039699800312519073	-0.09437654167413712	-0.26571717858314514	-0.19669049978256226	-0.1498437076807022	-0.09176716208457947	0.2605834901332855	0.14555470645427704	-0.2030772566795349	-0.19322988390922546	0.1218579038977623	-0.08389946073293686	-0.08823947608470917	-0.06352748721837997	0.11558254808187485	0.0036305042449384928	0.1525002270936966
-0.005540368612855673	-0.054458703845739365	0.19335728883743286	-0.12146791815757751	0.08708678185939789	-0.21519604325294495	0.043468210846185684	0.36058688163757324	-0.26860904693603516	0.21727363765239716	-0.055457185953855515	-0.0405566543340683	-0.13622482120990753	-0.10254823416471481	-0.14214447140693665	0.042477741837501526	0.017620446160435677	-0.055427100509405136	0.2035757154226303	-0.18367807567119598	-0.0552368201315403	-0.08701888471841812	0.07527358829975128	-0.10785757005214691	0.03132752701640129	0.1805586963891983	-0.08199991285800934	0.22151057422161102	0.12624140083789825	0.14220429956912994	-0.038041383028030396	0.1632213443517685	-0.12135707587003708	-0.021099889650940895	-0.04568194970488548	0.15763282775878906	-0.16149963438510895	0.04013597220182419	-0.16431353986263275	0.16627410054206848	-0.07711447775363922	-0.13113819062709808	0.15115609765052795	-0.06464514881372452	0.11536218971014023	-0.03478730097413063	-0.06160518154501915	0.039699800312519073	-0.09437654167413712	-0.26571717858314514	-0.19669049978256226	-0.1498437076807022	-0.09176716208457947	0.2605834901332855	0.14555470645427704	-0.2030772566795349	-0.19322988390922546	0.1218579038977623	-0.08389946073293686	-0.08823947608470917	-0.06352748721837997	0.11558254808187485	0.0036305042449384928	0.1525002270936966
-0.005540368612855673	-0.054458703845739365	0.19335728883743286	-0.12146791815757751	0.08708678185939789	-0.21519604325294495	0.043468210846185684	0.36058688163757324	-0.26860904693603516	0.21727363765239716	-0.055457185953855515	-0.0405566543340683	-0.13622482120990753	-0.10254823416471481	-0.14214447140693665	0.042477741837501526	0.017620446160435677	-0.055427100509405136	0.2035757154226303	-0.18367807567119598	-0.0552368201315403	-0.08701888471841812	0.07527358829975128	-0.10785757005214691	0.03132752701640129	0.1805586963891983	-0.08199991285800934	0.22151057422161102	0.12624140083789825	0.14220429956912994	-0.038041383028030396	0.1632213443517685	-0.12135707587003708	-0.021099889650940895	-0.04568194970488548	0.15763282775878906	-0.16149963438510895	0.04013597220182419	-0.16431353986263275	0.16627410054206848	-0.07711447775363922	-0.13113819062709808	0.15115609765052795	-0.06464514881372452	0.11536218971014023	-0.03478730097413063	-0.06160518154501915	0.039699800312519073	-0.09437654167413712	-0.26571717858314514	-0.19669049978256226	-0.1498437076807022	-0.09176716208457947	0.2605834901332855	0.14555470645427704	-0.2030772566795349	-0.19322988390922546	0.1218579038977623	-0.08389946073293686	-0.08823947608470917	-0.06352748721837997	0.11558254808187485	0.0036305042449384928	0.1525002270936966
-0.08726175874471664	0.007258223369717598	-0.11909319460391998	0.13861703872680664	0.11462821066379547	0.0933363065123558	-0.0031730325426906347	-0.24926869571208954	0.21963173151016235	-0.14526309072971344	0.0842147246003151	0.15545527637004852	0.15138570964336395	-0.02171877585351467	0.16369269788265228	-0.001529867760837078	-0.05965366214513779	0.046305444091558456	-0.09091267734766006	0.15399831533432007	0.09767749905586243	0.07787619531154633	-0.10700475424528122	0.10252844542264938	-0.0003840902936644852	-0.00756129901856184	-0.014457997865974903	-0.14221273362636566	-0.07552254945039749	-0.0516425222158432	-0.03553510084748268	-0.17055824398994446	0.1146417111158371	-0.09487815201282501	0.05044056102633476	-0.15480872988700867	0.004570788238197565	-0.0475146509706974	0.06268508732318878	-0.15768326818943024	-0.03973495215177536	0.0749296098947525	-0.0636475533246994	-0.014939149841666222	-0.18232659995555878	0.11002202332019806	0.033311471343040466	0.04544375464320183	0.052192844450473785	0.09962007403373718	0.13307887315750122	0.021998144686222076	0.03828279674053192	-0.23679882287979126	-0.08169032633304596	0.14197185635566711	0.09899993985891342	-0.109363853931427	0.06706282496452332	0.08847935497760773	0.09922363609075546	-0.12017592042684555	0.061857812106609344	-0.17577232420444489
-0.08726175874471664	0.007258223369717598	-0.11909319460391998	0.13861703872680664	0.11462821066379547	0.0933363065123558	-0.0031730325426906347	-0.24926869571208954	0.21963173151016235	-0.14526309072971344	0.0842147246003151	0.15545527637004852	0.15138570964336395	-0.02171877585351467	0.16369269788265228	-0.001529867760837078	-0.05965366214513779	0.046305444091558456	-0.09091267734766006	0.15399831533432007	0.09767749905586243	0.07787619531154633	-0.10700475424528122	0.10252844542264938	-0.0003840902936644852	-0.00756129901856184	-0.014457997865974903	-0.14221273362636566	-0.07552254945039749	-0.0516425222158432	-0.03553510084748268	-0.17055824398994446	0.1146417111158371	-0.09487815201282501	0.05044056102633476	-0.15480872988700867	0.004570788238197565	-0.0475146509706974	0.06268508732318878	-0.15768326818943024	-0.03973495215177536	0.0749296098947525	-0.0636475533246994	-0.014939149841666222	-0.18232659995555878	0.11002202332019806	0.033311471343040466	0.04544375464320183	0.052192844450473785	0.09962007403373718	0.13307887315750122	0.021998144686222076	0.03828279674053192	-0.23679882287979126	-0.08169032633304596	0.14197185635566711	0.09899993985891342	-0.109363853931427	0.06706282496452332	0.08847935497760773	0.09922363609075546	-0.12017592042684555	0.061857812106609344	-0.17577232420444489
-0.08726175874471664	0.007258223369717598	-0.11909319460391998	0.13861703872680664	0.11462821066379547	0.0933363065123558	-0.0031730325426906347	-0.24926869571208954	0.21963173151016235	-0.14526309072971344	0.0842147246003151	0.15545527637004852	0.15138570964336395	-0.02171877585351467	0.16369269788265228	-0.001529867760837078	-0.05965366214513779	0.046305444091558456	-0.09091267734766006	0.15399831533432007	0.09767749905586243	0.07787619531154633	-0.10700475424528122	0.10252844542264938	-0.0003840902936644852	-0.00756129901856184	-0.014457997865974903	-0.14221273362636566	-0.07552254945039749	-0.0516425222158432	-0.03553510084748268	-0.17055824398994446	0.1146417111158371	-0.09487815201282501	0.05044056102633476	-0.15480872988700867	0.004570788238197565	-0.0475146509706974	0.06268508732318878	-0.15768326818943024	-0.03973495215177536	0.0749296098947525	-0.0636475533246994	-0.014939149841666222	-0.18232659995555878	0.11002202332019806	0.033311471343040466	0.04544375464320183	0.052192844450473785	0.09962007403373718	0.13307887315750122	0.021998144686222076	0.03828279674053192	-0.23679882287979126	-0.08169032633304596	0.14197185635566711	0.09899993985891342	-0.109363853931427	0.06706282496452332	0.08847935497760773	0.09922363609075546	-0.12017592042684555	0.061857812106609344	-0.17577232420444489
-0.08726175874471664	0.007258223369717598	-0.11909319460391998	0.13861703872680664	0.11462821066379547	0.0933363065123558	-0.0031730325426906347	-0.24926869571208954	0.21963173151016235	-0.14526309072971344	0.0842147246003151	0.15545527637004852	0.15138570964336395	-0.02171877585351467	0.16369269788265228	-0.001529867760837078	-0.05965366214513779	0.046305444091558456	-0.09091267734766006	0.15399831533432007	0.09767749905586243	0.07787619531154633	-0.10700475424528122	0.10252844542264938	-0.0003840902936644852	-0.00756129901856184	-0.014457997865974903	-0.14221273362636566	-0.07552254945039749	-0.0516425222158432	-0.03553510084748268	-0.17055824398994446	0.1146417111158371	-0.09487815201282501	0.05044056102633476	-0.15480872988700867	0.004570788238197565	-0.0475146509706974	0.06268508732318878	-0.15768326818943024	-0.03973495215177536	0.0749296098947525	-0.0636475533246994	-0.014939149841666222	-0.18232659995555878	0.11002202332019806	0.033311471343040466	0.04544375464320183	0.052192844450473785	0.09962007403373718	0.13307887315750122	0.021998144686222076	0.03828279674053192	-0.23679882287979126	-0.08169032633304596	0.14197185635566711	0.09899993985891342	-0.109363853931427	0.06706282496452332	0.08847935497760773	0.09922363609075546	-0.12017592042684555	0.061857812106609344	-0.17577232420444489
-0.08726175874471664	0.007258223369717598	-0.11909319460391998	0.13861703872680664	0.11462821066379547	0.0933363065123558	-0.0031730325426906347	-0.24926869571208954	0.21963173151016235	-0.14526309072971344	0.0842147246003151	0.15545527637004852	0.15138570964336395	-0.02171877585351467	0.16369269788265228	-0.001529867760837078	-0.05965366214513779	0.046305444091558456	-0.09091267734766006	0.15399831533432007	0.09767749905586243	0.07787619531154633	-0.10700475424528122	0.10252844542264938	-0.0003840902936644852	-0.00756129901856184	-0.014457997865974903	-0.14221273362636566	-0.07552254945039749	-0.0516425222158432	-0.03553510084748268	-0.17055824398994446	0.1146417111158371	-0.09487815201282501	0.05044056102633476	-0.15480872988700867	0.004570788238197565	-0.0475146509706974	0.06268508732318878	-0.15768326818943024	-0.03973495215177536	0.0749296098947525	-0.0636475533246994	-0.014939149841666222	-0.18232659995555878	0.11002202332019806	0.033311471343040466	0.04544375464320183	0.052192844450473785	0.09962007403373718	0.13307887315750122	0.021998144686222076	0.03828279674053192	-0.23679882287979126	-0.08169032633304596	0.14197185635566711	0.09899993985891342	-0.109363853931427	0.06706282496452332	0.08847935497760773	0.09922363609075546	-0.12017592042684555	0.061857812106609344	-0.17577232420444489
-0.005540368612855673	-0.054458703845739365	0.19335728883743286	-0.12146791815757751	0.08708678185939789	-0.21519604325294495	0.043468210846185684	0.36058688163757324	-0.26860904693603516	0.21727363765239716	-0.055457185953855515	-0.0405566543340683	-0.13622482120990753	-0.10254823416471481	-0.14214447140693665	0.042477741837501526	0.017620446160435677	-0.055427100509405136	0.2035757154226303	-0.18367807567119598	-0.0552368201315403	-0.08701888471841812	0.07527358829975128	-0.10785757005214691	0.03132752701640129	0.1805586963891983	-0.08199991285800934	0.22151057422161102	0.12624140083789825	0.14220429956912994	-0.038041383028030396	0.1632213443517685	-0.12135707587003708	-0.021099889650940895	-0.04568194970488548	0.15763282775878906	-0.16149963438510895	0.04013597220182419	-0.16431353986263275	0.16627410054206848	-0.07711447775363922	-0.13113819062709808	0.15115609765052795	-0.06464514881372452	0.11536218971014023	-0.03478730097413063	-0.06160518154501915	0.039699800312519073	-0.09437654167413712	-0.26571717858314514	-0.19669049978256226	-0.1498437076807022	-0.09176716208457947	0.2605834901332855	0.14555470645427704	-0.2030772566795349	-0.19322988390922546	0.1218579038977623	-0.08389946073293686	-0.08823947608470917	-0.06352748721837997	0.11558254808187485	0.0036305042449384928	0.1525002270936966
-0.07644042372703552	0.03280193731188774	0.028897104784846306	-0.022979067638516426	-0.06401348859071732	-0.03477269783616066	0.0909198597073555	0.037440765649080276	0.056938476860523224	0.06606990098953247	0.009755773469805717	0.03461318463087082	0.06557797640562057	-0.05306678265333176	0.09849721193313599	-0.07069947570562363	-0.039638955146074295	0.08217065036296844	-0.10251548886299133	-0.021876109763979912	-0.04519239813089371	-0.0934620127081871	-0.05616654455661774	0.023945223540067673	-0.04406038299202919	-0.06015566736459732	-0.0761626660823822	-0.013541319407522678	-0.049041472375392914	0.04373232647776604	-0.09184306859970093	-0.05915508419275284	0.023101553320884705	-0.04449049383401871	-0.08854838460683823	0.006678054574877024	0.010253043845295906	0.048299554735422134	-0.08821713179349899	-0.03353710472583771	0.07300599664449692	0.10383927822113037	0.08202988654375076	0.00034052913542836905	-0.0291089229285717	-0.065807044506073	0.09139253199100494	0.09166145324707031	0.0176830030977726	0.08256839960813522	0.09117646515369415	0.06614107638597488	0.0018168878741562366	0.07543604075908661	-0.08159317076206207	-0.037157975137233734	0.012973272241652012	0.09228330850601196	-0.053218379616737366	-0.09666554629802704	-0.10003252327442169	0.00995846837759018	-0.050284527242183685	0.07661447674036026
-0.08726175874471664	0.007258223369717598	-0.11909319460391998	0.13861703872680664	0.11462821066379547	0.0933363065123558	-0.0031730325426906347	-0.24926869571208954	0.21963173151016235	-0.14526309072971344	0.0842147246003151	0.15545527637004852	0.15138570964336395	-0.02171877585351467	0.16369269788265228	-0.001529867760837078	-0.05965366214513779	0.046305444091558456	-0.09091267734766006	0.15399831533432007	0.09767749905586243	0.07787619531154633	-0.10700475424528122	0.10252844542264938	-0.0003840902936644852	-0.00756129901856184	-0.014457997865974903	-0.14221273362636566	-0.07552254945039749	-0.0516425222158432	-0.03553510084748268	-0.17055824398994446	0.1146417111158371	-0.09487815201282501	0.05044056102633476	-0.15480872988700867	0.004570788238197565	-0.0475146509706974	0.06268508732318878	-0.15768326818943024	-0.03973495215177536	0.0749296098947525	-0.0636475533246994	-0.014939149841666222	-0.18232659995555878	0.11002202332019806	0.033311471343040466	0.04544375464320183	0.052192844450473785	0.09962007403373718	0.13307887315750122	0.021998144686222076	0.03828279674053192	-0.23679882287979126	-0.08169032633304596	0.14197185635566711	0.09899993985891342	-0.109363853931427	0.06706282496452332	0.08847935497760773	0.09922363609075546	-0.12017592042684555	0.061857812106609344	-0.17577232420444489
-0.08726175874471664	0.007258223369717598	-0.11909319460391998	0.13861703872680664	0.11462821066379547	0.0933363065123558	-0.0031730325426906347	-0.24926869571208954	0.21963173151016235	-0.14526309072971344	0.0842147246003151	0.15545527637004852	0.15138570964336395	-0.02171877585351467	0.16369269788265228	-0.001529867760837078	-0.05965366214513779	0.046305444091558456	-0.09091267734766006	0.15399831533432007	0.09767749905586243	0.07787619531154633	-0.10700475424528122	0.10252844542264938	-0.0003840902936644852	-0.00756129901856184	-0.014457997865974903	-0.14221273362636566	-0.07552254945039749	-0.0516425222158432	-0.03553510084748268	-0.17055824398994446	0.1146417111158371	-0.09487815201282501	0.05044056102633476	-0.15480872988700867	0.004570788238197565	-0.0475146509706974	0.06268508732318878	-0.15768326818943024	-0.03973495215177536	0.0749296098947525	-0.0636475533246994	-0.014939149841666222	-0.18232659995555878	0.11002202332019806	0.033311471343040466	0.04544375464320183	0.052192844450473785	0.09962007403373718	0.13307887315750122	0.021998144686222076	0.03828279674053192	-0.23679882287979126	-0.08169032633304596	0.14197185635566711	0.09899993985891342	-0.109363853931427	0.06706282496452332	0.08847935497760773	0.09922363609075546	-0.12017592042684555	0.061857812106609344	-0.17577232420444489
-0.08726175874471664	0.007258223369717598	-0.11909319460391998	0.13861703872680664	0.11462821066379547	0.0933363065123558	-0.0031730325426906347	-0.24926869571208954	0.21963173151016235	-0.14526309072971344	0.0842147246003151	0.15545527637004852	0.15138570964336395	-0.02171877585351467	0.16369269788265228	-0.001529867760837078	-0.05965366214513779	0.046305444091558456	-0.09091267734766006	0.15399831533432007	0.09767749905586243	0.07787619531154633	-0.10700475424528122	0.10252844542264938	-0.0003840902936644852	-0.00756129901856184	-0.014457997865974903	-0.14221273362636566	-0.07552254945039749	-0.0516425222158432	-0.03553510084748268	-0.17055824398994446	0.1146417111158371	-0.09487815201282501	0.05044056102633476	-0.15480872988700867	0.004570788238197565	-0.0475146509706974	0.06268508732318878	-0.15768326818943024	-0.03973495215177536	0.0749296098947525	-0.0636475533246994	-0.014939149841666222	-0.18232659995555878	0.11002202332019806	0.033311471343040466	0.04544375464320183	0.052192844450473785	0.09962007403373718	0.13307887315750122	0.021998144686222076	0.03828279674053192	-0.23679882287979126	-0.08169032633304596	0.14197185635566711	0.09899993985891342	-0.109363853931427	0.06706282496452332	0.08847935497760773	0.09922363609075546	-0.12017592042684555	0.061857812106609344	-0.17577232420444489
-0.005540368612855673	-0.054458703845739365	0.19335728883743286	-0.12146791815757751	0.08708678185939789	-0.21519604325294495	0.043468210846185684	0.36058688163757324	-0.26860904693603516	0.21727363765239716	-0.055457185953855515	-0.0405566543340683	-0.13622482120990753	-0.10254823416471481	-0.14214447140693665	0.042477741837501526	0.017620446160435677	-0.055427100509405136	0.2035757154226303	-0.18367807567119598	-0.0552368201315403	-0.08701888471841812	0.07527358829975128	-0.10785757005214691	0.03132752701640129	0.1805586963891983	-0.08199991285800934	0.22151057422161102	0.12624140083789825	0.14220429956912994	-0.038041383028030396	0.1632213443517685	-0.12135707587003708	-0.021099889650940895	-0.04568194970488548	0.15763282775878906	-0.16149963438510895	0.04013597220182419	-0.16431353986263275	0.16627410054206848	-0.07711447775363922	-0.13113819062709808	0.15115609765052795	-0.06464514881372452	0.11536218971014023	-0.03478730097413063	-0.06160518154501915	0.039699800312519073	-0.09437654167413712	-0.26571717858314514	-0.19669049978256226	-0.1498437076807022	-0.09176716208457947	0.2605834901332855	0.14555470645427704	-0.2030772566795349	-0.19322988390922546	0.1218579038977623	-0.08389946073293686	-0.08823947608470917	-0.06352748721837997	0.11558254808187485	0.0036305042449384928	0.1525002270936966
-0.07433612644672394	0.04944539815187454	-0.12472765892744064	0.08360902220010757	-0.05512083321809769	0.09909230470657349	0.06381590664386749	-0.031858835369348526	0.041558727622032166	-0.0608585886657238	-0.000545004615560174	0.09172520786523819	0.054548345506191254	-0.08035594969987869	0.011707024648785591	-0.003024728037416935	0.07149409502744675	-0.020776905119419098	-0.012386403977870941	-0.04822733253240585	-0.05423537269234657	0.01671617664396763	-0.0734582394361496	0.0879814550280571	-0.0607786700129509	0.06495903432369232	-0.05310641974210739	-0.06970535963773727	-0.10276991128921509	-0.023150237277150154	-0.02130979113280773	-0.048095814883708954	-0.005666122771799564	0.04321169853210449	0.046491589397192	-0.07808869332075119	0.10227972269058228	-0.05852265655994415	0.053302548825740814	0.07206448912620544	-0.0758686289191246	-0.0724669024348259	0.05191656947135925	-0.06705943495035172	0.025406809523701668	0.023338785395026207	0.016545327380299568	-0.027595100924372673	-0.07019542157649994	0.07632608711719513	-0.0541495643556118	-0.06362883746623993	-0.05727265402674675	0.006307053379714489	0.06686732918024063	-0.007214631885290146	0.1062275767326355	0.01579524576663971	0.07050888240337372	0.023257290944457054	-0.05829266831278801	0.0006626701797358692	-0.042199913412332535	-0.12078343331813812
-0.08726175874471664	0.007258223369717598	-0.11909319460391998	0.13861703872680664	0.11462821066379547	0.0933363065123558	-0.0031730325426906347	-0.24926869571208954	0.21963173151016235	-0.14526309072971344	0.0842147246003151	0.15545527637004852	0.15138570964336395	-0.02171877585351467	0.16369269788265228	-0.001529867760837078	-0.05965366214513779	0.046305444091558456	-0.09091267734766006	0.15399831533432007	0.09767749905586243	0.07787619531154633	-0.10700475424528122	0.10252844542264938	-0.0003840902936644852	-0.00756129901856184	-0.014457997865974903	-0.14221273362636566	-0.07552254945039749	-0.0516425222158432	-0.03553510084748268	-0.17055824398994446	0.1146417111158371	-0.09487815201282501	0.05044056102633476	-0.15480872988700867	0.004570788238197565	-0.0475146509706974	0.06268508732318878	-0.15768326818943024	-0.03973495215177536	0.0749296098947525	-0.0636475533246994	-0.014939149841666222	-0.18232659995555878	0.11002202332019806	0.033311471343040466	0.04544375464320183	0.052192844450473785	0.09962007403373718	0.13307887315750122	0.021998144686222076	0.03828279674053192	-0.23679882287979126	-0.08169032633304596	0.14197185635566711	0.09899993985891342	-0.109363853931427	0.06706282496452332	0.08847935497760773	0.09922363609075546	-0.12017592042684555	0.061857812106609344	-0.17577232420444489
-0.08726175874471664	0.007258223369717598	-0.11909319460391998	0.13861703872680664	0.11462821066379547	0.0933363065123558	-0.0031730325426906347	-0.24926869571208954	0.21963173151016235	-0.14526309072971344	0.0842147246003151	0.15545527637004852	0.15138570964336395	-0.02171877585351467	0.16369269788265228	-0.001529867760837078	-0.05965366214513779	0.046305444091558456	-0.09091267734766006	0.15399831533432007	0.09767749905586243	0.07787619531154633	-0.10700475424528122	0.10252844542264938	-0.0003840902936644852	-0.00756129901856184	-0.014457997865974903	-0.14221273362636566	-0.07552254945039749	-0.0516425222158432	-0.03553510084748268	-0.17055824398994446	0.1146417111158371	-0.09487815201282501	0.05044056102633476	-0.15480872988700867	0.004570788238197565	-0.0475146509706974	0.06268508732318878	-0.15768326818943024	-0.03973495215177536	0.0749296098947525	-0.0636475533246994	-0.014939149841666222	-0.18232659995555878	0.11002202332019806	0.033311471343040466	0.04544375464320183	0.052192844450473785	0.09962007403373718	0.13307887315750122	0.021998144686222076	0.03828279674053192	-0.23679882287979126	-0.08169032633304596	0.14197185635566711	0.09899993985891342	-0.109363853931427	0.06706282496452332	0.08847935497760773	0.09922363609075546	-0.12017592042684555	0.061857812106609344	-0.17577232420444489
-0.005540368612855673	-0.054458703845739365	0.19335728883743286	-0.12146791815757751	0.08708678185939789	-0.21519604325294495	0.043468210846185684	0.36058688163757324	-0.26860904693603516	0.21727363765239716	-0.055457185953855515	-0.0405566543340683	-0.13622482120990753	-0.10254823416471481	-0.14214447140693665	0.042477741837501526	0.017620446160435677	-0.055427100509405136	0.2035757154226303	-0.18367807567119598	-0.0552368201315403	-0.08701888471841812	0.07527358829975128	-0.10785757005214691	0.03132752701640129	0.1805586963891983	-0.08199991285800934	0.22151057422161102	0.12624140083789825	0.14220429956912994	-0.038041383028030396	0.1632213443517685	-0.12135707587003708	-0.021099889650940895	-0.04568194970488548	0.15763282775878906	-0.16149963438510895	0.04013597220182419	-0.16431353986263275	0.16627410054206848	-0.07711447775363922	-0.13113819062709808	0.15115609765052795	-0.06464514881372452	0.11536218971014023	-0.03478730097413063	-0.06160518154501915	0.039699800312519073	-0.09437654167413712	-0.26571717858314514	-0.19669049978256226	-0.1498437076807022	-0.09176716208457947	0.2605834901332855	0.14555470645427704	-0.2030772566795349	-0.19322988390922546	0.1218579038977623	-0.08389946073293686	-0.08823947608470917	-0.06352748721837997	0.11558254808187485	0.0036305042449384928	0.1525002270936966
-0.08726175874471664	0.007258223369717598	-0.11909319460391998	0.13861703872680664	0.11462821066379547	0.0933363065123558	-0.0031730325426906347	-0.24926869571208954	0.21963173151016235	-0.14526309072971344	0.0842147246003151	0.15545527637004852	0.15138570964336395	-0.02171877585351467	0.16369269788265228	-0.001529867760837078	-0.05965366214513779	0.046305444091558456	-0.09091267734766006	0.15399831533432007	0.09767749905586243	0.07787619531154633	-0.10700475424528122	0.10252844542264938	-0.0003840902936644852	-0.00756129901856184	-0.014457997865974903	-0.14221273362636566	-0.07552254945039749	-0.0516425222158432	-0.03553510084748268	-0.17055824398994446	0.1146417111158371	-0.09487815201282501	0.05044056102633476	-0.15480872988700867	0.004570788238197565	-0.0475146509706974	0.06268508732318878	-0.15768326818943024	-0.03973495215177536	0.0749296098947525	-0.0636475533246994	-0.014939149841666222	-0.18232659995555878	0.11002202332019806	0.033311471343040466	0.04544375464320183	0.052192844450473785	0.09962007403373718	0.13307887315750122	0.021998144686222076	0.03828279674053192	-0.23679882287979126	-0.08169032633304596	0.14197185635566711	0.09899993985891342	-0.109363853931427	0.06706282496452332	0.08847935497760773	0.09922363609075546	-0.12017592042684555	0.061857812106609344	-0.17577232420444489
-0.08726175874471664	0.007258223369717598	-0.11909319460391998	0.13861703872680664	0.11462821066379547	0.0933363065123558	-0.0031730325426906347	-0.24926869571208954	0.21963173151016235	-0.14526309072971344	0.0842147246003151	0.15545527637004852	0.15138570964336395	-0.02171877585351467	0.16369269788265228	-0.001529867760837078	-0.05965366214513779	0.046305444091558456	-0.09091267734766006	0.15399831533432007	0.09767749905586243	0.07787619531154633	-0.10700475424528122	0.10252844542264938	-0.0003840902936644852	-0.00756129901856184	-0.014457997865974903	-0.14221273362636566	-0.07552254945039749	-0.0516425222158432	-0.03553510084748268	-0.17055824398994446	0.1146417111158371	-0.09487815201282501	0.05044056102633476	-0.15480872988700867	0.004570788238197565	-0.0475146509706974	0.06268508732318878	-0.15768326818943024	-0.03973495215177536	0.0749296098947525	-0.0636475533246994	-0.014939149841666222	-0.18232659995555878	0.11002202332019806	0.033311471343040466	0.04544375464320183	0.052192844450473785	0.09962007403373718	0.13307887315750122	0.021998144686222076	0.03828279674053192	-0.23679882287979126	-0.08169032633304596	0.14197185635566711	0.09899993985891342	-0.109363853931427	0.06706282496452332	0.08847935497760773	0.09922363609075546	-0.12017592042684555	0.061857812106609344	-0.17577232420444489
-0.005540368612855673	-0.054458703845739365	0.19335728883743286	-0.12146791815757751	0.08708678185939789	-0.21519604325294495	0.043468210846185684	0.36058688163757324	-0.26860904693603516	0.21727363765239716	-0.055457185953855515	-0.0405566543340683	-0.13622482120990753	-0.10254823416471481	-0.14214447140693665	0.042477741837501526	0.017620446160435677	-0.055427100509405136	0.2035757154226303	-0.18367807567119598	-0.0552368201315403	-0.08701888471841812	0.07527358829975128	-0.10785757005214691	0.03132752701640129	0.1805586963891983	-0.08199991285800934	0.22151057422161102	0.12624140083789825	0.14220429956912994	-0.038041383028030396	0.1632213443517685	-0.12135707587003708	-0.021099889650940895	-0.04568194970488548	0.15763282775878906	-0.16149963438510895	0.04013597220182419	-0.16431353986263275	0.16627410054206848	-0.07711447775363922	-0.13113819062709808	0.15115609765052795	-0.06464514881372452	0.11536218971014023	-0.03478730097413063	-0.06160518154501915	0.039699800312519073	-0.09437654167413712	-0.26571717858314514	-0.19669049978256226	-0.1498437076807022	-0.09176716208457947	0.2605834901332855	0.14555470645427704	-0.2030772566795349	-0.19322988390922546	0.1218579038977623	-0.08389946073293686	-0.08823947608470917	-0.06352748721837997	0.11558254808187485	0.0036305042449384928	0.1525002270936966
-0.08726175874471664	0.007258223369717598	-0.11909319460391998	0.13861703872680664	0.11462821066379547	0.0933363065123558	-0.0031730325426906347	-0.24926869571208954	0.21963173151016235	-0.14526309072971344	0.0842147246003151	0.15545527637004852	0.15138570964336395	-0.02171877585351467	0.16369269788265228	-0.001529867760837078	-0.05965366214513779	0.046305444091558456	-0.09091267734766006	0.15399831533432007	0.09767749905586243	0.07787619531154633	-0.10700475424528122	0.10252844542264938	-0.0003840902936644852	-0.00756129901856184	-0.014457997865974903	-0.14221273362636566	-0.07552254945039749	-0.0516425222158432	-0.03553510084748268	-0.17055824398994446	0.1146417111158371	-0.09487815201282501	0.05044056102633476	-0.15480872988700867	0.004570788238197565	-0.0475146509706974	0.06268508732318878	-0.15768326818943024	-0.03973495215177536	0.0749296098947525	-0.0636475533246994	-0.014939149841666222	-0.18232659995555878	0.11002202332019806	0.033311471343040466	0.04544375464320183	0.052192844450473785	0.09962007403373718	0.13307887315750122	0.021998144686222076	0.03828279674053192	-0.23679882287979126	-0.08169032633304596	0.14197185635566711	0.09899993985891342	-0.109363853931427	0.06706282496452332	0.08847935497760773	0.09922363609075546	-0.12017592042684555	0.061857812106609344	-0.17577232420444489
-0.08726175874471664	0.007258223369717598	-0.11909319460391998	0.13861703872680664	0.11462821066379547	0.0933363065123558	-0.0031730325426906347	-0.24926869571208954	0.21963173151016235	-0.14526309072971344	0.0842147246003151	0.15545527637004852	0.15138570964336395	-0.02171877585351467	0.16369269788265228	-0.001529867760837078	-0.05965366214513779	0.046305444091558456	-0.09091267734766006	0.15399831533432007	0.09767749905586243	0.07787619531154633	-0.10700475424528122	0.10252844542264938	-0.0003840902936644852	-0.00756129901856184	-0.014457997865974903	-0.14221273362636566	-0.07552254945039749	-0.0516425222158432	-0.03553510084748268	-0.17055824398994446	0.1146417111158371	-0.09487815201282501	0.05044056102633476	-0.15480872988700867	0.004570788238197565	-0.0475146509706974	0.06268508732318878	-0.15768326818943024	-0.03973495215177536	0.0749296098947525	-0.0636475533246994	-0.014939149841666222	-0.18232659995555878	0.11002202332019806	0.033311471343040466	0.04544375464320183	0.052192844450473785	0.09962007403373718	0.13307887315750122	0.021998144686222076	0.03828279674053192	-0.23679882287979126	-0.08169032633304596	0.14197185635566711	0.09899993985891342	-0.109363853931427	0.06706282496452332	0.08847935497760773	0.09922363609075546	-0.12017592042684555	0.061857812106609344	-0.17577232420444489
-0.07433612644672394	0.04944539815187454	-0.12472765892744064	0.08360902220010757	-0.05512083321809769	0.09909230470657349	0.06381590664386749	-0.031858835369348526	0.041558727622032166	-0.0608585886657238	-0.000545004615560174	0.09172520786523819	0.054548345506191254	-0.08035594969987869	0.011707024648785591	-0.003024728037416935	0.07149409502744675	-0.020776905119419098	-0.012386403977870941	-0.04822733253240585	-0.05423537269234657	0.01671617664396763	-0.0734582394361496	0.0879814550280571	-0.0607786700129509	0.06495903432369232	-0.05310641974210739	-0.06970535963773727	-0.10276991128921509	-0.023150237277150154	-0.02130979113280773	-0.048095814883708954	-0.005666122771799564	0.04321169853210449	0.046491589397192	-0.07808869332075119	0.10227972269058228	-0.05852265655994415	0.053302548825740814	0.07206448912620544	-0.0758686289191246	-0.0724669024348259	0.05191656947135925	-0.06705943495035172	0.025406809523701668	0.023338785395026207	0.016545327380299568	-0.027595100924372673	-0.07019542157649994	0.07632608711719513	-0.0541495643556118	-0.06362883746623993	-0.05727265402674675	0.006307053379714489	0.06686732918024063	-0.007214631885290146	0.1062275767326355	0.01579524576663971	0.07050888240337372	0.023257290944457054	-0.05829266831278801	0.0006626701797358692	-0.042199913412332535	-0.12078343331813812
-0.005540368612855673	-0.054458703845739365	0.19335728883743286	-0.12146791815757751	0.08708678185939789	-0.21519604325294495	0.043468210846185684	0.36058688163757324	-0.26860904693603516	0.21727363765239716	-0.055457185953855515	-0.0405566543340683	-0.13622482120990753	-0.10254823416471481	-0.14214447140693665	0.042477741837501526	0.017620446160435677	-0.055427100509405136	0.2035757154226303	-0.18367807567119598	-0.0552368201315403	-0.08701888471841812	0.07527358829975128	-0.10785757005214691	0.03132752701640129	0.1805586963891983	-0.08199991285800934	0.22151057422161102	0.12624140083789825	0.14220429956912994	-0.038041383028030396	0.1632213443517685	-0.12135707587003708	-0.021099889650940895	-0.04568194970488548	0.15763282775878906	-0.16149963438510895	0.04013597220182419	-0.16431353986263275	0.16627410054206848	-0.07711447775363922	-0.13113819062709808	0.15115609765052795	-0.06464514881372452	0.11536218971014023	-0.03478730097413063	-0.06160518154501915	0.039699800312519073	-0.09437654167413712	-0.26571717858314514	-0.19669049978256226	-0.1498437076807022	-0.09176716208457947	0.2605834901332855	0.14555470645427704	-0.2030772566795349	-0.19322988390922546	0.1218579038977623	-0.08389946073293686	-0.08823947608470917	-0.06352748721837997	0.11558254808187485	0.0036305042449384928	0.1525002270936966
-0.08726175874471664	0.007258223369717598	-0.11909319460391998	0.13861703872680664	0.11462821066379547	0.0933363065123558	-0.0031730325426906347	-0.24926869571208954	0.21963173151016235	-0.14526309072971344	0.0842147246003151	0.15545527637004852	0.15138570964336395	-0.02171877585351467	0.16369269788265228	-0.001529867760837078	-0.05965366214513779	0.046305444091558456	-0.09091267734766006	0.15399831533432007	0.09767749905586243	0.07787619531154633	-0.10700475424528122	0.10252844542264938	-0.0003840902936644852	-0.00756129901856184	-0.014457997865974903	-0.14221273362636566	-0.07552254945039749	-0.0516425222158432	-0.03553510084748268	-0.17055824398994446	0.1146417111158371	-0.09487815201282501	0.05044056102633476	-0.15480872988700867	0.004570788238197565	-0.0475146509706974	0.06268508732318878	-0.15768326818943024	-0.03973495215177536	0.0749296098947525	-0.0636475533246994	-0.014939149841666222	-0.18232659995555878	0.11002202332019806	0.033311471343040466	0.04544375464320183	0.052192844450473785	0.09962007403373718	0.13307887315750122	0.021998144686222076	0.03828279674053192	-0.23679882287979126	-0.08169032633304596	0.14197185635566711	0.09899993985891342	-0.109363853931427	0.06706282496452332	0.08847935497760773	0.09922363609075546	-0.12017592042684555	0.061857812106609344	-0.17577232420444489
-0.08726175874471664	0.007258223369717598	-0.11909319460391998	0.13861703872680664	0.11462821066379547	0.0933363065123558	-0.0031730325426906347	-0.24926869571208954	0.21963173151016235	-0.14526309072971344	0.0842147246003151	0.15545527637004852	0.15138570964336395	-0.02171877585351467	0.16369269788265228	-0.001529867760837078	-0.05965366214513779	0.046305444091558456	-0.09091267734766006	0.15399831533432007	0.09767749905586243	0.07787619531154633	-0.10700475424528122	0.10252844542264938	-0.0003840902936644852	-0.00756129901856184	-0.014457997865974903	-0.14221273362636566	-0.07552254945039749	-0.0516425222158432	-0.03553510084748268	-0.17055824398994446	0.1146417111158371	-0.09487815201282501	0.05044056102633476	-0.15480872988700867	0.004570788238197565	-0.0475146509706974	0.06268508732318878	-0.15768326818943024	-0.03973495215177536	0.0749296098947525	-0.0636475533246994	-0.014939149841666222	-0.18232659995555878	0.11002202332019806	0.033311471343040466	0.04544375464320183	0.052192844450473785	0.09962007403373718	0.13307887315750122	0.021998144686222076	0.03828279674053192	-0.23679882287979126	-0.08169032633304596	0.14197185635566711	0.09899993985891342	-0.109363853931427	0.06706282496452332	0.08847935497760773	0.09922363609075546	-0.12017592042684555	0.061857812106609344	-0.17577232420444489
-0.08726175874471664	0.007258223369717598	-0.11909319460391998	0.13861703872680664	0.11462821066379547	0.0933363065123558	-0.0031730325426906347	-0.24926869571208954	0.21963173151016235	-0.14526309072971344	0.0842147246003151	0.15545527637004852	0.15138570964336395	-0.02171877585351467	0.16369269788265228	-0.001529867760837078	-0.05965366214513779	0.046305444091558456	-0.09091267734766006	0.15399831533432007	0.09767749905586243	0.07787619531154633	-0.10700475424528122	0.10252844542264938	-0.0003840902936644852	-0.00756129901856184	-0.014457997865974903	-0.14221273362636566	-0.07552254945039749	-0.0516425222158432	-0.03553510084748268	-0.17055824398994446	0.1146417111158371	-0.09487815201282501	0.05044056102633476	-0.15480872988700867	0.004570788238197565	-0.0475146509706974	0.06268508732318878	-0.15768326818943024	-0.03973495215177536	0.0749296098947525	-0.0636475533246994	-0.014939149841666222	-0.18232659995555878	0.11002202332019806	0.033311471343040466	0.04544375464320183	0.052192844450473785	0.09962007403373718	0.13307887315750122	0.021998144686222076	0.03828279674053192	-0.23679882287979126	-0.08169032633304596	0.14197185635566711	0.09899993985891342	-0.109363853931427	0.06706282496452332	0.08847935497760773	0.09922363609075546	-0.12017592042684555	0.061857812106609344	-0.17577232420444489
-0.08726175874471664	0.007258223369717598	-0.11909319460391998	0.13861703872680664	0.11462821066379547	0.0933363065123558	-0.0031730325426906347	-0.24926869571208954	0.21963173151016235	-0.14526309072971344	0.0842147246003151	0.15545527637004852	0.15138570964336395	-0.02171877585351467	0.16369269788265228	-0.001529867760837078	-0.05965366214513779	0.046305444091558456	-0.09091267734766006	0.15399831533432007	0.09767749905586243	0.07787619531154633	-0.10700475424528122	0.10252844542264938	-0.0003840902936644852	-0.00756129901856184	-0.014457997865974903	-0.14221273362636566	-0.07552254945039749	-0.0516425222158432	-0.03553510084748268	-0.17055824398994446	0.1146417111158371	-0.09487815201282501	0.05044056102633476	-0.15480872988700867	0.004570788238197565	-0.0475146509706974	0.06268508732318878	-0.15768326818943024	-0.03973495215177536	0.0749296098947525	-0.0636475533246994	-0.014939149841666222	-0.18232659995555878	0.11002202332019806	0.033311471343040466	0.04544375464320183	0.052192844450473785	0.09962007403373718	0.13307887315750122	0.021998144686222076	0.03828279674053192	-0.23679882287979126	-0.08169032633304596	0.14197185635566711	0.09899993985891342	-0.109363853931427	0.06706282496452332	0.08847935497760773	0.09922363609075546	-0.12017592042684555	0.061857812106609344	-0.17577232420444489
-0.08726175874471664	0.007258223369717598	-0.11909319460391998	0.13861703872680664	0.11462821066379547	0.0933363065123558	-0.0031730325426906347	-0.24926869571208954	0.21963173151016235	-0.14526309072971344	0.0842147246003151	0.15545527637004852	0.15138570964336395	-0.02171877585351467	0.16369269788265228	-0.001529867760837078	-0.05965366214513779	0.046305444091558456	-0.09091267734766006	0.15399831533432007	0.09767749905586243	0.07787619531154633	-0.10700475424528122	0.10252844542264938	-0.0003840902936644852	-0.00756129901856184	-0.014457997865974903	-0.14221273362636566	-0.07552254945039749	-0.0516425222158432	-0.03553510084748268	-0.17055824398994446	0.1146417111158371	-0.09487815201282501	0.05044056102633476	-0.15480872988700867	0.004570788238197565	-0.0475146509706974	0.06268508732318878	-0.15768326818943024	-0.03973495215177536	0.0749296098947525	-0.0636475533246994	-0.014939149841666222	-0.18232659995555878	0.11002202332019806	0.033311471343040466	0.04544375464320183	0.052192844450473785	0.09962007403373718	0.13307887315750122	0.021998144686222076	0.03828279674053192	-0.23679882287979126	-0.08169032633304596	0.14197185635566711	0.09899993985891342	-0.109363853931427	0.06706282496452332	0.08847935497760773	0.09922363609075546	-0.12017592042684555	0.061857812106609344	-0.17577232420444489
-0.005540368612855673	-0.054458703845739365	0.19335728883743286	-0.12146791815757751	0.08708678185939789	-0.21519604325294495	0.043468210846185684	0.36058688163757324	-0.26860904693603516	0.21727363765239716	-0.055457185953855515	-0.0405566543340683	-0.13622482120990753	-0.10254823416471481	-0.14214447140693665	0.042477741837501526	0.017620446160435677	-0.055427100509405136	0.2035757154226303	-0.18367807567119598	-0.0552368201315403	-0.08701888471841812	0.07527358829975128	-0.10785757005214691	0.03132752701640129	0.1805586963891983	-0.08199991285800934	0.22151057422161102	0.12624140083789825	0.14220429956912994	-0.038041383028030396	0.1632213443517685	-0.12135707587003708	-0.021099889650940895	-0.04568194970488548	0.15763282775878906	-0.16149963438510895	0.04013597220182419	-0.16431353986263275	0.16627410054206848	-0.07711447775363922	-0.13113819062709808	0.15115609765052795	-0.06464514881372452	0.11536218971014023	-0.03478730097413063	-0.06160518154501915	0.039699800312519073	-0.09437654167413712	-0.26571717858314514	-0.19669049978256226	-0.1498437076807022	-0.09176716208457947	0.2605834901332855	0.14555470645427704	-0.2030772566795349	-0.19322988390922546	0.1218579038977623	-0.08389946073293686	-0.08823947608470917	-0.06352748721837997	0.11558254808187485	0.0036305042449384928	0.1525002270936966
-0.07433612644672394	0.04944539815187454	-0.12472765892744064	0.08360902220010757	-0.05512083321809769	0.09909230470657349	0.06381590664386749	-0.031858835369348526	0.041558727622032166	-0.0608585886657238	-0.000545004615560174	0.09172520786523819	0.054548345506191254	-0.08035594969987869	0.011707024648785591	-0.003024728037416935	0.07149409502744675	-0.020776905119419098	-0.012386403977870941	-0.04822733253240585	-0.05423537269234657	0.01671617664396763	-0.0734582394361496	0.0879814550280571	-0.0607786700129509	0.06495903432369232	-0.05310641974210739	-0.06970535963773727	-0.10276991128921509	-0.023150237277150154	-0.02130979113280773	-0.048095814883708954	-0.005666122771799564	0.04321169853210449	0.046491589397192	-0.07808869332075119	0.10227972269058228	-0.05852265655994415	0.053302548825740814	0.07206448912620544	-0.0758686289191246	-0.0724669024348259	0.05191656947135925	-0.06705943495035172	0.025406809523701668	0.023338785395026207	0.016545327380299568	-0.027595100924372673	-0.07019542157649994	0.07632608711719513	-0.0541495643556118	-0.06362883746623993	-0.05727265402674675	0.006307053379714489	0.06686732918024063	-0.007214631885290146	0.1062275767326355	0.01579524576663971	0.07050888240337372	0.023257290944457054	-0.05829266831278801	0.0006626701797358692	-0.042199913412332535	-0.12078343331813812
-0.07433612644672394	0.04944539815187454	-0.12472765892744064	0.08360902220010757	-0.05512083321809769	0.09909230470657349	0.06381590664386749	-0.031858835369348526	0.041558727622032166	-0.0608585886657238	-0.000545004615560174	0.09172520786523819	0.054548345506191254	-0.08035594969987869	0.011707024648785591	-0.003024728037416935	0.07149409502744675	-0.020776905119419098	-0.012386403977870941	-0.04822733253240585	-0.05423537269234657	0.01671617664396763	-0.0734582394361496	0.0879814550280571	-0.0607786700129509	0.06495903432369232	-0.05310641974210739	-0.06970535963773727	-0.10276991128921509	-0.023150237277150154	-0.02130979113280773	-0.048095814883708954	-0.005666122771799564	0.04321169853210449	0.046491589397192	-0.07808869332075119	0.10227972269058228	-0.05852265655994415	0.053302548825740814	0.07206448912620544	-0.0758686289191246	-0.0724669024348259	0.05191656947135925	-0.06705943495035172	0.025406809523701668	0.023338785395026207	0.016545327380299568	-0.027595100924372673	-0.07019542157649994	0.07632608711719513	-0.0541495643556118	-0.06362883746623993	-0.05727265402674675	0.006307053379714489	0.06686732918024063	-0.007214631885290146	0.1062275767326355	0.01579524576663971	0.07050888240337372	0.023257290944457054	-0.05829266831278801	0.0006626701797358692	-0.042199913412332535	-0.12078343331813812
-0.005540368612855673	-0.054458703845739365	0.19335728883743286	-0.12146791815757751	0.08708678185939789	-0.21519604325294495	0.043468210846185684	0.36058688163757324	-0.26860904693603516	0.21727363765239716	-0.055457185953855515	-0.0405566543340683	-0.13622482120990753	-0.10254823416471481	-0.14214447140693665	0.042477741837501526	0.017620446160435677	-0.055427100509405136	0.2035757154226303	-0.18367807567119598	-0.0552368201315403	-0.08701888471841812	0.07527358829975128	-0.10785757005214691	0.03132752701640129	0.1805586963891983	-0.08199991285800934	0.22151057422161102	0.12624140083789825	0.14220429956912994	-0.038041383028030396	0.1632213443517685	-0.12135707587003708	-0.021099889650940895	-0.04568194970488548	0.15763282775878906	-0.16149963438510895	0.04013597220182419	-0.16431353986263275	0.16627410054206848	-0.07711447775363922	-0.13113819062709808	0.15115609765052795	-0.06464514881372452	0.11536218971014023	-0.03478730097413063	-0.06160518154501915	0.039699800312519073	-0.09437654167413712	-0.26571717858314514	-0.19669049978256226	-0.1498437076807022	-0.09176716208457947	0.2605834901332855	0.14555470645427704	-0.2030772566795349	-0.19322988390922546	0.1218579038977623	-0.08389946073293686	-0.08823947608470917	-0.06352748721837997	0.11558254808187485	0.0036305042449384928	0.1525002270936966
-0.08726175874471664	0.007258223369717598	-0.11909319460391998	0.13861703872680664	0.11462821066379547	0.0933363065123558	-0.0031730325426906347	-0.24926869571208954	0.21963173151016235	-0.14526309072971344	0.0842147246003151	0.15545527637004852	0.15138570964336395	-0.02171877585351467	0.16369269788265228	-0.001529867760837078	-0.05965366214513779	0.046305444091558456	-0.09091267734766006	0.15399831533432007	0.09767749905586243	0.07787619531154633	-0.10700475424528122	0.10252844542264938	-0.0003840902936644852	-0.00756129901856184	-0.014457997865974903	-0.14221273362636566	-0.07552254945039749	-0.0516425222158432	-0.03553510084748268	-0.17055824398994446	0.1146417111158371	-0.09487815201282501	0.05044056102633476	-0.15480872988700867	0.004570788238197565	-0.0475146509706974	0.06268508732318878	-0.15768326818943024	-0.03973495215177536	0.0749296098947525	-0.0636475533246994	-0.014939149841666222	-0.18232659995555878	0.11002202332019806	0.033311471343040466	0.04544375464320183	0.052192844450473785	0.09962007403373718	0.13307887315750122	0.021998144686222076	0.03828279674053192	-0.23679882287979126	-0.08169032633304596	0.14197185635566711	0.09899993985891342	-0.109363853931427	0.06706282496452332	0.08847935497760773	0.09922363609075546	-0.12017592042684555	0.061857812106609344	-0.17577232420444489
-0.08726175874471664	0.007258223369717598	-0.11909319460391998	0.13861703872680664	0.11462821066379547	0.0933363065123558	-0.0031730325426906347	-0.24926869571208954	0.21963173151016235	-0.14526309072971344	0.0842147246003151	0.15545527637004852	0.15138570964336395	-0.02171877585351467	0.16369269788265228	-0.001529867760837078	-0.05965366214513779	0.046305444091558456	-0.09091267734766006	0.15399831533432007	0.09767749905586243	0.07787619531154633	-0.10700475424528122	0.10252844542264938	-0.0003840902936644852	-0.00756129901856184	-0.014457997865974903	-0.14221273362636566	-0.07552254945039749	-0.0516425222158432	-0.03553510084748268	-0.17055824398994446	0.1146417111158371	-0.09487815201282501	0.05044056102633476	-0.15480872988700867	0.004570788238197565	-0.0475146509706974	0.06268508732318878	-0.15768326818943024	-0.03973495215177536	0.0749296098947525	-0.0636475533246994	-0.014939149841666222	-0.18232659995555878	0.11002202332019806	0.033311471343040466	0.04544375464320183	0.052192844450473785	0.09962007403373718	0.13307887315750122	0.021998144686222076	0.03828279674053192	-0.23679882287979126	-0.08169032633304596	0.14197185635566711	0.09899993985891342	-0.109363853931427	0.06706282496452332	0.08847935497760773	0.09922363609075546	-0.12017592042684555	0.061857812106609344	-0.17577232420444489
-0.08726175874471664	0.007258223369717598	-0.11909319460391998	0.13861703872680664	0.11462821066379547	0.0933363065123558	-0.0031730325426906347	-0.24926869571208954	0.21963173151016235	-0.14526309072971344	0.0842147246003151	0.15545527637004852	0.15138570964336395	-0.02171877585351467	0.16369269788265228	-0.001529867760837078	-0.05965366214513779	0.046305444091558456	-0.09091267734766006	0.15399831533432007	0.09767749905586243	0.07787619531154633	-0.10700475424528122	0.10252844542264938	-0.0003840902936644852	-0.00756129901856184	-0.014457997865974903	-0.14221273362636566	-0.07552254945039749	-0.0516425222158432	-0.03553510084748268	-0.17055824398994446	0.1146417111158371	-0.09487815201282501	0.05044056102633476	-0.15480872988700867	0.004570788238197565	-0.0475146509706974	0.06268508732318878	-0.15768326818943024	-0.03973495215177536	0.0749296098947525	-0.0636475533246994	-0.014939149841666222	-0.18232659995555878	0.11002202332019806	0.033311471343040466	0.04544375464320183	0.052192844450473785	0.09962007403373718	0.13307887315750122	0.021998144686222076	0.03828279674053192	-0.23679882287979126	-0.08169032633304596	0.14197185635566711	0.09899993985891342	-0.109363853931427	0.06706282496452332	0.08847935497760773	0.09922363609075546	-0.12017592042684555	0.061857812106609344	-0.17577232420444489
-0.08726175874471664	0.007258223369717598	-0.11909319460391998	0.13861703872680664	0.11462821066379547	0.0933363065123558	-0.0031730325426906347	-0.24926869571208954	0.21963173151016235	-0.14526309072971344	0.0842147246003151	0.15545527637004852	0.15138570964336395	-0.02171877585351467	0.16369269788265228	-0.001529867760837078	-0.05965366214513779	0.046305444091558456	-0.09091267734766006	0.15399831533432007	0.09767749905586243	0.07787619531154633	-0.10700475424528122	0.10252844542264938	-0.0003840902936644852	-0.00756129901856184	-0.014457997865974903	-0.14221273362636566	-0.07552254945039749	-0.0516425222158432	-0.03553510084748268	-0.17055824398994446	0.1146417111158371	-0.09487815201282501	0.05044056102633476	-0.15480872988700867	0.004570788238197565	-0.0475146509706974	0.06268508732318878	-0.15768326818943024	-0.03973495215177536	0.0749296098947525	-0.0636475533246994	-0.014939149841666222	-0.18232659995555878	0.11002202332019806	0.033311471343040466	0.04544375464320183	0.052192844450473785	0.09962007403373718	0.13307887315750122	0.021998144686222076	0.03828279674053192	-0.23679882287979126	-0.08169032633304596	0.14197185635566711	0.09899993985891342	-0.109363853931427	0.06706282496452332	0.08847935497760773	0.09922363609075546	-0.12017592042684555	0.061857812106609344	-0.17577232420444489
-0.07433612644672394	0.04944539815187454	-0.12472765892744064	0.08360902220010757	-0.05512083321809769	0.09909230470657349	0.06381590664386749	-0.031858835369348526	0.041558727622032166	-0.0608585886657238	-0.000545004615560174	0.09172520786523819	0.054548345506191254	-0.08035594969987869	0.011707024648785591	-0.003024728037416935	0.07149409502744675	-0.020776905119419098	-0.012386403977870941	-0.04822733253240585	-0.05423537269234657	0.01671617664396763	-0.0734582394361496	0.0879814550280571	-0.0607786700129509	0.06495903432369232	-0.05310641974210739	-0.06970535963773727	-0.10276991128921509	-0.023150237277150154	-0.02130979113280773	-0.048095814883708954	-0.005666122771799564	0.04321169853210449	0.046491589397192	-0.07808869332075119	0.10227972269058228	-0.05852265655994415	0.053302548825740814	0.07206448912620544	-0.0758686289191246	-0.0724669024348259	0.05191656947135925	-0.06705943495035172	0.025406809523701668	0.023338785395026207	0.016545327380299568	-0.027595100924372673	-0.07019542157649994	0.07632608711719513	-0.0541495643556118	-0.06362883746623993	-0.05727265402674675	0.006307053379714489	0.06686732918024063	-0.007214631885290146	0.1062275767326355	0.01579524576663971	0.07050888240337372	0.023257290944457054	-0.05829266831278801	0.0006626701797358692	-0.042199913412332535	-0.12078343331813812
-0.08726175874471664	0.007258223369717598	-0.11909319460391998	0.13861703872680664	0.11462821066379547	0.0933363065123558	-0.0031730325426906347	-0.24926869571208954	0.21963173151016235	-0.14526309072971344	0.0842147246003151	0.15545527637004852	0.15138570964336395	-0.02171877585351467	0.16369269788265228	-0.001529867760837078	-0.05965366214513779	0.046305444091558456	-0.09091267734766006	0.15399831533432007	0.09767749905586243	0.07787619531154633	-0.10700475424528122	0.10252844542264938	-0.0003840902936644852	-0.00756129901856184	-0.014457997865974903	-0.14221273362636566	-0.07552254945039749	-0.0516425222158432	-0.03553510084748268	-0.17055824398994446	0.1146417111158371	-0.09487815201282501	0.05044056102633476	-0.15480872988700867	0.004570788238197565	-0.0475146509706974	0.06268508732318878	-0.15768326818943024	-0.03973495215177536	0.0749296098947525	-0.0636475533246994	-0.014939149841666222	-0.18232659995555878	0.11002202332019806	0.033311471343040466	0.04544375464320183	0.052192844450473785	0.09962007403373718	0.13307887315750122	0.021998144686222076	0.03828279674053192	-0.23679882287979126	-0.08169032633304596	0.14197185635566711	0.09899993985891342	-0.109363853931427	0.06706282496452332	0.08847935497760773	0.09922363609075546	-0.12017592042684555	0.061857812106609344	-0.17577232420444489
-0.08726175874471664	0.007258223369717598	-0.11909319460391998	0.13861703872680664	0.11462821066379547	0.0933363065123558	-0.0031730325426906347	-0.24926869571208954	0.21963173151016235	-0.14526309072971344	0.0842147246003151	0.15545527637004852	0.15138570964336395	-0.02171877585351467	0.16369269788265228	-0.001529867760837078	-0.05965366214513779	0.046305444091558456	-0.09091267734766006	0.15399831533432007	0.09767749905586243	0.07787619531154633	-0.10700475424528122	0.10252844542264938	-0.0003840902936644852	-0.00756129901856184	-0.014457997865974903	-0.14221273362636566	-0.07552254945039749	-0.0516425222158432	-0.03553510084748268	-0.17055824398994446	0.1146417111158371	-0.09487815201282501	0.05044056102633476	-0.15480872988700867	0.004570788238197565	-0.0475146509706974	0.06268508732318878	-0.15768326818943024	-0.03973495215177536	0.0749296098947525	-0.0636475533246994	-0.014939149841666222	-0.18232659995555878	0.11002202332019806	0.033311471343040466	0.04544375464320183	0.052192844450473785	0.09962007403373718	0.13307887315750122	0.021998144686222076	0.03828279674053192	-0.23679882287979126	-0.08169032633304596	0.14197185635566711	0.09899993985891342	-0.109363853931427	0.06706282496452332	0.08847935497760773	0.09922363609075546	-0.12017592042684555	0.061857812106609344	-0.17577232420444489
-0.005540368612855673	-0.054458703845739365	0.19335728883743286	-0.12146791815757751	0.08708678185939789	-0.21519604325294495	0.043468210846185684	0.36058688163757324	-0.26860904693603516	0.21727363765239716	-0.055457185953855515	-0.0405566543340683	-0.13622482120990753	-0.10254823416471481	-0.14214447140693665	0.042477741837501526	0.017620446160435677	-0.055427100509405136	0.2035757154226303	-0.18367807567119598	-0.0552368201315403	-0.08701888471841812	0.07527358829975128	-0.10785757005214691	0.03132752701640129	0.1805586963891983	-0.08199991285800934	0.22151057422161102	0.12624140083789825	0.14220429956912994	-0.038041383028030396	0.1632213443517685	-0.12135707587003708	-0.021099889650940895	-0.04568194970488548	0.15763282775878906	-0.16149963438510895	0.04013597220182419	-0.16431353986263275	0.16627410054206848	-0.07711447775363922	-0.13113819062709808	0.15115609765052795	-0.06464514881372452	0.11536218971014023	-0.03478730097413063	-0.06160518154501915	0.039699800312519073	-0.09437654167413712	-0.26571717858314514	-0.19669049978256226	-0.1498437076807022	-0.09176716208457947	0.2605834901332855	0.14555470645427704	-0.2030772566795349	-0.19322988390922546	0.1218579038977623	-0.08389946073293686	-0.08823947608470917	-0.06352748721837997	0.11558254808187485	0.0036305042449384928	0.1525002270936966
-0.08726175874471664	0.007258223369717598	-0.11909319460391998	0.13861703872680664	0.11462821066379547	0.0933363065123558	-0.0031730325426906347	-0.24926869571208954	0.21963173151016235	-0.14526309072971344	0.0842147246003151	0.15545527637004852	0.15138570964336395	-0.02171877585351467	0.16369269788265228	-0.001529867760837078	-0.05965366214513779	0.046305444091558456	-0.09091267734766006	0.15399831533432007	0.09767749905586243	0.07787619531154633	-0.10700475424528122	0.10252844542264938	-0.0003840902936644852	-0.00756129901856184	-0.014457997865974903	-0.14221273362636566	-0.07552254945039749	-0.0516425222158432	-0.03553510084748268	-0.17055824398994446	0.1146417111158371	-0.09487815201282501	0.05044056102633476	-0.15480872988700867	0.004570788238197565	-0.0475146509706974	0.06268508732318878	-0.15768326818943024	-0.03973495215177536	0.0749296098947525	-0.0636475533246994	-0.014939149841666222	-0.18232659995555878	0.11002202332019806	0.033311471343040466	0.04544375464320183	0.052192844450473785	0.09962007403373718	0.13307887315750122	0.021998144686222076	0.03828279674053192	-0.23679882287979126	-0.08169032633304596	0.14197185635566711	0.09899993985891342	-0.109363853931427	0.06706282496452332	0.08847935497760773	0.09922363609075546	-0.12017592042684555	0.061857812106609344	-0.17577232420444489
-0.07433612644672394	0.04944539815187454	-0.12472765892744064	0.08360902220010757	-0.05512083321809769	0.09909230470657349	0.06381590664386749	-0.031858835369348526	0.041558727622032166	-0.0608585886657238	-0.000545004615560174	0.09172520786523819	0.054548345506191254	-0.08035594969987869	0.011707024648785591	-0.003024728037416935	0.07149409502744675	-0.020776905119419098	-0.012386403977870941	-0.04822733253240585	-0.05423537269234657	0.01671617664396763	-0.0734582394361496	0.0879814550280571	-0.0607786700129509	0.06495903432369232	-0.05310641974210739	-0.06970535963773727	-0.10276991128921509	-0.023150237277150154	-0.02130979113280773	-0.048095814883708954	-0.005666122771799564	0.04321169853210449	0.046491589397192	-0.07808869332075119	0.10227972269058228	-0.05852265655994415	0.053302548825740814	0.07206448912620544	-0.0758686289191246	-0.0724669024348259	0.05191656947135925	-0.06705943495035172	0.025406809523701668	0.023338785395026207	0.016545327380299568	-0.027595100924372673	-0.07019542157649994	0.07632608711719513	-0.0541495643556118	-0.06362883746623993	-0.05727265402674675	0.006307053379714489	0.06686732918024063	-0.007214631885290146	0.1062275767326355	0.01579524576663971	0.07050888240337372	0.023257290944457054	-0.05829266831278801	0.0006626701797358692	-0.042199913412332535	-0.12078343331813812
-0.005540368612855673	-0.054458703845739365	0.19335728883743286	-0.12146791815757751	0.08708678185939789	-0.21519604325294495	0.043468210846185684	0.36058688163757324	-0.26860904693603516	0.21727363765239716	-0.055457185953855515	-0.0405566543340683	-0.13622482120990753	-0.10254823416471481	-0.14214447140693665	0.042477741837501526	0.017620446160435677	-0.055427100509405136	0.2035757154226303	-0.18367807567119598	-0.0552368201315403	-0.08701888471841812	0.07527358829975128	-0.10785757005214691	0.03132752701640129	0.1805586963891983	-0.08199991285800934	0.22151057422161102	0.12624140083789825	0.14220429956912994	-0.038041383028030396	0.1632213443517685	-0.12135707587003708	-0.021099889650940895	-0.04568194970488548	0.15763282775878906	-0.16149963438510895	0.04013597220182419	-0.16431353986263275	0.16627410054206848	-0.07711447775363922	-0.13113819062709808	0.15115609765052795	-0.06464514881372452	0.11536218971014023	-0.03478730097413063	-0.06160518154501915	0.039699800312519073	-0.09437654167413712	-0.26571717858314514	-0.19669049978256226	-0.1498437076807022	-0.09176716208457947	0.2605834901332855	0.14555470645427704	-0.2030772566795349	-0.19322988390922546	0.1218579038977623	-0.08389946073293686	-0.08823947608470917	-0.06352748721837997	0.11558254808187485	0.0036305042449384928	0.1525002270936966
-0.005540368612855673	-0.054458703845739365	0.19335728883743286	-0.12146791815757751	0.08708678185939789	-0.21519604325294495	0.043468210846185684	0.36058688163757324	-0.26860904693603516	0.21727363765239716	-0.055457185953855515	-0.0405566543340683	-0.13622482120990753	-0.10254823416471481	-0.14214447140693665	0.042477741837501526	0.017620446160435677	-0.055427100509405136	0.2035757154226303	-0.18367807567119598	-0.0552368201315403	-0.08701888471841812	0.07527358829975128	-0.10785757005214691	0.03132752701640129	0.1805586963891983	-0.08199991285800934	0.22151057422161102	0.12624140083789825	0.14220429956912994	-0.038041383028030396	0.1632213443517685	-0.12135707587003708	-0.021099889650940895	-0.04568194970488548	0.15763282775878906	-0.16149963438510895	0.04013597220182419	-0.16431353986263275	0.16627410054206848	-0.07711447775363922	-0.13113819062709808	0.15115609765052795	-0.06464514881372452	0.11536218971014023	-0.03478730097413063	-0.06160518154501915	0.039699800312519073	-0.09437654167413712	-0.26571717858314514	-0.19669049978256226	-0.1498437076807022	-0.09176716208457947	0.2605834901332855	0.14555470645427704	-0.2030772566795349	-0.19322988390922546	0.1218579038977623	-0.08389946073293686	-0.08823947608470917	-0.06352748721837997	0.11558254808187485	0.0036305042449384928	0.1525002270936966
-0.08726175874471664	0.007258223369717598	-0.11909319460391998	0.13861703872680664	0.11462821066379547	0.0933363065123558	-0.0031730325426906347	-0.24926869571208954	0.21963173151016235	-0.14526309072971344	0.0842147246003151	0.15545527637004852	0.15138570964336395	-0.02171877585351467	0.16369269788265228	-0.001529867760837078	-0.05965366214513779	0.046305444091558456	-0.09091267734766006	0.15399831533432007	0.09767749905586243	0.07787619531154633	-0.10700475424528122	0.10252844542264938	-0.0003840902936644852	-0.00756129901856184	-0.014457997865974903	-0.14221273362636566	-0.07552254945039749	-0.0516425222158432	-0.03553510084748268	-0.17055824398994446	0.1146417111158371	-0.09487815201282501	0.05044056102633476	-0.15480872988700867	0.004570788238197565	-0.0475146509706974	0.06268508732318878	-0.15768326818943024	-0.03973495215177536	0.0749296098947525	-0.0636475533246994	-0.014939149841666222	-0.18232659995555878	0.11002202332019806	0.033311471343040466	0.04544375464320183	0.052192844450473785	0.09962007403373718	0.13307887315750122	0.021998144686222076	0.03828279674053192	-0.23679882287979126	-0.08169032633304596	0.14197185635566711	0.09899993985891342	-0.109363853931427	0.06706282496452332	0.08847935497760773	0.09922363609075546	-0.12017592042684555	0.061857812106609344	-0.17577232420444489
-0.005540368612855673	-0.054458703845739365	0.19335728883743286	-0.12146791815757751	0.08708678185939789	-0.21519604325294495	0.043468210846185684	0.36058688163757324	-0.26860904693603516	0.21727363765239716	-0.055457185953855515	-0.0405566543340683	-0.13622482120990753	-0.10254823416471481	-0.14214447140693665	0.042477741837501526	0.017620446160435677	-0.055427100509405136	0.2035757154226303	-0.18367807567119598	-0.0552368201315403	-0.08701888471841812	0.07527358829975128	-0.10785757005214691	0.03132752701640129	0.1805586963891983	-0.08199991285800934	0.22151057422161102	0.12624140083789825	0.14220429956912994	-0.038041383028030396	0.1632213443517685	-0.12135707587003708	-0.021099889650940895	-0.04568194970488548	0.15763282775878906	-0.16149963438510895	0.04013597220182419	-0.16431353986263275	0.16627410054206848	-0.07711447775363922	-0.13113819062709808	0.15115609765052795	-0.06464514881372452	0.11536218971014023	-0.03478730097413063	-0.06160518154501915	0.039699800312519073	-0.09437654167413712	-0.26571717858314514	-0.19669049978256226	-0.1498437076807022	-0.09176716208457947	0.2605834901332855	0.14555470645427704	-0.2030772566795349	-0.19322988390922546	0.1218579038977623	-0.08389946073293686	-0.08823947608470917	-0.06352748721837997	0.11558254808187485	0.0036305042449384928	0.1525002270936966
-0.08726175874471664	0.007258223369717598	-0.11909319460391998	0.13861703872680664	0.11462821066379547	0.0933363065123558	-0.0031730325426906347	-0.24926869571208954	0.21963173151016235	-0.14526309072971344	0.0842147246003151	0.15545527637004852	0.15138570964336395	-0.02171877585351467	0.16369269788265228	-0.001529867760837078	-0.05965366214513779	0.046305444091558456	-0.09091267734766006	0.15399831533432007	0.09767749905586243	0.07787619531154633	-0.10700475424528122	0.10252844542264938	-0.0003840902936644852	-0.00756129901856184	-0.014457997865974903	-0.14221273362636566	-0.07552254945039749	-0.0516425222158432	-0.03553510084748268	-0.17055824398994446	0.1146417111158371	-0.09487815201282501	0.05044056102633476	-0.15480872988700867	0.004570788238197565	-0.0475146509706974	0.06268508732318878	-0.15768326818943024	-0.03973495215177536	0.0749296098947525	-0.0636475533246994	-0.014939149841666222	-0.18232659995555878	0.11002202332019806	0.033311471343040466	0.04544375464320183	0.052192844450473785	0.09962007403373718	0.13307887315750122	0.021998144686222076	0.03828279674053192	-0.23679882287979126	-0.08169032633304596	0.14197185635566711	0.09899993985891342	-0.109363853931427	0.06706282496452332	0.08847935497760773	0.09922363609075546	-0.12017592042684555	0.061857812106609344	-0.17577232420444489
-0.08726175874471664	0.007258223369717598	-0.11909319460391998	0.13861703872680664	0.11462821066379547	0.0933363065123558	-0.0031730325426906347	-0.24926869571208954	0.21963173151016235	-0.14526309072971344	0.0842147246003151	0.15545527637004852	0.15138570964336395	-0.02171877585351467	0.16369269788265228	-0.001529867760837078	-0.05965366214513779	0.046305444091558456	-0.09091267734766006	0.15399831533432007	0.09767749905586243	0.07787619531154633	-0.10700475424528122	0.10252844542264938	-0.0003840902936644852	-0.00756129901856184	-0.014457997865974903	-0.14221273362636566	-0.07552254945039749	-0.0516425222158432	-0.03553510084748268	-0.17055824398994446	0.1146417111158371	-0.09487815201282501	0.05044056102633476	-0.15480872988700867	0.004570788238197565	-0.0475146509706974	0.06268508732318878	-0.15768326818943024	-0.03973495215177536	0.0749296098947525	-0.0636475533246994	-0.014939149841666222	-0.18232659995555878	0.11002202332019806	0.033311471343040466	0.04544375464320183	0.052192844450473785	0.09962007403373718	0.13307887315750122	0.021998144686222076	0.03828279674053192	-0.23679882287979126	-0.08169032633304596	0.14197185635566711	0.09899993985891342	-0.109363853931427	0.06706282496452332	0.08847935497760773	0.09922363609075546	-0.12017592042684555	0.061857812106609344	-0.17577232420444489
-0.005540368612855673	-0.054458703845739365	0.19335728883743286	-0.12146791815757751	0.08708678185939789	-0.21519604325294495	0.043468210846185684	0.36058688163757324	-0.26860904693603516	0.21727363765239716	-0.055457185953855515	-0.0405566543340683	-0.13622482120990753	-0.10254823416471481	-0.14214447140693665	0.042477741837501526	0.017620446160435677	-0.055427100509405136	0.2035757154226303	-0.18367807567119598	-0.0552368201315403	-0.08701888471841812	0.07527358829975128	-0.10785757005214691	0.03132752701640129	0.1805586963891983	-0.08199991285800934	0.22151057422161102	0.12624140083789825	0.14220429956912994	-0.038041383028030396	0.1632213443517685	-0.12135707587003708	-0.021099889650940895	-0.04568194970488548	0.15763282775878906	-0.16149963438510895	0.04013597220182419	-0.16431353986263275	0.16627410054206848	-0.07711447775363922	-0.13113819062709808	0.15115609765052795	-0.06464514881372452	0.11536218971014023	-0.03478730097413063	-0.06160518154501915	0.039699800312519073	-0.09437654167413712	-0.26571717858314514	-0.19669049978256226	-0.1498437076807022	-0.09176716208457947	0.2605834901332855	0.14555470645427704	-0.2030772566795349	-0.19322988390922546	0.1218579038977623	-0.08389946073293686	-0.08823947608470917	-0.06352748721837997	0.11558254808187485	0.0036305042449384928	0.1525002270936966
-0.08726175874471664	0.007258223369717598	-0.11909319460391998	0.13861703872680664	0.11462821066379547	0.0933363065123558	-0.0031730325426906347	-0.24926869571208954	0.21963173151016235	-0.14526309072971344	0.0842147246003151	0.15545527637004852	0.15138570964336395	-0.02171877585351467	0.16369269788265228	-0.001529867760837078	-0.05965366214513779	0.046305444091558456	-0.09091267734766006	0.15399831533432007	0.09767749905586243	0.07787619531154633	-0.10700475424528122	0.10252844542264938	-0.0003840902936644852	-0.00756129901856184	-0.014457997865974903	-0.14221273362636566	-0.07552254945039749	-0.0516425222158432	-0.03553510084748268	-0.17055824398994446	0.1146417111158371	-0.09487815201282501	0.05044056102633476	-0.15480872988700867	0.004570788238197565	-0.0475146509706974	0.06268508732318878	-0.15768326818943024	-0.03973495215177536	0.0749296098947525	-0.0636475533246994	-0.014939149841666222	-0.18232659995555878	0.11002202332019806	0.033311471343040466	0.04544375464320183	0.052192844450473785	0.09962007403373718	0.13307887315750122	0.021998144686222076	0.03828279674053192	-0.23679882287979126	-0.08169032633304596	0.14197185635566711	0.09899993985891342	-0.109363853931427	0.06706282496452332	0.08847935497760773	0.09922363609075546	-0.12017592042684555	0.061857812106609344	-0.17577232420444489
-0.08726175874471664	0.007258223369717598	-0.11909319460391998	0.13861703872680664	0.11462821066379547	0.0933363065123558	-0.0031730325426906347	-0.24926869571208954	0.21963173151016235	-0.14526309072971344	0.0842147246003151	0.15545527637004852	0.15138570964336395	-0.02171877585351467	0.16369269788265228	-0.001529867760837078	-0.05965366214513779	0.046305444091558456	-0.09091267734766006	0.15399831533432007	0.09767749905586243	0.07787619531154633	-0.10700475424528122	0.10252844542264938	-0.0003840902936644852	-0.00756129901856184	-0.014457997865974903	-0.14221273362636566	-0.07552254945039749	-0.0516425222158432	-0.03553510084748268	-0.17055824398994446	0.1146417111158371	-0.09487815201282501	0.05044056102633476	-0.15480872988700867	0.004570788238197565	-0.0475146509706974	0.06268508732318878	-0.15768326818943024	-0.03973495215177536	0.0749296098947525	-0.0636475533246994	-0.014939149841666222	-0.18232659995555878	0.11002202332019806	0.033311471343040466	0.04544375464320183	0.052192844450473785	0.09962007403373718	0.13307887315750122	0.021998144686222076	0.03828279674053192	-0.23679882287979126	-0.08169032633304596	0.14197185635566711	0.09899993985891342	-0.109363853931427	0.06706282496452332	0.08847935497760773	0.09922363609075546	-0.12017592042684555	0.061857812106609344	-0.17577232420444489
-0.005540368612855673	-0.054458703845739365	0.19335728883743286	-0.12146791815757751	0.08708678185939789	-0.21519604325294495	0.043468210846185684	0.36058688163757324	-0.26860904693603516	0.21727363765239716	-0.055457185953855515	-0.0405566543340683	-0.13622482120990753	-0.10254823416471481	-0.14214447140693665	0.042477741837501526	0.017620446160435677	-0.055427100509405136	0.2035757154226303	-0.18367807567119598	-0.0552368201315403	-0.08701888471841812	0.07527358829975128	-0.10785757005214691	0.03132752701640129	0.1805586963891983	-0.08199991285800934	0.22151057422161102	0.12624140083789825	0.14220429956912994	-0.038041383028030396	0.1632213443517685	-0.12135707587003708	-0.021099889650940895	-0.04568194970488548	0.15763282775878906	-0.16149963438510895	0.04013597220182419	-0.16431353986263275	0.16627410054206848	-0.07711447775363922	-0.13113819062709808	0.15115609765052795	-0.06464514881372452	0.11536218971014023	-0.03478730097413063	-0.06160518154501915	0.039699800312519073	-0.09437654167413712	-0.26571717858314514	-0.19669049978256226	-0.1498437076807022	-0.09176716208457947	0.2605834901332855	0.14555470645427704	-0.2030772566795349	-0.19322988390922546	0.1218579038977623	-0.08389946073293686	-0.08823947608470917	-0.06352748721837997	0.11558254808187485	0.0036305042449384928	0.1525002270936966
-0.005540368612855673	-0.054458703845739365	0.19335728883743286	-0.12146791815757751	0.08708678185939789	-0.21519604325294495	0.043468210846185684	0.36058688163757324	-0.26860904693603516	0.21727363765239716	-0.055457185953855515	-0.0405566543340683	-0.13622482120990753	-0.10254823416471481	-0.14214447140693665	0.042477741837501526	0.017620446160435677	-0.055427100509405136	0.2035757154226303	-0.18367807567119598	-0.0552368201315403	-0.08701888471841812	0.07527358829975128	-0.10785757005214691	0.03132752701640129	0.1805586963891983	-0.08199991285800934	0.22151057422161102	0.12624140083789825	0.14220429956912994	-0.038041383028030396	0.1632213443517685	-0.12135707587003708	-0.021099889650940895	-0.04568194970488548	0.15763282775878906	-0.16149963438510895	0.04013597220182419	-0.16431353986263275	0.16627410054206848	-0.07711447775363922	-0.13113819062709808	0.15115609765052795	-0.06464514881372452	0.11536218971014023	-0.03478730097413063	-0.06160518154501915	0.039699800312519073	-0.09437654167413712	-0.26571717858314514	-0.19669049978256226	-0.1498437076807022	-0.09176716208457947	0.2605834901332855	0.14555470645427704	-0.2030772566795349	-0.19322988390922546	0.1218579038977623	-0.08389946073293686	-0.08823947608470917	-0.06352748721837997	0.11558254808187485	0.0036305042449384928	0.1525002270936966
-0.08726175874471664	0.007258223369717598	-0.11909319460391998	0.13861703872680664	0.11462821066379547	0.0933363065123558	-0.0031730325426906347	-0.24926869571208954	0.21963173151016235	-0.14526309072971344	0.0842147246003151	0.15545527637004852	0.15138570964336395	-0.02171877585351467	0.16369269788265228	-0.001529867760837078	-0.05965366214513779	0.046305444091558456	-0.09091267734766006	0.15399831533432007	0.09767749905586243	0.07787619531154633	-0.10700475424528122	0.10252844542264938	-0.0003840902936644852	-0.00756129901856184	-0.014457997865974903	-0.14221273362636566	-0.07552254945039749	-0.0516425222158432	-0.03553510084748268	-0.17055824398994446	0.1146417111158371	-0.09487815201282501	0.05044056102633476	-0.15480872988700867	0.004570788238197565	-0.0475146509706974	0.06268508732318878	-0.15768326818943024	-0.03973495215177536	0.0749296098947525	-0.0636475533246994	-0.014939149841666222	-0.18232659995555878	0.11002202332019806	0.033311471343040466	0.04544375464320183	0.052192844450473785	0.09962007403373718	0.13307887315750122	0.021998144686222076	0.03828279674053192	-0.23679882287979126	-0.08169032633304596	0.14197185635566711	0.09899993985891342	-0.109363853931427	0.06706282496452332	0.08847935497760773	0.09922363609075546	-0.12017592042684555	0.061857812106609344	-0.17577232420444489
-0.005540368612855673	-0.054458703845739365	0.19335728883743286	-0.12146791815757751	0.08708678185939789	-0.21519604325294495	0.043468210846185684	0.36058688163757324	-0.26860904693603516	0.21727363765239716	-0.055457185953855515	-0.0405566543340683	-0.13622482120990753	-0.10254823416471481	-0.14214447140693665	0.042477741837501526	0.017620446160435677	-0.055427100509405136	0.2035757154226303	-0.18367807567119598	-0.0552368201315403	-0.08701888471841812	0.07527358829975128	-0.10785757005214691	0.03132752701640129	0.1805586963891983	-0.08199991285800934	0.22151057422161102	0.12624140083789825	0.14220429956912994	-0.038041383028030396	0.1632213443517685	-0.12135707587003708	-0.021099889650940895	-0.04568194970488548	0.15763282775878906	-0.16149963438510895	0.04013597220182419	-0.16431353986263275	0.16627410054206848	-0.07711447775363922	-0.13113819062709808	0.15115609765052795	-0.06464514881372452	0.11536218971014023	-0.03478730097413063	-0.06160518154501915	0.039699800312519073	-0.09437654167413712	-0.26571717858314514	-0.19669049978256226	-0.1498437076807022	-0.09176716208457947	0.2605834901332855	0.14555470645427704	-0.2030772566795349	-0.19322988390922546	0.1218579038977623	-0.08389946073293686	-0.08823947608470917	-0.06352748721837997	0.11558254808187485	0.0036305042449384928	0.1525002270936966
-0.005540368612855673	-0.054458703845739365	0.19335728883743286	-0.12146791815757751	0.08708678185939789	-0.21519604325294495	0.043468210846185684	0.36058688163757324	-0.26860904693603516	0.21727363765239716	-0.055457185953855515	-0.0405566543340683	-0.13622482120990753	-0.10254823416471481	-0.14214447140693665	0.042477741837501526	0.017620446160435677	-0.055427100509405136	0.2035757154226303	-0.18367807567119598	-0.0552368201315403	-0.08701888471841812	0.07527358829975128	-0.10785757005214691	0.03132752701640129	0.1805586963891983	-0.08199991285800934	0.22151057422161102	0.12624140083789825	0.14220429956912994	-0.038041383028030396	0.1632213443517685	-0.12135707587003708	-0.021099889650940895	-0.04568194970488548	0.15763282775878906	-0.16149963438510895	0.04013597220182419	-0.16431353986263275	0.16627410054206848	-0.07711447775363922	-0.13113819062709808	0.15115609765052795	-0.06464514881372452	0.11536218971014023	-0.03478730097413063	-0.06160518154501915	0.039699800312519073	-0.09437654167413712	-0.26571717858314514	-0.19669049978256226	-0.1498437076807022	-0.09176716208457947	0.2605834901332855	0.14555470645427704	-0.2030772566795349	-0.19322988390922546	0.1218579038977623	-0.08389946073293686	-0.08823947608470917	-0.06352748721837997	0.11558254808187485	0.0036305042449384928	0.1525002270936966
-0.08726175874471664	0.007258223369717598	-0.11909319460391998	0.13861703872680664	0.11462821066379547	0.0933363065123558	-0.0031730325426906347	-0.24926869571208954	0.21963173151016235	-0.14526309072971344	0.0842147246003151	0.15545527637004852	0.15138570964336395	-0.02171877585351467	0.16369269788265228	-0.001529867760837078	-0.05965366214513779	0.046305444091558456	-0.09091267734766006	0.15399831533432007	0.09767749905586243	0.07787619531154633	-0.10700475424528122	0.10252844542264938	-0.0003840902936644852	-0.00756129901856184	-0.014457997865974903	-0.14221273362636566	-0.07552254945039749	-0.0516425222158432	-0.03553510084748268	-0.17055824398994446	0.1146417111158371	-0.09487815201282501	0.05044056102633476	-0.15480872988700867	0.004570788238197565	-0.0475146509706974	0.06268508732318878	-0.15768326818943024	-0.03973495215177536	0.0749296098947525	-0.0636475533246994	-0.014939149841666222	-0.18232659995555878	0.11002202332019806	0.033311471343040466	0.04544375464320183	0.052192844450473785	0.09962007403373718	0.13307887315750122	0.021998144686222076	0.03828279674053192	-0.23679882287979126	-0.08169032633304596	0.14197185635566711	0.09899993985891342	-0.109363853931427	0.06706282496452332	0.08847935497760773	0.09922363609075546	-0.12017592042684555	0.061857812106609344	-0.17577232420444489
-0.08726175874471664	0.007258223369717598	-0.11909319460391998	0.13861703872680664	0.11462821066379547	0.0933363065123558	-0.0031730325426906347	-0.24926869571208954	0.21963173151016235	-0.14526309072971344	0.0842147246003151	0.15545527637004852	0.15138570964336395	-0.02171877585351467	0.16369269788265228	-0.001529867760837078	-0.05965366214513779	0.046305444091558456	-0.09091267734766006	0.15399831533432007	0.09767749905586243	0.07787619531154633	-0.10700475424528122	0.10252844542264938	-0.0003840902936644852	-0.00756129901856184	-0.014457997865974903	-0.14221273362636566	-0.07552254945039749	-0.0516425222158432	-0.03553510084748268	-0.17055824398994446	0.1146417111158371	-0.09487815201282501	0.05044056102633476	-0.15480872988700867	0.004570788238197565	-0.0475146509706974	0.06268508732318878	-0.15768326818943024	-0.03973495215177536	0.0749296098947525	-0.0636475533246994	-0.014939149841666222	-0.18232659995555878	0.11002202332019806	0.033311471343040466	0.04544375464320183	0.052192844450473785	0.09962007403373718	0.13307887315750122	0.021998144686222076	0.03828279674053192	-0.23679882287979126	-0.08169032633304596	0.14197185635566711	0.09899993985891342	-0.109363853931427	0.06706282496452332	0.08847935497760773	0.09922363609075546	-0.12017592042684555	0.061857812106609344	-0.17577232420444489
0.03015471249818802	0.08105248957872391	0.06414160132408142	0.05019788071513176	0.10882449150085449	0.027703536674380302	-0.009912867099046707	-0.08871730417013168	-0.029480908066034317	-0.05040806904435158	0.012039406225085258	0.009901357814669609	0.028083214536309242	0.09211678057909012	0.03751150518655777	0.015353107824921608	0.03697001934051514	0.023515481501817703	-0.018621470779180527	-0.08040998876094818	-0.07153088599443436	0.04065607860684395	-0.02815983071923256	-0.01750713586807251	0.039220791310071945	-0.03679725527763367	0.012654430232942104	-0.013911404646933079	0.014217969961464405	-0.0962333008646965	-0.02392597682774067	-0.08199948072433472	-0.09222430735826492	0.07285848259925842	-0.018963100388646126	-0.0037580784410238266	-0.028302431106567383	0.005200848449021578	-0.004513156600296497	-0.09578640758991241	0.07474985718727112	-0.0667169913649559	-0.026606298983097076	0.05286889150738716	-0.026879284530878067	0.010424556210637093	0.05384888872504234	-0.05360595881938934	0.004353594034910202	-0.08906952291727066	0.05394293740391731	-0.08926014602184296	0.03565452620387077	-0.05618349090218544	-0.05058376491069794	0.042780179530382156	-0.024257855489850044	0.05520948767662048	-0.08925926685333252	0.01621902734041214	-0.04582436755299568	-0.040917910635471344	0.034109730273485184	0.015457559376955032
-0.005540368612855673	-0.054458703845739365	0.19335728883743286	-0.12146791815757751	0.08708678185939789	-0.21519604325294495	0.043468210846185684	0.36058688163757324	-0.26860904693603516	0.21727363765239716	-0.055457185953855515	-0.0405566543340683	-0.13622482120990753	-0.10254823416471481	-0.14214447140693665	0.042477741837501526	0.017620446160435677	-0.055427100509405136	0.2035757154226303	-0.18367807567119598	-0.0552368201315403	-0.08701888471841812	0.07527358829975128	-0.10785757005214691	0.03132752701640129	0.1805586963891983	-0.08199991285800934	0.22151057422161102	0.12624140083789825	0.14220429956912994	-0.038041383028030396	0.1632213443517685	-0.12135707587003708	-0.021099889650940895	-0.04568194970488548	0.15763282775878906	-0.16149963438510895	0.04013597220182419	-0.16431353986263275	0.16627410054206848	-0.07711447775363922	-0.13113819062709808	0.15115609765052795	-0.06464514881372452	0.11536218971014023	-0.03478730097413063	-0.06160518154501915	0.039699800312519073	-0.09437654167413712	-0.26571717858314514	-0.19669049978256226	-0.1498437076807022	-0.09176716208457947	0.2605834901332855	0.14555470645427704	-0.2030772566795349	-0.19322988390922546	0.1218579038977623	-0.08389946073293686	-0.08823947608470917	-0.06352748721837997	0.11558254808187485	0.0036305042449384928	0.1525002270936966
-0.08726175874471664	0.007258223369717598	-0.11909319460391998	0.13861703872680664	0.11462821066379547	0.0933363065123558	-0.0031730325426906347	-0.24926869571208954	0.21963173151016235	-0.14526309072971344	0.0842147246003151	0.15545527637004852	0.15138570964336395	-0.02171877585351467	0.16369269788265228	-0.001529867760837078	-0.05965366214513779	0.046305444091558456	-0.09091267734766006	0.15399831533432007	0.09767749905586243	0.07787619531154633	-0.10700475424528122	0.10252844542264938	-0.0003840902936644852	-0.00756129901856184	-0.014457997865974903	-0.14221273362636566	-0.07552254945039749	-0.0516425222158432	-0.03553510084748268	-0.17055824398994446	0.1146417111158371	-0.09487815201282501	0.05044056102633476	-0.15480872988700867	0.004570788238197565	-0.0475146509706974	0.06268508732318878	-0.15768326818943024	-0.03973495215177536	0.0749296098947525	-0.0636475533246994	-0.014939149841666222	-0.18232659995555878	0.11002202332019806	0.033311471343040466	0.04544375464320183	0.052192844450473785	0.09962007403373718	0.13307887315750122	0.021998144686222076	0.03828279674053192	-0.23679882287979126	-0.08169032633304596	0.14197185635566711	0.09899993985891342	-0.109363853931427	0.06706282496452332	0.08847935497760773	0.09922363609075546	-0.12017592042684555	0.061857812106609344	-0.17577232420444489
-0.08726175874471664	0.007258223369717598	-0.11909319460391998	0.13861703872680664	0.11462821066379547	0.0933363065123558	-0.0031730325426906347	-0.24926869571208954	0.21963173151016235	-0.14526309072971344	0.0842147246003151	0.15545527637004852	0.15138570964336395	-0.02171877585351467	0.16369269788265228	-0.001529867760837078	-0.05965366214513779	0.046305444091558456	-0.09091267734766006	0.15399831533432007	0.09767749905586243	0.07787619531154633	-0.10700475424528122	0.10252844542264938	-0.0003840902936644852	-0.00756129901856184	-0.014457997865974903	-0.14221273362636566	-0.07552254945039749	-0.0516425222158432	-0.03553510084748268	-0.17055824398994446	0.1146417111158371	-0.09487815201282501	0.05044056102633476	-0.15480872988700867	0.004570788238197565	-0.0475146509706974	0.06268508732318878	-0.15768326818943024	-0.03973495215177536	0.0749296098947525	-0.0636475533246994	-0.014939149841666222	-0.18232659995555878	0.11002202332019806	0.033311471343040466	0.04544375464320183	0.052192844450473785	0.09962007403373718	0.13307887315750122	0.021998144686222076	0.03828279674053192	-0.23679882287979126	-0.08169032633304596	0.14197185635566711	0.09899993985891342	-0.109363853931427	0.06706282496452332	0.08847935497760773	0.09922363609075546	-0.12017592042684555	0.061857812106609344	-0.17577232420444489
-0.005540368612855673	-0.054458703845739365	0.19335728883743286	-0.12146791815757751	0.08708678185939789	-0.21519604325294495	0.043468210846185684	0.36058688163757324	-0.26860904693603516	0.21727363765239716	-0.055457185953855515	-0.0405566543340683	-0.13622482120990753	-0.10254823416471481	-0.14214447140693665	0.042477741837501526	0.017620446160435677	-0.055427100509405136	0.2035757154226303	-0.18367807567119598	-0.0552368201315403	-0.08701888471841812	0.07527358829975128	-0.10785757005214691	0.03132752701640129	0.1805586963891983	-0.08199991285800934	0.22151057422161102	0.12624140083789825	0.14220429956912994	-0.038041383028030396	0.1632213443517685	-0.12135707587003708	-0.021099889650940895	-0.04568194970488548	0.15763282775878906	-0.16149963438510895	0.04013597220182419	-0.16431353986263275	0.16627410054206848	-0.07711447775363922	-0.13113819062709808	0.15115609765052795	-0.06464514881372452	0.11536218971014023	-0.03478730097413063	-0.06160518154501915	0.039699800312519073	-0.09437654167413712	-0.26571717858314514	-0.19669049978256226	-0.1498437076807022	-0.09176716208457947	0.2605834901332855	0.14555470645427704	-0.2030772566795349	-0.19322988390922546	0.1218579038977623	-0.08389946073293686	-0.08823947608470917	-0.06352748721837997	0.11558254808187485	0.0036305042449384928	0.1525002270936966
-0.005540368612855673	-0.054458703845739365	0.19335728883743286	-0.12146791815757751	0.08708678185939789	-0.21519604325294495	0.043468210846185684	0.36058688163757324	-0.26860904693603516	0.21727363765239716	-0.055457185953855515	-0.0405566543340683	-0.13622482120990753	-0.10254823416471481	-0.14214447140693665	0.042477741837501526	0.017620446160435677	-0.055427100509405136	0.2035757154226303	-0.18367807567119598	-0.0552368201315403	-0.08701888471841812	0.07527358829975128	-0.10785757005214691	0.03132752701640129	0.1805586963891983	-0.08199991285800934	0.22151057422161102	0.12624140083789825	0.14220429956912994	-0.038041383028030396	0.1632213443517685	-0.12135707587003708	-0.021099889650940895	-0.04568194970488548	0.15763282775878906	-0.16149963438510895	0.04013597220182419	-0.16431353986263275	0.16627410054206848	-0.07711447775363922	-0.13113819062709808	0.15115609765052795	-0.06464514881372452	0.11536218971014023	-0.03478730097413063	-0.06160518154501915	0.039699800312519073	-0.09437654167413712	-0.26571717858314514	-0.19669049978256226	-0.1498437076807022	-0.09176716208457947	0.2605834901332855	0.14555470645427704	-0.2030772566795349	-0.19322988390922546	0.1218579038977623	-0.08389946073293686	-0.08823947608470917	-0.06352748721837997	0.11558254808187485	0.0036305042449384928	0.1525002270936966
-0.046601880341768265	-0.08916127681732178	-0.011013776063919067	-0.02156582660973072	-0.01792668178677559	-0.04649884253740311	0.03280356153845787	-0.06287717074155807	0.047341134399175644	-0.07518688589334488	-0.008863299153745174	-0.09737329185009003	-0.01929297484457493	0.08731696009635925	-0.020949384197592735	0.04645351320505142	0.04536091163754463	-0.023591723293066025	-0.01821109466254711	-0.03557388857007027	0.09040860831737518	0.005667515564709902	-0.07205992937088013	-0.0381673127412796	-0.08159685879945755	0.09929967671632767	0.04735174775123596	-0.027698317542672157	0.04503750056028366	0.08853694051504135	-0.0036467108875513077	-0.05844394862651825	-0.03219360485672951	-0.0387788824737072	0.05055199936032295	0.020215969532728195	0.06095343455672264	0.024518132209777832	0.034347593784332275	0.08343218266963959	-0.01319356169551611	-0.08005747199058533	-0.09641528129577637	-0.03263206407427788	-0.03846560791134834	-0.043048154562711716	0.05545903742313385	-0.0361974835395813	-0.06749430298805237	0.007493903860449791	0.02517552487552166	-0.06459129601716995	-0.07180508226156235	0.07303901761770248	-0.036649201065301895	0.051107097417116165	-0.031174128875136375	0.04173678904771805	0.017618151381611824	-0.025274233892560005	-0.0011499077081680298	-0.07172894477844238	0.08089084178209305	0.0438186451792717
-0.005540368612855673	-0.054458703845739365	0.19335728883743286	-0.12146791815757751	0.08708678185939789	-0.21519604325294495	0.043468210846185684	0.36058688163757324	-0.26860904693603516	0.21727363765239716	-0.055457185953855515	-0.0405566543340683	-0.13622482120990753	-0.10254823416471481	-0.14214447140693665	0.042477741837501526	0.017620446160435677	-0.055427100509405136	0.2035757154226303	-0.18367807567119598	-0.0552368201315403	-0.08701888471841812	0.07527358829975128	-0.10785757005214691	0.03132752701640129	0.1805586963891983	-0.08199991285800934	0.22151057422161102	0.12624140083789825	0.14220429956912994	-0.038041383028030396	0.1632213443517685	-0.12135707587003708	-0.021099889650940895	-0.04568194970488548	0.15763282775878906	-0.16149963438510895	0.04013597220182419	-0.16431353986263275	0.16627410054206848	-0.07711447775363922	-0.13113819062709808	0.15115609765052795	-0.06464514881372452	0.11536218971014023	-0.03478730097413063	-0.06160518154501915	0.039699800312519073	-0.09437654167413712	-0.26571717858314514	-0.19669049978256226	-0.1498437076807022	-0.09176716208457947	0.2605834901332855	0.14555470645427704	-0.2030772566795349	-0.19322988390922546	0.1218579038977623	-0.08389946073293686	-0.08823947608470917	-0.06352748721837997	0.11558254808187485	0.0036305042449384928	0.1525002270936966
-0.08726175874471664	0.007258223369717598	-0.11909319460391998	0.13861703872680664	0.11462821066379547	0.0933363065123558	-0.0031730325426906347	-0.24926869571208954	0.21963173151016235	-0.14526309072971344	0.0842147246003151	0.15545527637004852	0.15138570964336395	-0.02171877585351467	0.16369269788265228	-0.001529867760837078	-0.05965366214513779	0.046305444091558456	-0.09091267734766006	0.15399831533432007	0.09767749905586243	0.07787619531154633	-0.10700475424528122	0.10252844542264938	-0.0003840902936644852	-0.00756129901856184	-0.014457997865974903	-0.14221273362636566	-0.07552254945039749	-0.0516425222158432	-0.03553510084748268	-0.17055824398994446	0.1146417111158371	-0.09487815201282501	0.05044056102633476	-0.15480872988700867	0.004570788238197565	-0.0475146509706974	0.06268508732318878	-0.15768326818943024	-0.03973495215177536	0.0749296098947525	-0.0636475533246994	-0.014939149841666222	-0.18232659995555878	0.11002202332019806	0.033311471343040466	0.04544375464320183	0.052192844450473785	0.09962007403373718	0.13307887315750122	0.021998144686222076	0.03828279674053192	-0.23679882287979126	-0.08169032633304596	0.14197185635566711	0.09899993985891342	-0.109363853931427	0.06706282496452332	0.08847935497760773	0.09922363609075546	-0.12017592042684555	0.061857812106609344	-0.17577232420444489
0.07503528892993927	-0.07813660055398941	-0.035519637167453766	-0.06660005450248718	-0.02356291562318802	-0.06157143786549568	-0.09152036905288696	0.04145602881908417	-0.04127298295497894	-0.043174274265766144	-0.06487090140581131	-0.026572583243250847	0.09943315386772156	0.026079880073666573	0.008672775700688362	-0.0896645113825798	0.07776721566915512	0.04944820702075958	0.0728764533996582	-0.05984607711434364	-0.04163778945803642	0.05004660785198212	-0.1025107353925705	0.0072568305768072605	0.016080915927886963	0.002089451299980283	-0.08172490447759628	-0.004635803867131472	-0.1016170009970665	-0.0019467694219201803	0.03233078122138977	-0.09206783026456833	0.05738421157002449	0.049550265073776245	0.08714835345745087	-0.018268397077918053	-0.09389734268188477	0.05358891934156418	-0.010087031871080399	-0.025441767647862434	0.046378348022699356	-0.08315879851579666	0.039503660053014755	0.08481252938508987	0.06782983988523483	0.06252649426460266	0.08059126138687134	0.05088506266474724	0.06974808871746063	-0.08673711866140366	0.05887484923005104	-0.02830049768090248	-0.03711850941181183	-0.039953891187906265	0.006857139524072409	0.032712142914533615	0.09208023548126221	0.0004012262506876141	-0.055822692811489105	0.06617839634418488	0.02718641236424446	-0.06816215813159943	-0.0234310794621706	0.06260214000940323
-0.08726175874471664	0.007258223369717598	-0.11909319460391998	0.13861703872680664	0.11462821066379547	0.0933363065123558	-0.0031730325426906347	-0.24926869571208954	0.21963173151016235	-0.14526309072971344	0.0842147246003151	0.15545527637004852	0.15138570964336395	-0.02171877585351467	0.16369269788265228	-0.001529867760837078	-0.05965366214513779	0.046305444091558456	-0.09091267734766006	0.15399831533432007	0.09767749905586243	0.07787619531154633	-0.10700475424528122	0.10252844542264938	-0.0003840902936644852	-0.00756129901856184	-0.014457997865974903	-0.14221273362636566	-0.07552254945039749	-0.0516425222158432	-0.03553510084748268	-0.17055824398994446	0.1146417111158371	-0.09487815201282501	0.05044056102633476	-0.15480872988700867	0.004570788238197565	-0.0475146509706974	0.06268508732318878	-0.15768326818943024	-0.03973495215177536	0.0749296098947525	-0.0636475533246994	-0.014939149841666222	-0.18232659995555878	0.11002202332019806	0.033311471343040466	0.04544375464320183	0.052192844450473785	0.09962007403373718	0.13307887315750122	0.021998144686222076	0.03828279674053192	-0.23679882287979126	-0.08169032633304596	0.14197185635566711	0.09899993985891342	-0.109363853931427	0.06706282496452332	0.08847935497760773	0.09922363609075546	-0.12017592042684555	0.061857812106609344	-0.17577232420444489
-0.08726175874471664	0.007258223369717598	-0.11909319460391998	0.13861703872680664	0.11462821066379547	0.0933363065123558	-0.0031730325426906347	-0.24926869571208954	0.21963173151016235	-0.14526309072971344	0.0842147246003151	0.15545527637004852	0.15138570964336395	-0.02171877585351467	0.16369269788265228	-0.001529867760837078	-0.05965366214513779	0.046305444091558456	-0.09091267734766006	0.15399831533432007	0.09767749905586243	0.07787619531154633	-0.10700475424528122	0.10252844542264938	-0.0003840902936644852	-0.00756129901856184	-0.014457997865974903	-0.14221273362636566	-0.07552254945039749	-0.0516425222158432	-0.03553510084748268	-0.17055824398994446	0.1146417111158371	-0.09487815201282501	0.05044056102633476	-0.15480872988700867	0.004570788238197565	-0.0475146509706974	0.06268508732318878	-0.15768326818943024	-0.03973495215177536	0.0749296098947525	-0.0636475533246994	-0.014939149841666222	-0.18232659995555878	0.11002202332019806	0.033311471343040466	0.04544375464320183	0.052192844450473785	0.09962007403373718	0.13307887315750122	0.021998144686222076	0.03828279674053192	-0.23679882287979126	-0.08169032633304596	0.14197185635566711	0.09899993985891342	-0.109363853931427	0.06706282496452332	0.08847935497760773	0.09922363609075546	-0.12017592042684555	0.061857812106609344	-0.17577232420444489
-0.08726175874471664	0.007258223369717598	-0.11909319460391998	0.13861703872680664	0.11462821066379547	0.0933363065123558	-0.0031730325426906347	-0.24926869571208954	0.21963173151016235	-0.14526309072971344	0.0842147246003151	0.15545527637004852	0.15138570964336395	-0.02171877585351467	0.16369269788265228	-0.001529867760837078	-0.05965366214513779	0.046305444091558456	-0.09091267734766006	0.15399831533432007	0.09767749905586243	0.07787619531154633	-0.10700475424528122	0.10252844542264938	-0.0003840902936644852	-0.00756129901856184	-0.014457997865974903	-0.14221273362636566	-0.07552254945039749	-0.0516425222158432	-0.03553510084748268	-0.17055824398994446	0.1146417111158371	-0.09487815201282501	0.05044056102633476	-0.15480872988700867	0.004570788238197565	-0.0475146509706974	0.06268508732318878	-0.15768326818943024	-0.03973495215177536	0.0749296098947525	-0.0636475533246994	-0.014939149841666222	-0.18232659995555878	0.11002202332019806	0.033311471343040466	0.04544375464320183	0.052192844450473785	0.09962007403373718	0.13307887315750122	0.021998144686222076	0.03828279674053192	-0.23679882287979126	-0.08169032633304596	0.14197185635566711	0.09899993985891342	-0.109363853931427	0.06706282496452332	0.08847935497760773	0.09922363609075546	-0.12017592042684555	0.061857812106609344	-0.17577232420444489
-0.005540368612855673	-0.054458703845739365	0.19335728883743286	-0.12146791815757751	0.08708678185939789	-0.21519604325294495	0.043468210846185684	0.36058688163757324	-0.26860904693603516	0.21727363765239716	-0.055457185953855515	-0.0405566543340683	-0.13622482120990753	-0.10254823416471481	-0.14214447140693665	0.042477741837501526	0.017620446160435677	-0.055427100509405136	0.2035757154226303	-0.18367807567119598	-0.0552368201315403	-0.08701888471841812	0.07527358829975128	-0.10785757005214691	0.03132752701640129	0.1805586963891983	-0.08199991285800934	0.22151057422161102	0.12624140083789825	0.14220429956912994	-0.038041383028030396	0.1632213443517685	-0.12135707587003708	-0.021099889650940895	-0.04568194970488548	0.15763282775878906	-0.16149963438510895	0.04013597220182419	-0.16431353986263275	0.16627410054206848	-0.07711447775363922	-0.13113819062709808	0.15115609765052795	-0.06464514881372452	0.11536218971014023	-0.03478730097413063	-0.06160518154501915	0.039699800312519073	-0.09437654167413712	-0.26571717858314514	-0.19669049978256226	-0.1498437076807022	-0.09176716208457947	0.2605834901332855	0.14555470645427704	-0.2030772566795349	-0.19322988390922546	0.1218579038977623	-0.08389946073293686	-0.08823947608470917	-0.06352748721837997	0.11558254808187485	0.0036305042449384928	0.1525002270936966
-0.005540368612855673	-0.054458703845739365	0.19335728883743286	-0.12146791815757751	0.08708678185939789	-0.21519604325294495	0.043468210846185684	0.36058688163757324	-0.26860904693603516	0.21727363765239716	-0.055457185953855515	-0.0405566543340683	-0.13622482120990753	-0.10254823416471481	-0.14214447140693665	0.042477741837501526	0.017620446160435677	-0.055427100509405136	0.2035757154226303	-0.18367807567119598	-0.0552368201315403	-0.08701888471841812	0.07527358829975128	-0.10785757005214691	0.03132752701640129	0.1805586963891983	-0.08199991285800934	0.22151057422161102	0.12624140083789825	0.14220429956912994	-0.038041383028030396	0.1632213443517685	-0.12135707587003708	-0.021099889650940895	-0.04568194970488548	0.15763282775878906	-0.16149963438510895	0.04013597220182419	-0.16431353986263275	0.16627410054206848	-0.07711447775363922	-0.13113819062709808	0.15115609765052795	-0.06464514881372452	0.11536218971014023	-0.03478730097413063	-0.06160518154501915	0.039699800312519073	-0.09437654167413712	-0.26571717858314514	-0.19669049978256226	-0.1498437076807022	-0.09176716208457947	0.2605834901332855	0.14555470645427704	-0.2030772566795349	-0.19322988390922546	0.1218579038977623	-0.08389946073293686	-0.08823947608470917	-0.06352748721837997	0.11558254808187485	0.0036305042449384928	0.1525002270936966
-0.08726175874471664	0.007258223369717598	-0.11909319460391998	0.13861703872680664	0.11462821066379547	0.0933363065123558	-0.0031730325426906347	-0.24926869571208954	0.21963173151016235	-0.14526309072971344	0.0842147246003151	0.15545527637004852	0.15138570964336395	-0.02171877585351467	0.16369269788265228	-0.001529867760837078	-0.05965366214513779	0.046305444091558456	-0.09091267734766006	0.15399831533432007	0.09767749905586243	0.07787619531154633	-0.10700475424528122	0.10252844542264938	-0.0003840902936644852	-0.00756129901856184	-0.014457997865974903	-0.14221273362636566	-0.07552254945039749	-0.0516425222158432	-0.03553510084748268	-0.17055824398994446	0.1146417111158371	-0.09487815201282501	0.05044056102633476	-0.15480872988700867	0.004570788238197565	-0.0475146509706974	0.06268508732318878	-0.15768326818943024	-0.03973495215177536	0.0749296098947525	-0.0636475533246994	-0.014939149841666222	-0.18232659995555878	0.11002202332019806	0.033311471343040466	0.04544375464320183	0.052192844450473785	0.09962007403373718	0.13307887315750122	0.021998144686222076	0.03828279674053192	-0.23679882287979126	-0.08169032633304596	0.14197185635566711	0.09899993985891342	-0.109363853931427	0.06706282496452332	0.08847935497760773	0.09922363609075546	-0.12017592042684555	0.061857812106609344	-0.17577232420444489
-0.005540368612855673	-0.054458703845739365	0.19335728883743286	-0.12146791815757751	0.08708678185939789	-0.21519604325294495	0.043468210846185684	0.36058688163757324	-0.26860904693603516	0.21727363765239716	-0.055457185953855515	-0.0405566543340683	-0.13622482120990753	-0.10254823416471481	-0.14214447140693665	0.042477741837501526	0.017620446160435677	-0.055427100509405136	0.2035757154226303	-0.18367807567119598	-0.0552368201315403	-0.08701888471841812	0.07527358829975128	-0.10785757005214691	0.03132752701640129	0.1805586963891983	-0.08199991285800934	0.22151057422161102	0.12624140083789825	0.14220429956912994	-0.038041383028030396	0.1632213443517685	-0.12135707587003708	-0.021099889650940895	-0.04568194970488548	0.15763282775878906	-0.16149963438510895	0.04013597220182419	-0.16431353986263275	0.16627410054206848	-0.07711447775363922	-0.13113819062709808	0.15115609765052795	-0.06464514881372452	0.11536218971014023	-0.03478730097413063	-0.06160518154501915	0.039699800312519073	-0.09437654167413712	-0.26571717858314514	-0.19669049978256226	-0.1498437076807022	-0.09176716208457947	0.2605834901332855	0.14555470645427704	-0.2030772566795349	-0.19322988390922546	0.1218579038977623	-0.08389946073293686	-0.08823947608470917	-0.06352748721837997	0.11558254808187485	0.0036305042449384928	0.1525002270936966
-0.005540368612855673	-0.054458703845739365	0.19335728883743286	-0.12146791815757751	0.08708678185939789	-0.21519604325294495	0.043468210846185684	0.36058688163757324	-0.26860904693603516	0.21727363765239716	-0.055457185953855515	-0.0405566543340683	-0.13622482120990753	-0.10254823416471481	-0.14214447140693665	0.042477741837501526	0.017620446160435677	-0.055427100509405136	0.2035757154226303	-0.18367807567119598	-0.0552368201315403	-0.08701888471841812	0.07527358829975128	-0.10785757005214691	0.03132752701640129	0.1805586963891983	-0.08199991285800934	0.22151057422161102	0.12624140083789825	0.14220429956912994	-0.038041383028030396	0.1632213443517685	-0.12135707587003708	-0.021099889650940895	-0.04568194970488548	0.15763282775878906	-0.16149963438510895	0.04013597220182419	-0.16431353986263275	0.16627410054206848	-0.07711447775363922	-0.13113819062709808	0.15115609765052795	-0.06464514881372452	0.11536218971014023	-0.03478730097413063	-0.06160518154501915	0.039699800312519073	-0.09437654167413712	-0.26571717858314514	-0.19669049978256226	-0.1498437076807022	-0.09176716208457947	0.2605834901332855	0.14555470645427704	-0.2030772566795349	-0.19322988390922546	0.1218579038977623	-0.08389946073293686	-0.08823947608470917	-0.06352748721837997	0.11558254808187485	0.0036305042449384928	0.1525002270936966
-0.08726175874471664	0.007258223369717598	-0.11909319460391998	0.13861703872680664	0.11462821066379547	0.0933363065123558	-0.0031730325426906347	-0.24926869571208954	0.21963173151016235	-0.14526309072971344	0.0842147246003151	0.15545527637004852	0.15138570964336395	-0.02171877585351467	0.16369269788265228	-0.001529867760837078	-0.05965366214513779	0.046305444091558456	-0.09091267734766006	0.15399831533432007	0.09767749905586243	0.07787619531154633	-0.10700475424528122	0.10252844542264938	-0.0003840902936644852	-0.00756129901856184	-0.014457997865974903	-0.14221273362636566	-0.07552254945039749	-0.0516425222158432	-0.03553510084748268	-0.17055824398994446	0.1146417111158371	-0.09487815201282501	0.05044056102633476	-0.15480872988700867	0.004570788238197565	-0.0475146509706974	0.06268508732318878	-0.15768326818943024	-0.03973495215177536	0.0749296098947525	-0.0636475533246994	-0.014939149841666222	-0.18232659995555878	0.11002202332019806	0.033311471343040466	0.04544375464320183	0.052192844450473785	0.09962007403373718	0.13307887315750122	0.021998144686222076	0.03828279674053192	-0.23679882287979126	-0.08169032633304596	0.14197185635566711	0.09899993985891342	-0.109363853931427	0.06706282496452332	0.08847935497760773	0.09922363609075546	-0.12017592042684555	0.061857812106609344	-0.17577232420444489
-0.08726175874471664	0.007258223369717598	-0.11909319460391998	0.13861703872680664	0.11462821066379547	0.0933363065123558	-0.0031730325426906347	-0.24926869571208954	0.21963173151016235	-0.14526309072971344	0.0842147246003151	0.15545527637004852	0.15138570964336395	-0.02171877585351467	0.16369269788265228	-0.001529867760837078	-0.05965366214513779	0.046305444091558456	-0.09091267734766006	0.15399831533432007	0.09767749905586243	0.07787619531154633	-0.10700475424528122	0.10252844542264938	-0.0003840902936644852	-0.00756129901856184	-0.014457997865974903	-0.14221273362636566	-0.07552254945039749	-0.0516425222158432	-0.03553510084748268	-0.17055824398994446	0.1146417111158371	-0.09487815201282501	0.05044056102633476	-0.15480872988700867	0.004570788238197565	-0.0475146509706974	0.06268508732318878	-0.15768326818943024	-0.03973495215177536	0.0749296098947525	-0.0636475533246994	-0.014939149841666222	-0.18232659995555878	0.11002202332019806	0.033311471343040466	0.04544375464320183	0.052192844450473785	0.09962007403373718	0.13307887315750122	0.021998144686222076	0.03828279674053192	-0.23679882287979126	-0.08169032633304596	0.14197185635566711	0.09899993985891342	-0.109363853931427	0.06706282496452332	0.08847935497760773	0.09922363609075546	-0.12017592042684555	0.061857812106609344	-0.17577232420444489
-0.005540368612855673	-0.054458703845739365	0.19335728883743286	-0.12146791815757751	0.08708678185939789	-0.21519604325294495	0.043468210846185684	0.36058688163757324	-0.26860904693603516	0.21727363765239716	-0.055457185953855515	-0.0405566543340683	-0.13622482120990753	-0.10254823416471481	-0.14214447140693665	0.042477741837501526	0.017620446160435677	-0.055427100509405136	0.2035757154226303	-0.18367807567119598	-0.0552368201315403	-0.08701888471841812	0.07527358829975128	-0.10785757005214691	0.03132752701640129	0.1805586963891983	-0.08199991285800934	0.22151057422161102	0.12624140083789825	0.14220429956912994	-0.038041383028030396	0.1632213443517685	-0.12135707587003708	-0.021099889650940895	-0.04568194970488548	0.15763282775878906	-0.16149963438510895	0.04013597220182419	-0.16431353986263275	0.16627410054206848	-0.07711447775363922	-0.13113819062709808	0.15115609765052795	-0.06464514881372452	0.11536218971014023	-0.03478730097413063	-0.06160518154501915	0.039699800312519073	-0.09437654167413712	-0.26571717858314514	-0.19669049978256226	-0.1498437076807022	-0.09176716208457947	0.2605834901332855	0.14555470645427704	-0.2030772566795349	-0.19322988390922546	0.1218579038977623	-0.08389946073293686	-0.08823947608470917	-0.06352748721837997	0.11558254808187485	0.0036305042449384928	0.1525002270936966
-0.08726175874471664	0.007258223369717598	-0.11909319460391998	0.13861703872680664	0.11462821066379547	0.0933363065123558	-0.0031730325426906347	-0.24926869571208954	0.21963173151016235	-0.14526309072971344	0.0842147246003151	0.15545527637004852	0.15138570964336395	-0.02171877585351467	0.16369269788265228	-0.001529867760837078	-0.05965366214513779	0.046305444091558456	-0.09091267734766006	0.15399831533432007	0.09767749905586243	0.07787619531154633	-0.10700475424528122	0.10252844542264938	-0.0003840902936644852	-0.00756129901856184	-0.014457997865974903	-0.14221273362636566	-0.07552254945039749	-0.0516425222158432	-0.03553510084748268	-0.17055824398994446	0.1146417111158371	-0.09487815201282501	0.05044056102633476	-0.15480872988700867	0.004570788238197565	-0.0475146509706974	0.06268508732318878	-0.15768326818943024	-0.03973495215177536	0.0749296098947525	-0.0636475533246994	-0.014939149841666222	-0.18232659995555878	0.11002202332019806	0.033311471343040466	0.04544375464320183	0.052192844450473785	0.09962007403373718	0.13307887315750122	0.021998144686222076	0.03828279674053192	-0.23679882287979126	-0.08169032633304596	0.14197185635566711	0.09899993985891342	-0.109363853931427	0.06706282496452332	0.08847935497760773	0.09922363609075546	-0.12017592042684555	0.061857812106609344	-0.17577232420444489
-0.08726175874471664	0.007258223369717598	-0.11909319460391998	0.13861703872680664	0.11462821066379547	0.0933363065123558	-0.0031730325426906347	-0.24926869571208954	0.21963173151016235	-0.14526309072971344	0.0842147246003151	0.15545527637004852	0.15138570964336395	-0.02171877585351467	0.16369269788265228	-0.001529867760837078	-0.05965366214513779	0.046305444091558456	-0.09091267734766006	0.15399831533432007	0.09767749905586243	0.07787619531154633	-0.10700475424528122	0.10252844542264938	-0.0003840902936644852	-0.00756129901856184	-0.014457997865974903	-0.14221273362636566	-0.07552254945039749	-0.0516425222158432	-0.03553510084748268	-0.17055824398994446	0.1146417111158371	-0.09487815201282501	0.05044056102633476	-0.15480872988700867	0.004570788238197565	-0.0475146509706974	0.06268508732318878	-0.15768326818943024	-0.03973495215177536	0.0749296098947525	-0.0636475533246994	-0.014939149841666222	-0.18232659995555878	0.11002202332019806	0.033311471343040466	0.04544375464320183	0.052192844450473785	0.09962007403373718	0.13307887315750122	0.021998144686222076	0.03828279674053192	-0.23679882287979126	-0.08169032633304596	0.14197185635566711	0.09899993985891342	-0.109363853931427	0.06706282496452332	0.08847935497760773	0.09922363609075546	-0.12017592042684555	0.061857812106609344	-0.17577232420444489
-0.08726175874471664	0.007258223369717598	-0.11909319460391998	0.13861703872680664	0.11462821066379547	0.0933363065123558	-0.0031730325426906347	-0.24926869571208954	0.21963173151016235	-0.14526309072971344	0.0842147246003151	0.15545527637004852	0.15138570964336395	-0.02171877585351467	0.16369269788265228	-0.001529867760837078	-0.05965366214513779	0.046305444091558456	-0.09091267734766006	0.15399831533432007	0.09767749905586243	0.07787619531154633	-0.10700475424528122	0.10252844542264938	-0.0003840902936644852	-0.00756129901856184	-0.014457997865974903	-0.14221273362636566	-0.07552254945039749	-0.0516425222158432	-0.03553510084748268	-0.17055824398994446	0.1146417111158371	-0.09487815201282501	0.05044056102633476	-0.15480872988700867	0.004570788238197565	-0.0475146509706974	0.06268508732318878	-0.15768326818943024	-0.03973495215177536	0.0749296098947525	-0.0636475533246994	-0.014939149841666222	-0.18232659995555878	0.11002202332019806	0.033311471343040466	0.04544375464320183	0.052192844450473785	0.09962007403373718	0.13307887315750122	0.021998144686222076	0.03828279674053192	-0.23679882287979126	-0.08169032633304596	0.14197185635566711	0.09899993985891342	-0.109363853931427	0.06706282496452332	0.08847935497760773	0.09922363609075546	-0.12017592042684555	0.061857812106609344	-0.17577232420444489
-0.005540368612855673	-0.054458703845739365	0.19335728883743286	-0.12146791815757751	0.08708678185939789	-0.21519604325294495	0.043468210846185684	0.36058688163757324	-0.26860904693603516	0.21727363765239716	-0.055457185953855515	-0.0405566543340683	-0.13622482120990753	-0.10254823416471481	-0.14214447140693665	0.042477741837501526	0.017620446160435677	-0.055427100509405136	0.2035757154226303	-0.18367807567119598	-0.0552368201315403	-0.08701888471841812	0.07527358829975128	-0.10785757005214691	0.03132752701640129	0.1805586963891983	-0.08199991285800934	0.22151057422161102	0.12624140083789825	0.14220429956912994	-0.038041383028030396	0.1632213443517685	-0.12135707587003708	-0.021099889650940895	-0.04568194970488548	0.15763282775878906	-0.16149963438510895	0.04013597220182419	-0.16431353986263275	0.16627410054206848	-0.07711447775363922	-0.13113819062709808	0.15115609765052795	-0.06464514881372452	0.11536218971014023	-0.03478730097413063	-0.06160518154501915	0.039699800312519073	-0.09437654167413712	-0.26571717858314514	-0.19669049978256226	-0.1498437076807022	-0.09176716208457947	0.2605834901332855	0.14555470645427704	-0.2030772566795349	-0.19322988390922546	0.1218579038977623	-0.08389946073293686	-0.08823947608470917	-0.06352748721837997	0.11558254808187485	0.0036305042449384928	0.1525002270936966
-0.08726175874471664	0.007258223369717598	-0.11909319460391998	0.13861703872680664	0.11462821066379547	0.0933363065123558	-0.0031730325426906347	-0.24926869571208954	0.21963173151016235	-0.14526309072971344	0.0842147246003151	0.15545527637004852	0.15138570964336395	-0.02171877585351467	0.16369269788265228	-0.001529867760837078	-0.05965366214513779	0.046305444091558456	-0.09091267734766006	0.15399831533432007	0.09767749905586243	0.07787619531154633	-0.10700475424528122	0.10252844542264938	-0.0003840902936644852	-0.00756129901856184	-0.014457997865974903	-0.14221273362636566	-0.07552254945039749	-0.0516425222158432	-0.03553510084748268	-0.17055824398994446	0.1146417111158371	-0.09487815201282501	0.05044056102633476	-0.15480872988700867	0.004570788238197565	-0.0475146509706974	0.06268508732318878	-0.15768326818943024	-0.03973495215177536	0.0749296098947525	-0.0636475533246994	-0.014939149841666222	-0.18232659995555878	0.11002202332019806	0.033311471343040466	0.04544375464320183	0.052192844450473785	0.09962007403373718	0.13307887315750122	0.021998144686222076	0.03828279674053192	-0.23679882287979126	-0.08169032633304596	0.14197185635566711	0.09899993985891342	-0.109363853931427	0.06706282496452332	0.08847935497760773	0.09922363609075546	-0.12017592042684555	0.061857812106609344	-0.17577232420444489
-0.08726175874471664	0.007258223369717598	-0.11909319460391998	0.13861703872680664	0.11462821066379547	0.0933363065123558	-0.0031730325426906347	-0.24926869571208954	0.21963173151016235	-0.14526309072971344	0.0842147246003151	0.15545527637004852	0.15138570964336395	-0.02171877585351467	0.16369269788265228	-0.001529867760837078	-0.05965366214513779	0.046305444091558456	-0.09091267734766006	0.15399831533432007	0.09767749905586243	0.07787619531154633	-0.10700475424528122	0.10252844542264938	-0.0003840902936644852	-0.00756129901856184	-0.014457997865974903	-0.14221273362636566	-0.07552254945039749	-0.0516425222158432	-0.03553510084748268	-0.17055824398994446	0.1146417111158371	-0.09487815201282501	0.05044056102633476	-0.15480872988700867	0.004570788238197565	-0.0475146509706974	0.06268508732318878	-0.15768326818943024	-0.03973495215177536	0.0749296098947525	-0.0636475533246994	-0.014939149841666222	-0.18232659995555878	0.11002202332019806	0.033311471343040466	0.04544375464320183	0.052192844450473785	0.09962007403373718	0.13307887315750122	0.021998144686222076	0.03828279674053192	-0.23679882287979126	-0.08169032633304596	0.14197185635566711	0.09899993985891342	-0.109363853931427	0.06706282496452332	0.08847935497760773	0.09922363609075546	-0.12017592042684555	0.061857812106609344	-0.17577232420444489
-0.005540368612855673	-0.054458703845739365	0.19335728883743286	-0.12146791815757751	0.08708678185939789	-0.21519604325294495	0.043468210846185684	0.36058688163757324	-0.26860904693603516	0.21727363765239716	-0.055457185953855515	-0.0405566543340683	-0.13622482120990753	-0.10254823416471481	-0.14214447140693665	0.042477741837501526	0.017620446160435677	-0.055427100509405136	0.2035757154226303	-0.18367807567119598	-0.0552368201315403	-0.08701888471841812	0.07527358829975128	-0.10785757005214691	0.03132752701640129	0.1805586963891983	-0.08199991285800934	0.22151057422161102	0.12624140083789825	0.14220429956912994	-0.038041383028030396	0.1632213443517685	-0.12135707587003708	-0.021099889650940895	-0.04568194970488548	0.15763282775878906	-0.16149963438510895	0.04013597220182419	-0.16431353986263275	0.16627410054206848	-0.07711447775363922	-0.13113819062709808	0.15115609765052795	-0.06464514881372452	0.11536218971014023	-0.03478730097413063	-0.06160518154501915	0.039699800312519073	-0.09437654167413712	-0.26571717858314514	-0.19669049978256226	-0.1498437076807022	-0.09176716208457947	0.2605834901332855	0.14555470645427704	-0.2030772566795349	-0.19322988390922546	0.1218579038977623	-0.08389946073293686	-0.08823947608470917	-0.06352748721837997	0.11558254808187485	0.0036305042449384928	0.1525002270936966
-0.005540368612855673	-0.054458703845739365	0.19335728883743286	-0.12146791815757751	0.08708678185939789	-0.21519604325294495	0.043468210846185684	0.36058688163757324	-0.26860904693603516	0.21727363765239716	-0.055457185953855515	-0.0405566543340683	-0.13622482120990753	-0.10254823416471481	-0.14214447140693665	0.042477741837501526	0.017620446160435677	-0.055427100509405136	0.2035757154226303	-0.18367807567119598	-0.0552368201315403	-0.08701888471841812	0.07527358829975128	-0.10785757005214691	0.03132752701640129	0.1805586963891983	-0.08199991285800934	0.22151057422161102	0.12624140083789825	0.14220429956912994	-0.038041383028030396	0.1632213443517685	-0.12135707587003708	-0.021099889650940895	-0.04568194970488548	0.15763282775878906	-0.16149963438510895	0.04013597220182419	-0.16431353986263275	0.16627410054206848	-0.07711447775363922	-0.13113819062709808	0.15115609765052795	-0.06464514881372452	0.11536218971014023	-0.03478730097413063	-0.06160518154501915	0.039699800312519073	-0.09437654167413712	-0.26571717858314514	-0.19669049978256226	-0.1498437076807022	-0.09176716208457947	0.2605834901332855	0.14555470645427704	-0.2030772566795349	-0.19322988390922546	0.1218579038977623	-0.08389946073293686	-0.08823947608470917	-0.06352748721837997	0.11558254808187485	0.0036305042449384928	0.1525002270936966
0.08116396516561508	0.006310942582786083	0.022666024044156075	-0.0710112452507019	-0.07233849912881851	-0.0014496410731226206	0.07404519617557526	-0.024173710495233536	0.056532230228185654	0.08120176941156387	-0.07378101348876953	-0.048160869628190994	-0.027221372351050377	0.013350208289921284	0.013621262274682522	-0.03941179811954498	-0.01563783921301365	0.04654980078339577	0.07076197862625122	-0.0816512405872345	-0.06828247010707855	-0.07207781821489334	-0.05553498491644859	0.06383857131004333	0.08215837180614471	-0.049400001764297485	-0.04925739765167236	0.029882827773690224	-0.04821844771504402	0.011331534944474697	-0.02791503258049488	-0.08697552233934402	-0.03601594641804695	0.0005842244136147201	-0.09790197014808655	0.0221080482006073	0.02058367244899273	0.011607863940298557	0.08170704543590546	-0.0526919960975647	0.014193526469171047	0.06857618689537048	0.03166358545422554	-0.031849220395088196	0.09623345732688904	-0.014070197939872742	-0.08467811346054077	-0.02204972878098488	0.02614879608154297	0.056857697665691376	0.030889324843883514	-0.009733966551721096	0.028169605880975723	-0.04084246605634689	-0.011094833724200726	-0.04438548535108566	-0.02952338196337223	0.045149024575948715	-0.06341351568698883	0.02507098950445652	-0.05548906326293945	0.08696681261062622	0.0048586903139948845	0.033686600625514984
-0.005540368612855673	-0.054458703845739365	0.19335728883743286	-0.12146791815757751	0.08708678185939789	-0.21519604325294495	0.043468210846185684	0.36058688163757324	-0.26860904693603516	0.21727363765239716	-0.055457185953855515	-0.0405566543340683	-0.13622482120990753	-0.10254823416471481	-0.14214447140693665	0.042477741837501526	0.017620446160435677	-0.055427100509405136	0.2035757154226303	-0.18367807567119598	-0.0552368201315403	-0.08701888471841812	0.07527358829975128	-0.10785757005214691	0.03132752701640129	0.1805586963891983	-0.08199991285800934	0.22151057422161102	0.12624140083789825	0.14220429956912994	-0.038041383028030396	0.1632213443517685	-0.12135707587003708	-0.021099889650940895	-0.04568194970488548	0.15763282775878906	-0.16149963438510895	0.04013597220182419	-0.16431353986263275	0.16627410054206848	-0.07711447775363922	-0.13113819062709808	0.15115609765052795	-0.06464514881372452	0.11536218971014023	-0.03478730097413063	-0.06160518154501915	0.039699800312519073	-0.09437654167413712	-0.26571717858314514	-0.19669049978256226	-0.1498437076807022	-0.09176716208457947	0.2605834901332855	0.14555470645427704	-0.2030772566795349	-0.19322988390922546	0.1218579038977623	-0.08389946073293686	-0.08823947608470917	-0.06352748721837997	0.11558254808187485	0.0036305042449384928	0.1525002270936966
-0.07433612644672394	0.04944539815187454	-0.12472765892744064	0.08360902220010757	-0.05512083321809769	0.09909230470657349	0.06381590664386749	-0.031858835369348526	0.041558727622032166	-0.0608585886657238	-0.000545004615560174	0.09172520786523819	0.054548345506191254	-0.08035594969987869	0.011707024648785591	-0.003024728037416935	0.07149409502744675	-0.020776905119419098	-0.012386403977870941	-0.04822733253240585	-0.05423537269234657	0.01671617664396763	-0.0734582394361496	0.0879814550280571	-0.0607786700129509	0.06495903432369232	-0.05310641974210739	-0.06970535963773727	-0.10276991128921509	-0.023150237277150154	-0.02130979113280773	-0.048095814883708954	-0.005666122771799564	0.04321169853210449	0.046491589397192	-0.07808869332075119	0.10227972269058228	-0.05852265655994415	0.053302548825740814	0.07206448912620544	-0.0758686289191246	-0.0724669024348259	0.05191656947135925	-0.06705943495035172	0.025406809523701668	0.023338785395026207	0.016545327380299568	-0.027595100924372673	-0.07019542157649994	0.07632608711719513	-0.0541495643556118	-0.06362883746623993	-0.05727265402674675	0.006307053379714489	0.06686732918024063	-0.007214631885290146	0.1062275767326355	0.01579524576663971	0.07050888240337372	0.023257290944457054	-0.05829266831278801	0.0006626701797358692	-0.042199913412332535	-0.12078343331813812
-0.08726175874471664	0.007258223369717598	-0.11909319460391998	0.13861703872680664	0.11462821066379547	0.0933363065123558	-0.0031730325426906347	-0.24926869571208954	0.21963173151016235	-0.14526309072971344	0.0842147246003151	0.15545527637004852	0.15138570964336395	-0.02171877585351467	0.16369269788265228	-0.001529867760837078	-0.05965366214513779	0.046305444091558456	-0.09091267734766006	0.15399831533432007	0.09767749905586243	0.07787619531154633	-0.10700475424528122	0.10252844542264938	-0.0003840902936644852	-0.00756129901856184	-0.014457997865974903	-0.14221273362636566	-0.07552254945039749	-0.0516425222158432	-0.03553510084748268	-0.17055824398994446	0.1146417111158371	-0.09487815201282501	0.05044056102633476	-0.15480872988700867	0.004570788238197565	-0.0475146509706974	0.06268508732318878	-0.15768326818943024	-0.03973495215177536	0.0749296098947525	-0.0636475533246994	-0.014939149841666222	-0.18232659995555878	0.11002202332019806	0.033311471343040466	0.04544375464320183	0.052192844450473785	0.09962007403373718	0.13307887315750122	0.021998144686222076	0.03828279674053192	-0.23679882287979126	-0.08169032633304596	0.14197185635566711	0.09899993985891342	-0.109363853931427	0.06706282496452332	0.08847935497760773	0.09922363609075546	-0.12017592042684555	0.061857812106609344	-0.17577232420444489
-0.005540368612855673	-0.054458703845739365	0.19335728883743286	-0.12146791815757751	0.08708678185939789	-0.21519604325294495	0.043468210846185684	0.36058688163757324	-0.26860904693603516	0.21727363765239716	-0.055457185953855515	-0.0405566543340683	-0.13622482120990753	-0.10254823416471481	-0.14214447140693665	0.042477741837501526	0.017620446160435677	-0.055427100509405136	0.2035757154226303	-0.18367807567119598	-0.0552368201315403	-0.08701888471841812	0.07527358829975128	-0.10785757005214691	0.03132752701640129	0.1805586963891983	-0.08199991285800934	0.22151057422161102	0.12624140083789825	0.14220429956912994	-0.038041383028030396	0.1632213443517685	-0.12135707587003708	-0.021099889650940895	-0.04568194970488548	0.15763282775878906	-0.16149963438510895	0.04013597220182419	-0.16431353986263275	0.16627410054206848	-0.07711447775363922	-0.13113819062709808	0.15115609765052795	-0.06464514881372452	0.11536218971014023	-0.03478730097413063	-0.06160518154501915	0.039699800312519073	-0.09437654167413712	-0.26571717858314514	-0.19669049978256226	-0.1498437076807022	-0.09176716208457947	0.2605834901332855	0.14555470645427704	-0.2030772566795349	-0.19322988390922546	0.1218579038977623	-0.08389946073293686	-0.08823947608470917	-0.06352748721837997	0.11558254808187485	0.0036305042449384928	0.1525002270936966
-0.08726175874471664	0.007258223369717598	-0.11909319460391998	0.13861703872680664	0.11462821066379547	0.0933363065123558	-0.0031730325426906347	-0.24926869571208954	0.21963173151016235	-0.14526309072971344	0.0842147246003151	0.15545527637004852	0.15138570964336395	-0.02171877585351467	0.16369269788265228	-0.001529867760837078	-0.05965366214513779	0.046305444091558456	-0.09091267734766006	0.15399831533432007	0.09767749905586243	0.07787619531154633	-0.10700475424528122	0.10252844542264938	-0.0003840902936644852	-0.00756129901856184	-0.014457997865974903	-0.14221273362636566	-0.07552254945039749	-0.0516425222158432	-0.03553510084748268	-0.17055824398994446	0.1146417111158371	-0.09487815201282501	0.05044056102633476	-0.15480872988700867	0.004570788238197565	-0.0475146509706974	0.06268508732318878	-0.15768326818943024	-0.03973495215177536	0.0749296098947525	-0.0636475533246994	-0.014939149841666222	-0.18232659995555878	0.11002202332019806	0.033311471343040466	0.04544375464320183	0.052192844450473785	0.09962007403373718	0.13307887315750122	0.021998144686222076	0.03828279674053192	-0.23679882287979126	-0.08169032633304596	0.14197185635566711	0.09899993985891342	-0.109363853931427	0.06706282496452332	0.08847935497760773	0.09922363609075546	-0.12017592042684555	0.061857812106609344	-0.17577232420444489
-0.08726175874471664	0.007258223369717598	-0.11909319460391998	0.13861703872680664	0.11462821066379547	0.0933363065123558	-0.0031730325426906347	-0.24926869571208954	0.21963173151016235	-0.14526309072971344	0.0842147246003151	0.15545527637004852	0.15138570964336395	-0.02171877585351467	0.16369269788265228	-0.001529867760837078	-0.05965366214513779	0.046305444091558456	-0.09091267734766006	0.15399831533432007	0.09767749905586243	0.07787619531154633	-0.10700475424528122	0.10252844542264938	-0.0003840902936644852	-0.00756129901856184	-0.014457997865974903	-0.14221273362636566	-0.07552254945039749	-0.0516425222158432	-0.03553510084748268	-0.17055824398994446	0.1146417111158371	-0.09487815201282501	0.05044056102633476	-0.15480872988700867	0.004570788238197565	-0.0475146509706974	0.06268508732318878	-0.15768326818943024	-0.03973495215177536	0.0749296098947525	-0.0636475533246994	-0.014939149841666222	-0.18232659995555878	0.11002202332019806	0.033311471343040466	0.04544375464320183	0.052192844450473785	0.09962007403373718	0.13307887315750122	0.021998144686222076	0.03828279674053192	-0.23679882287979126	-0.08169032633304596	0.14197185635566711	0.09899993985891342	-0.109363853931427	0.06706282496452332	0.08847935497760773	0.09922363609075546	-0.12017592042684555	0.061857812106609344	-0.17577232420444489
-0.08726175874471664	0.007258223369717598	-0.11909319460391998	0.13861703872680664	0.11462821066379547	0.0933363065123558	-0.0031730325426906347	-0.24926869571208954	0.21963173151016235	-0.14526309072971344	0.0842147246003151	0.15545527637004852	0.15138570964336395	-0.02171877585351467	0.16369269788265228	-0.001529867760837078	-0.05965366214513779	0.046305444091558456	-0.09091267734766006	0.15399831533432007	0.09767749905586243	0.07787619531154633	-0.10700475424528122	0.10252844542264938	-0.0003840902936644852	-0.00756129901856184	-0.014457997865974903	-0.14221273362636566	-0.07552254945039749	-0.0516425222158432	-0.03553510084748268	-0.17055824398994446	0.1146417111158371	-0.09487815201282501	0.05044056102633476	-0.15480872988700867	0.004570788238197565	-0.0475146509706974	0.06268508732318878	-0.15768326818943024	-0.03973495215177536	0.0749296098947525	-0.0636475533246994	-0.014939149841666222	-0.18232659995555878	0.11002202332019806	0.033311471343040466	0.04544375464320183	0.052192844450473785	0.09962007403373718	0.13307887315750122	0.021998144686222076	0.03828279674053192	-0.23679882287979126	-0.08169032633304596	0.14197185635566711	0.09899993985891342	-0.109363853931427	0.06706282496452332	0.08847935497760773	0.09922363609075546	-0.12017592042684555	0.061857812106609344	-0.17577232420444489
-0.005540368612855673	-0.054458703845739365	0.19335728883743286	-0.12146791815757751	0.08708678185939789	-0.21519604325294495	0.043468210846185684	0.36058688163757324	-0.26860904693603516	0.21727363765239716	-0.055457185953855515	-0.0405566543340683	-0.13622482120990753	-0.10254823416471481	-0.14214447140693665	0.042477741837501526	0.017620446160435677	-0.055427100509405136	0.2035757154226303	-0.18367807567119598	-0.0552368201315403	-0.08701888471841812	0.07527358829975128	-0.10785757005214691	0.03132752701640129	0.1805586963891983	-0.08199991285800934	0.22151057422161102	0.12624140083789825	0.14220429956912994	-0.038041383028030396	0.1632213443517685	-0.12135707587003708	-0.021099889650940895	-0.04568194970488548	0.15763282775878906	-0.16149963438510895	0.04013597220182419	-0.16431353986263275	0.16627410054206848	-0.07711447775363922	-0.13113819062709808	0.15115609765052795	-0.06464514881372452	0.11536218971014023	-0.03478730097413063	-0.06160518154501915	0.039699800312519073	-0.09437654167413712	-0.26571717858314514	-0.19669049978256226	-0.1498437076807022	-0.09176716208457947	0.2605834901332855	0.14555470645427704	-0.2030772566795349	-0.19322988390922546	0.1218579038977623	-0.08389946073293686	-0.08823947608470917	-0.06352748721837997	0.11558254808187485	0.0036305042449384928	0.1525002270936966
-0.07433612644672394	0.04944539815187454	-0.12472765892744064	0.08360902220010757	-0.05512083321809769	0.09909230470657349	0.06381590664386749	-0.031858835369348526	0.041558727622032166	-0.0608585886657238	-0.000545004615560174	0.09172520786523819	0.054548345506191254	-0.08035594969987869	0.011707024648785591	-0.003024728037416935	0.07149409502744675	-0.020776905119419098	-0.012386403977870941	-0.04822733253240585	-0.05423537269234657	0.01671617664396763	-0.0734582394361496	0.0879814550280571	-0.0607786700129509	0.06495903432369232	-0.05310641974210739	-0.06970535963773727	-0.10276991128921509	-0.023150237277150154	-0.02130979113280773	-0.048095814883708954	-0.005666122771799564	0.04321169853210449	0.046491589397192	-0.07808869332075119	0.10227972269058228	-0.05852265655994415	0.053302548825740814	0.07206448912620544	-0.0758686289191246	-0.0724669024348259	0.05191656947135925	-0.06705943495035172	0.025406809523701668	0.023338785395026207	0.016545327380299568	-0.027595100924372673	-0.07019542157649994	0.07632608711719513	-0.0541495643556118	-0.06362883746623993	-0.05727265402674675	0.006307053379714489	0.06686732918024063	-0.007214631885290146	0.1062275767326355	0.01579524576663971	0.07050888240337372	0.023257290944457054	-0.05829266831278801	0.0006626701797358692	-0.042199913412332535	-0.12078343331813812
-0.07433612644672394	0.04944539815187454	-0.12472765892744064	0.08360902220010757	-0.05512083321809769	0.09909230470657349	0.06381590664386749	-0.031858835369348526	0.041558727622032166	-0.0608585886657238	-0.000545004615560174	0.09172520786523819	0.054548345506191254	-0.08035594969987869	0.011707024648785591	-0.003024728037416935	0.07149409502744675	-0.020776905119419098	-0.012386403977870941	-0.04822733253240585	-0.05423537269234657	0.01671617664396763	-0.0734582394361496	0.0879814550280571	-0.0607786700129509	0.06495903432369232	-0.05310641974210739	-0.06970535963773727	-0.10276991128921509	-0.023150237277150154	-0.02130979113280773	-0.048095814883708954	-0.005666122771799564	0.04321169853210449	0.046491589397192	-0.07808869332075119	0.10227972269058228	-0.05852265655994415	0.053302548825740814	0.07206448912620544	-0.0758686289191246	-0.0724669024348259	0.05191656947135925	-0.06705943495035172	0.025406809523701668	0.023338785395026207	0.016545327380299568	-0.027595100924372673	-0.07019542157649994	0.07632608711719513	-0.0541495643556118	-0.06362883746623993	-0.05727265402674675	0.006307053379714489	0.06686732918024063	-0.007214631885290146	0.1062275767326355	0.01579524576663971	0.07050888240337372	0.023257290944457054	-0.05829266831278801	0.0006626701797358692	-0.042199913412332535	-0.12078343331813812
-0.005540368612855673	-0.054458703845739365	0.19335728883743286	-0.12146791815757751	0.08708678185939789	-0.21519604325294495	0.043468210846185684	0.36058688163757324	-0.26860904693603516	0.21727363765239716	-0.055457185953855515	-0.0405566543340683	-0.13622482120990753	-0.10254823416471481	-0.14214447140693665	0.042477741837501526	0.017620446160435677	-0.055427100509405136	0.2035757154226303	-0.18367807567119598	-0.0552368201315403	-0.08701888471841812	0.07527358829975128	-0.10785757005214691	0.03132752701640129	0.1805586963891983	-0.08199991285800934	0.22151057422161102	0.12624140083789825	0.14220429956912994	-0.038041383028030396	0.1632213443517685	-0.12135707587003708	-0.021099889650940895	-0.04568194970488548	0.15763282775878906	-0.16149963438510895	0.04013597220182419	-0.16431353986263275	0.16627410054206848	-0.07711447775363922	-0.13113819062709808	0.15115609765052795	-0.06464514881372452	0.11536218971014023	-0.03478730097413063	-0.06160518154501915	0.039699800312519073	-0.09437654167413712	-0.26571717858314514	-0.19669049978256226	-0.1498437076807022	-0.09176716208457947	0.2605834901332855	0.14555470645427704	-0.2030772566795349	-0.19322988390922546	0.1218579038977623	-0.08389946073293686	-0.08823947608470917	-0.06352748721837997	0.11558254808187485	0.0036305042449384928	0.1525002270936966
-0.005540368612855673	-0.054458703845739365	0.19335728883743286	-0.12146791815757751	0.08708678185939789	-0.21519604325294495	0.043468210846185684	0.36058688163757324	-0.26860904693603516	0.21727363765239716	-0.055457185953855515	-0.0405566543340683	-0.13622482120990753	-0.10254823416471481	-0.14214447140693665	0.042477741837501526	0.017620446160435677	-0.055427100509405136	0.2035757154226303	-0.18367807567119598	-0.0552368201315403	-0.08701888471841812	0.07527358829975128	-0.10785757005214691	0.03132752701640129	0.1805586963891983	-0.08199991285800934	0.22151057422161102	0.12624140083789825	0.14220429956912994	-0.038041383028030396	0.1632213443517685	-0.12135707587003708	-0.021099889650940895	-0.04568194970488548	0.15763282775878906	-0.16149963438510895	0.04013597220182419	-0.16431353986263275	0.16627410054206848	-0.07711447775363922	-0.13113819062709808	0.15115609765052795	-0.06464514881372452	0.11536218971014023	-0.03478730097413063	-0.06160518154501915	0.039699800312519073	-0.09437654167413712	-0.26571717858314514	-0.19669049978256226	-0.1498437076807022	-0.09176716208457947	0.2605834901332855	0.14555470645427704	-0.2030772566795349	-0.19322988390922546	0.1218579038977623	-0.08389946073293686	-0.08823947608470917	-0.06352748721837997	0.11558254808187485	0.0036305042449384928	0.1525002270936966
-0.005540368612855673	-0.054458703845739365	0.19335728883743286	-0.12146791815757751	0.08708678185939789	-0.21519604325294495	0.043468210846185684	0.36058688163757324	-0.26860904693603516	0.21727363765239716	-0.055457185953855515	-0.0405566543340683	-0.13622482120990753	-0.10254823416471481	-0.14214447140693665	0.042477741837501526	0.017620446160435677	-0.055427100509405136	0.2035757154226303	-0.18367807567119598	-0.0552368201315403	-0.08701888471841812	0.07527358829975128	-0.10785757005214691	0.03132752701640129	0.1805586963891983	-0.08199991285800934	0.22151057422161102	0.12624140083789825	0.14220429956912994	-0.038041383028030396	0.1632213443517685	-0.12135707587003708	-0.021099889650940895	-0.04568194970488548	0.15763282775878906	-0.16149963438510895	0.04013597220182419	-0.16431353986263275	0.16627410054206848	-0.07711447775363922	-0.13113819062709808	0.15115609765052795	-0.06464514881372452	0.11536218971014023	-0.03478730097413063	-0.06160518154501915	0.039699800312519073	-0.09437654167413712	-0.26571717858314514	-0.19669049978256226	-0.1498437076807022	-0.09176716208457947	0.2605834901332855	0.14555470645427704	-0.2030772566795349	-0.19322988390922546	0.1218579038977623	-0.08389946073293686	-0.08823947608470917	-0.06352748721837997	0.11558254808187485	0.0036305042449384928	0.1525002270936966
-0.08726175874471664	0.007258223369717598	-0.11909319460391998	0.13861703872680664	0.11462821066379547	0.0933363065123558	-0.0031730325426906347	-0.24926869571208954	0.21963173151016235	-0.14526309072971344	0.0842147246003151	0.15545527637004852	0.15138570964336395	-0.02171877585351467	0.16369269788265228	-0.001529867760837078	-0.05965366214513779	0.046305444091558456	-0.09091267734766006	0.15399831533432007	0.09767749905586243	0.07787619531154633	-0.10700475424528122	0.10252844542264938	-0.0003840902936644852	-0.00756129901856184	-0.014457997865974903	-0.14221273362636566	-0.07552254945039749	-0.0516425222158432	-0.03553510084748268	-0.17055824398994446	0.1146417111158371	-0.09487815201282501	0.05044056102633476	-0.15480872988700867	0.004570788238197565	-0.0475146509706974	0.06268508732318878	-0.15768326818943024	-0.03973495215177536	0.0749296098947525	-0.0636475533246994	-0.014939149841666222	-0.18232659995555878	0.11002202332019806	0.033311471343040466	0.04544375464320183	0.052192844450473785	0.09962007403373718	0.13307887315750122	0.021998144686222076	0.03828279674053192	-0.23679882287979126	-0.08169032633304596	0.14197185635566711	0.09899993985891342	-0.109363853931427	0.06706282496452332	0.08847935497760773	0.09922363609075546	-0.12017592042684555	0.061857812106609344	-0.17577232420444489
-0.005540368612855673	-0.054458703845739365	0.19335728883743286	-0.12146791815757751	0.08708678185939789	-0.21519604325294495	0.043468210846185684	0.36058688163757324	-0.26860904693603516	0.21727363765239716	-0.055457185953855515	-0.0405566543340683	-0.13622482120990753	-0.10254823416471481	-0.14214447140693665	0.042477741837501526	0.017620446160435677	-0.055427100509405136	0.2035757154226303	-0.18367807567119598	-0.0552368201315403	-0.08701888471841812	0.07527358829975128	-0.10785757005214691	0.03132752701640129	0.1805586963891983	-0.08199991285800934	0.22151057422161102	0.12624140083789825	0.14220429956912994	-0.038041383028030396	0.1632213443517685	-0.12135707587003708	-0.021099889650940895	-0.04568194970488548	0.15763282775878906	-0.16149963438510895	0.04013597220182419	-0.16431353986263275	0.16627410054206848	-0.07711447775363922	-0.13113819062709808	0.15115609765052795	-0.06464514881372452	0.11536218971014023	-0.03478730097413063	-0.06160518154501915	0.039699800312519073	-0.09437654167413712	-0.26571717858314514	-0.19669049978256226	-0.1498437076807022	-0.09176716208457947	0.2605834901332855	0.14555470645427704	-0.2030772566795349	-0.19322988390922546	0.1218579038977623	-0.08389946073293686	-0.08823947608470917	-0.06352748721837997	0.11558254808187485	0.0036305042449384928	0.1525002270936966
-0.08726175874471664	0.007258223369717598	-0.11909319460391998	0.13861703872680664	0.11462821066379547	0.0933363065123558	-0.0031730325426906347	-0.24926869571208954	0.21963173151016235	-0.14526309072971344	0.0842147246003151	0.15545527637004852	0.15138570964336395	-0.02171877585351467	0.16369269788265228	-0.001529867760837078	-0.05965366214513779	0.046305444091558456	-0.09091267734766006	0.15399831533432007	0.09767749905586243	0.07787619531154633	-0.10700475424528122	0.10252844542264938	-0.0003840902936644852	-0.00756129901856184	-0.014457997865974903	-0.14221273362636566	-0.07552254945039749	-0.0516425222158432	-0.03553510084748268	-0.17055824398994446	0.1146417111158371	-0.09487815201282501	0.05044056102633476	-0.15480872988700867	0.004570788238197565	-0.0475146509706974	0.06268508732318878	-0.15768326818943024	-0.03973495215177536	0.0749296098947525	-0.0636475533246994	-0.014939149841666222	-0.18232659995555878	0.11002202332019806	0.033311471343040466	0.04544375464320183	0.052192844450473785	0.09962007403373718	0.13307887315750122	0.021998144686222076	0.03828279674053192	-0.23679882287979126	-0.08169032633304596	0.14197185635566711	0.09899993985891342	-0.109363853931427	0.06706282496452332	0.08847935497760773	0.09922363609075546	-0.12017592042684555	0.061857812106609344	-0.17577232420444489
-0.08726175874471664	0.007258223369717598	-0.11909319460391998	0.13861703872680664	0.11462821066379547	0.0933363065123558	-0.0031730325426906347	-0.24926869571208954	0.21963173151016235	-0.14526309072971344	0.0842147246003151	0.15545527637004852	0.15138570964336395	-0.02171877585351467	0.16369269788265228	-0.001529867760837078	-0.05965366214513779	0.046305444091558456	-0.09091267734766006	0.15399831533432007	0.09767749905586243	0.07787619531154633	-0.10700475424528122	0.10252844542264938	-0.0003840902936644852	-0.00756129901856184	-0.014457997865974903	-0.14221273362636566	-0.07552254945039749	-0.0516425222158432	-0.03553510084748268	-0.17055824398994446	0.1146417111158371	-0.09487815201282501	0.05044056102633476	-0.15480872988700867	0.004570788238197565	-0.0475146509706974	0.06268508732318878	-0.15768326818943024	-0.03973495215177536	0.0749296098947525	-0.0636475533246994	-0.014939149841666222	-0.18232659995555878	0.11002202332019806	0.033311471343040466	0.04544375464320183	0.052192844450473785	0.09962007403373718	0.13307887315750122	0.021998144686222076	0.03828279674053192	-0.23679882287979126	-0.08169032633304596	0.14197185635566711	0.09899993985891342	-0.109363853931427	0.06706282496452332	0.08847935497760773	0.09922363609075546	-0.12017592042684555	0.061857812106609344	-0.17577232420444489
-0.005540368612855673	-0.054458703845739365	0.19335728883743286	-0.12146791815757751	0.08708678185939789	-0.21519604325294495	0.043468210846185684	0.36058688163757324	-0.26860904693603516	0.21727363765239716	-0.055457185953855515	-0.0405566543340683	-0.13622482120990753	-0.10254823416471481	-0.14214447140693665	0.042477741837501526	0.017620446160435677	-0.055427100509405136	0.2035757154226303	-0.18367807567119598	-0.0552368201315403	-0.08701888471841812	0.07527358829975128	-0.10785757005214691	0.03132752701640129	0.1805586963891983	-0.08199991285800934	0.22151057422161102	0.12624140083789825	0.14220429956912994	-0.038041383028030396	0.1632213443517685	-0.12135707587003708	-0.021099889650940895	-0.04568194970488548	0.15763282775878906	-0.16149963438510895	0.04013597220182419	-0.16431353986263275	0.16627410054206848	-0.07711447775363922	-0.13113819062709808	0.15115609765052795	-0.06464514881372452	0.11536218971014023	-0.03478730097413063	-0.06160518154501915	0.039699800312519073	-0.09437654167413712	-0.26571717858314514	-0.19669049978256226	-0.1498437076807022	-0.09176716208457947	0.2605834901332855	0.14555470645427704	-0.2030772566795349	-0.19322988390922546	0.1218579038977623	-0.08389946073293686	-0.08823947608470917	-0.06352748721837997	0.11558254808187485	0.0036305042449384928	0.1525002270936966
-0.005540368612855673	-0.054458703845739365	0.19335728883743286	-0.12146791815757751	0.08708678185939789	-0.21519604325294495	0.043468210846185684	0.36058688163757324	-0.26860904693603516	0.21727363765239716	-0.055457185953855515	-0.0405566543340683	-0.13622482120990753	-0.10254823416471481	-0.14214447140693665	0.042477741837501526	0.017620446160435677	-0.055427100509405136	0.2035757154226303	-0.18367807567119598	-0.0552368201315403	-0.08701888471841812	0.07527358829975128	-0.10785757005214691	0.03132752701640129	0.1805586963891983	-0.08199991285800934	0.22151057422161102	0.12624140083789825	0.14220429956912994	-0.038041383028030396	0.1632213443517685	-0.12135707587003708	-0.021099889650940895	-0.04568194970488548	0.15763282775878906	-0.16149963438510895	0.04013597220182419	-0.16431353986263275	0.16627410054206848	-0.07711447775363922	-0.13113819062709808	0.15115609765052795	-0.06464514881372452	0.11536218971014023	-0.03478730097413063	-0.06160518154501915	0.039699800312519073	-0.09437654167413712	-0.26571717858314514	-0.19669049978256226	-0.1498437076807022	-0.09176716208457947	0.2605834901332855	0.14555470645427704	-0.2030772566795349	-0.19322988390922546	0.1218579038977623	-0.08389946073293686	-0.08823947608470917	-0.06352748721837997	0.11558254808187485	0.0036305042449384928	0.1525002270936966
-0.07644042372703552	0.03280193731188774	0.028897104784846306	-0.022979067638516426	-0.06401348859071732	-0.03477269783616066	0.0909198597073555	0.037440765649080276	0.056938476860523224	0.06606990098953247	0.009755773469805717	0.03461318463087082	0.06557797640562057	-0.05306678265333176	0.09849721193313599	-0.07069947570562363	-0.039638955146074295	0.08217065036296844	-0.10251548886299133	-0.021876109763979912	-0.04519239813089371	-0.0934620127081871	-0.05616654455661774	0.023945223540067673	-0.04406038299202919	-0.06015566736459732	-0.0761626660823822	-0.013541319407522678	-0.049041472375392914	0.04373232647776604	-0.09184306859970093	-0.05915508419275284	0.023101553320884705	-0.04449049383401871	-0.08854838460683823	0.006678054574877024	0.010253043845295906	0.048299554735422134	-0.08821713179349899	-0.03353710472583771	0.07300599664449692	0.10383927822113037	0.08202988654375076	0.00034052913542836905	-0.0291089229285717	-0.065807044506073	0.09139253199100494	0.09166145324707031	0.0176830030977726	0.08256839960813522	0.09117646515369415	0.06614107638597488	0.0018168878741562366	0.07543604075908661	-0.08159317076206207	-0.037157975137233734	0.012973272241652012	0.09228330850601196	-0.053218379616737366	-0.09666554629802704	-0.10003252327442169	0.00995846837759018	-0.050284527242183685	0.07661447674036026
-0.005540368612855673	-0.054458703845739365	0.19335728883743286	-0.12146791815757751	0.08708678185939789	-0.21519604325294495	0.043468210846185684	0.36058688163757324	-0.26860904693603516	0.21727363765239716	-0.055457185953855515	-0.0405566543340683	-0.13622482120990753	-0.10254823416471481	-0.14214447140693665	0.042477741837501526	0.017620446160435677	-0.055427100509405136	0.2035757154226303	-0.18367807567119598	-0.0552368201315403	-0.08701888471841812	0.07527358829975128	-0.10785757005214691	0.03132752701640129	0.1805586963891983	-0.08199991285800934	0.22151057422161102	0.12624140083789825	0.14220429956912994	-0.038041383028030396	0.1632213443517685	-0.12135707587003708	-0.021099889650940895	-0.04568194970488548	0.15763282775878906	-0.16149963438510895	0.04013597220182419	-0.16431353986263275	0.16627410054206848	-0.07711447775363922	-0.13113819062709808	0.15115609765052795	-0.06464514881372452	0.11536218971014023	-0.03478730097413063	-0.06160518154501915	0.039699800312519073	-0.09437654167413712	-0.26571717858314514	-0.19669049978256226	-0.1498437076807022	-0.09176716208457947	0.2605834901332855	0.14555470645427704	-0.2030772566795349	-0.19322988390922546	0.1218579038977623	-0.08389946073293686	-0.08823947608470917	-0.06352748721837997	0.11558254808187485	0.0036305042449384928	0.1525002270936966
-0.08726175874471664	0.007258223369717598	-0.11909319460391998	0.13861703872680664	0.11462821066379547	0.0933363065123558	-0.0031730325426906347	-0.24926869571208954	0.21963173151016235	-0.14526309072971344	0.0842147246003151	0.15545527637004852	0.15138570964336395	-0.02171877585351467	0.16369269788265228	-0.001529867760837078	-0.05965366214513779	0.046305444091558456	-0.09091267734766006	0.15399831533432007	0.09767749905586243	0.07787619531154633	-0.10700475424528122	0.10252844542264938	-0.0003840902936644852	-0.00756129901856184	-0.014457997865974903	-0.14221273362636566	-0.07552254945039749	-0.0516425222158432	-0.03553510084748268	-0.17055824398994446	0.1146417111158371	-0.09487815201282501	0.05044056102633476	-0.15480872988700867	0.004570788238197565	-0.0475146509706974	0.06268508732318878	-0.15768326818943024	-0.03973495215177536	0.0749296098947525	-0.0636475533246994	-0.014939149841666222	-0.18232659995555878	0.11002202332019806	0.033311471343040466	0.04544375464320183	0.052192844450473785	0.09962007403373718	0.13307887315750122	0.021998144686222076	0.03828279674053192	-0.23679882287979126	-0.08169032633304596	0.14197185635566711	0.09899993985891342	-0.109363853931427	0.06706282496452332	0.08847935497760773	0.09922363609075546	-0.12017592042684555	0.061857812106609344	-0.17577232420444489
-0.07433612644672394	0.04944539815187454	-0.12472765892744064	0.08360902220010757	-0.05512083321809769	0.09909230470657349	0.06381590664386749	-0.031858835369348526	0.041558727622032166	-0.0608585886657238	-0.000545004615560174	0.09172520786523819	0.054548345506191254	-0.08035594969987869	0.011707024648785591	-0.003024728037416935	0.07149409502744675	-0.020776905119419098	-0.012386403977870941	-0.04822733253240585	-0.05423537269234657	0.01671617664396763	-0.0734582394361496	0.0879814550280571	-0.0607786700129509	0.06495903432369232	-0.05310641974210739	-0.06970535963773727	-0.10276991128921509	-0.023150237277150154	-0.02130979113280773	-0.048095814883708954	-0.005666122771799564	0.04321169853210449	0.046491589397192	-0.07808869332075119	0.10227972269058228	-0.05852265655994415	0.053302548825740814	0.07206448912620544	-0.0758686289191246	-0.0724669024348259	0.05191656947135925	-0.06705943495035172	0.025406809523701668	0.023338785395026207	0.016545327380299568	-0.027595100924372673	-0.07019542157649994	0.07632608711719513	-0.0541495643556118	-0.06362883746623993	-0.05727265402674675	0.006307053379714489	0.06686732918024063	-0.007214631885290146	0.1062275767326355	0.01579524576663971	0.07050888240337372	0.023257290944457054	-0.05829266831278801	0.0006626701797358692	-0.042199913412332535	-0.12078343331813812
-0.005540368612855673	-0.054458703845739365	0.19335728883743286	-0.12146791815757751	0.08708678185939789	-0.21519604325294495	0.043468210846185684	0.36058688163757324	-0.26860904693603516	0.21727363765239716	-0.055457185953855515	-0.0405566543340683	-0.13622482120990753	-0.10254823416471481	-0.14214447140693665	0.042477741837501526	0.017620446160435677	-0.055427100509405136	0.2035757154226303	-0.18367807567119598	-0.0552368201315403	-0.08701888471841812	0.07527358829975128	-0.10785757005214691	0.03132752701640129	0.1805586963891983	-0.08199991285800934	0.22151057422161102	0.12624140083789825	0.14220429956912994	-0.038041383028030396	0.1632213443517685	-0.12135707587003708	-0.021099889650940895	-0.04568194970488548	0.15763282775878906	-0.16149963438510895	0.04013597220182419	-0.16431353986263275	0.16627410054206848	-0.07711447775363922	-0.13113819062709808	0.15115609765052795	-0.06464514881372452	0.11536218971014023	-0.03478730097413063	-0.06160518154501915	0.039699800312519073	-0.09437654167413712	-0.26571717858314514	-0.19669049978256226	-0.1498437076807022	-0.09176716208457947	0.2605834901332855	0.14555470645427704	-0.2030772566795349	-0.19322988390922546	0.1218579038977623	-0.08389946073293686	-0.08823947608470917	-0.06352748721837997	0.11558254808187485	0.0036305042449384928	0.1525002270936966
-0.08726175874471664	0.007258223369717598	-0.11909319460391998	0.13861703872680664	0.11462821066379547	0.0933363065123558	-0.0031730325426906347	-0.24926869571208954	0.21963173151016235	-0.14526309072971344	0.0842147246003151	0.15545527637004852	0.15138570964336395	-0.02171877585351467	0.16369269788265228	-0.001529867760837078	-0.05965366214513779	0.046305444091558456	-0.09091267734766006	0.15399831533432007	0.09767749905586243	0.07787619531154633	-0.10700475424528122	0.10252844542264938	-0.0003840902936644852	-0.00756129901856184	-0.014457997865974903	-0.14221273362636566	-0.07552254945039749	-0.0516425222158432	-0.03553510084748268	-0.17055824398994446	0.1146417111158371	-0.09487815201282501	0.05044056102633476	-0.15480872988700867	0.004570788238197565	-0.0475146509706974	0.06268508732318878	-0.15768326818943024	-0.03973495215177536	0.0749296098947525	-0.0636475533246994	-0.014939149841666222	-0.18232659995555878	0.11002202332019806	0.033311471343040466	0.04544375464320183	0.052192844450473785	0.09962007403373718	0.13307887315750122	0.021998144686222076	0.03828279674053192	-0.23679882287979126	-0.08169032633304596	0.14197185635566711	0.09899993985891342	-0.109363853931427	0.06706282496452332	0.08847935497760773	0.09922363609075546	-0.12017592042684555	0.061857812106609344	-0.17577232420444489
-0.08726175874471664	0.007258223369717598	-0.11909319460391998	0.13861703872680664	0.11462821066379547	0.0933363065123558	-0.0031730325426906347	-0.24926869571208954	0.21963173151016235	-0.14526309072971344	0.0842147246003151	0.15545527637004852	0.15138570964336395	-0.02171877585351467	0.16369269788265228	-0.001529867760837078	-0.05965366214513779	0.046305444091558456	-0.09091267734766006	0.15399831533432007	0.09767749905586243	0.07787619531154633	-0.10700475424528122	0.10252844542264938	-0.0003840902936644852	-0.00756129901856184	-0.014457997865974903	-0.14221273362636566	-0.07552254945039749	-0.0516425222158432	-0.03553510084748268	-0.17055824398994446	0.1146417111158371	-0.09487815201282501	0.05044056102633476	-0.15480872988700867	0.004570788238197565	-0.0475146509706974	0.06268508732318878	-0.15768326818943024	-0.03973495215177536	0.0749296098947525	-0.0636475533246994	-0.014939149841666222	-0.18232659995555878	0.11002202332019806	0.033311471343040466	0.04544375464320183	0.052192844450473785	0.09962007403373718	0.13307887315750122	0.021998144686222076	0.03828279674053192	-0.23679882287979126	-0.08169032633304596	0.14197185635566711	0.09899993985891342	-0.109363853931427	0.06706282496452332	0.08847935497760773	0.09922363609075546	-0.12017592042684555	0.061857812106609344	-0.17577232420444489
-0.005540368612855673	-0.054458703845739365	0.19335728883743286	-0.12146791815757751	0.08708678185939789	-0.21519604325294495	0.043468210846185684	0.36058688163757324	-0.26860904693603516	0.21727363765239716	-0.055457185953855515	-0.0405566543340683	-0.13622482120990753	-0.10254823416471481	-0.14214447140693665	0.042477741837501526	0.017620446160435677	-0.055427100509405136	0.2035757154226303	-0.18367807567119598	-0.0552368201315403	-0.08701888471841812	0.07527358829975128	-0.10785757005214691	0.03132752701640129	0.1805586963891983	-0.08199991285800934	0.22151057422161102	0.12624140083789825	0.14220429956912994	-0.038041383028030396	0.1632213443517685	-0.12135707587003708	-0.021099889650940895	-0.04568194970488548	0.15763282775878906	-0.16149963438510895	0.04013597220182419	-0.16431353986263275	0.16627410054206848	-0.07711447775363922	-0.13113819062709808	0.15115609765052795	-0.06464514881372452	0.11536218971014023	-0.03478730097413063	-0.06160518154501915	0.039699800312519073	-0.09437654167413712	-0.26571717858314514	-0.19669049978256226	-0.1498437076807022	-0.09176716208457947	0.2605834901332855	0.14555470645427704	-0.2030772566795349	-0.19322988390922546	0.1218579038977623	-0.08389946073293686	-0.08823947608470917	-0.06352748721837997	0.11558254808187485	0.0036305042449384928	0.1525002270936966
-0.005540368612855673	-0.054458703845739365	0.19335728883743286	-0.12146791815757751	0.08708678185939789	-0.21519604325294495	0.043468210846185684	0.36058688163757324	-0.26860904693603516	0.21727363765239716	-0.055457185953855515	-0.0405566543340683	-0.13622482120990753	-0.10254823416471481	-0.14214447140693665	0.042477741837501526	0.017620446160435677	-0.055427100509405136	0.2035757154226303	-0.18367807567119598	-0.0552368201315403	-0.08701888471841812	0.07527358829975128	-0.10785757005214691	0.03132752701640129	0.1805586963891983	-0.08199991285800934	0.22151057422161102	0.12624140083789825	0.14220429956912994	-0.038041383028030396	0.1632213443517685	-0.12135707587003708	-0.021099889650940895	-0.04568194970488548	0.15763282775878906	-0.16149963438510895	0.04013597220182419	-0.16431353986263275	0.16627410054206848	-0.07711447775363922	-0.13113819062709808	0.15115609765052795	-0.06464514881372452	0.11536218971014023	-0.03478730097413063	-0.06160518154501915	0.039699800312519073	-0.09437654167413712	-0.26571717858314514	-0.19669049978256226	-0.1498437076807022	-0.09176716208457947	0.2605834901332855	0.14555470645427704	-0.2030772566795349	-0.19322988390922546	0.1218579038977623	-0.08389946073293686	-0.08823947608470917	-0.06352748721837997	0.11558254808187485	0.0036305042449384928	0.1525002270936966
-0.08726175874471664	0.007258223369717598	-0.11909319460391998	0.13861703872680664	0.11462821066379547	0.0933363065123558	-0.0031730325426906347	-0.24926869571208954	0.21963173151016235	-0.14526309072971344	0.0842147246003151	0.15545527637004852	0.15138570964336395	-0.02171877585351467	0.16369269788265228	-0.001529867760837078	-0.05965366214513779	0.046305444091558456	-0.09091267734766006	0.15399831533432007	0.09767749905586243	0.07787619531154633	-0.10700475424528122	0.10252844542264938	-0.0003840902936644852	-0.00756129901856184	-0.014457997865974903	-0.14221273362636566	-0.07552254945039749	-0.0516425222158432	-0.03553510084748268	-0.17055824398994446	0.1146417111158371	-0.09487815201282501	0.05044056102633476	-0.15480872988700867	0.004570788238197565	-0.0475146509706974	0.06268508732318878	-0.15768326818943024	-0.03973495215177536	0.0749296098947525	-0.0636475533246994	-0.014939149841666222	-0.18232659995555878	0.11002202332019806	0.033311471343040466	0.04544375464320183	0.052192844450473785	0.09962007403373718	0.13307887315750122	0.021998144686222076	0.03828279674053192	-0.23679882287979126	-0.08169032633304596	0.14197185635566711	0.09899993985891342	-0.109363853931427	0.06706282496452332	0.08847935497760773	0.09922363609075546	-0.12017592042684555	0.061857812106609344	-0.17577232420444489
-0.07433612644672394	0.04944539815187454	-0.12472765892744064	0.08360902220010757	-0.05512083321809769	0.09909230470657349	0.06381590664386749	-0.031858835369348526	0.041558727622032166	-0.0608585886657238	-0.000545004615560174	0.09172520786523819	0.054548345506191254	-0.08035594969987869	0.011707024648785591	-0.003024728037416935	0.07149409502744675	-0.020776905119419098	-0.012386403977870941	-0.04822733253240585	-0.05423537269234657	0.01671617664396763	-0.0734582394361496	0.0879814550280571	-0.0607786700129509	0.06495903432369232	-0.05310641974210739	-0.06970535963773727	-0.10276991128921509	-0.023150237277150154	-0.02130979113280773	-0.048095814883708954	-0.005666122771799564	0.04321169853210449	0.046491589397192	-0.07808869332075119	0.10227972269058228	-0.05852265655994415	0.053302548825740814	0.07206448912620544	-0.0758686289191246	-0.0724669024348259	0.05191656947135925	-0.06705943495035172	0.025406809523701668	0.023338785395026207	0.016545327380299568	-0.027595100924372673	-0.07019542157649994	0.07632608711719513	-0.0541495643556118	-0.06362883746623993	-0.05727265402674675	0.006307053379714489	0.06686732918024063	-0.007214631885290146	0.1062275767326355	0.01579524576663971	0.07050888240337372	0.023257290944457054	-0.05829266831278801	0.0006626701797358692	-0.042199913412332535	-0.12078343331813812
-0.005540368612855673	-0.054458703845739365	0.19335728883743286	-0.12146791815757751	0.08708678185939789	-0.21519604325294495	0.043468210846185684	0.36058688163757324	-0.26860904693603516	0.21727363765239716	-0.055457185953855515	-0.0405566543340683	-0.13622482120990753	-0.10254823416471481	-0.14214447140693665	0.042477741837501526	0.017620446160435677	-0.055427100509405136	0.2035757154226303	-0.18367807567119598	-0.0552368201315403	-0.08701888471841812	0.07527358829975128	-0.10785757005214691	0.03132752701640129	0.1805586963891983	-0.08199991285800934	0.22151057422161102	0.12624140083789825	0.14220429956912994	-0.038041383028030396	0.1632213443517685	-0.12135707587003708	-0.021099889650940895	-0.04568194970488548	0.15763282775878906	-0.16149963438510895	0.04013597220182419	-0.16431353986263275	0.16627410054206848	-0.07711447775363922	-0.13113819062709808	0.15115609765052795	-0.06464514881372452	0.11536218971014023	-0.03478730097413063	-0.06160518154501915	0.039699800312519073	-0.09437654167413712	-0.26571717858314514	-0.19669049978256226	-0.1498437076807022	-0.09176716208457947	0.2605834901332855	0.14555470645427704	-0.2030772566795349	-0.19322988390922546	0.1218579038977623	-0.08389946073293686	-0.08823947608470917	-0.06352748721837997	0.11558254808187485	0.0036305042449384928	0.1525002270936966
-0.005540368612855673	-0.054458703845739365	0.19335728883743286	-0.12146791815757751	0.08708678185939789	-0.21519604325294495	0.043468210846185684	0.36058688163757324	-0.26860904693603516	0.21727363765239716	-0.055457185953855515	-0.0405566543340683	-0.13622482120990753	-0.10254823416471481	-0.14214447140693665	0.042477741837501526	0.017620446160435677	-0.055427100509405136	0.2035757154226303	-0.18367807567119598	-0.0552368201315403	-0.08701888471841812	0.07527358829975128	-0.10785757005214691	0.03132752701640129	0.1805586963891983	-0.08199991285800934	0.22151057422161102	0.12624140083789825	0.14220429956912994	-0.038041383028030396	0.1632213443517685	-0.12135707587003708	-0.021099889650940895	-0.04568194970488548	0.15763282775878906	-0.16149963438510895	0.04013597220182419	-0.16431353986263275	0.16627410054206848	-0.07711447775363922	-0.13113819062709808	0.15115609765052795	-0.06464514881372452	0.11536218971014023	-0.03478730097413063	-0.06160518154501915	0.039699800312519073	-0.09437654167413712	-0.26571717858314514	-0.19669049978256226	-0.1498437076807022	-0.09176716208457947	0.2605834901332855	0.14555470645427704	-0.2030772566795349	-0.19322988390922546	0.1218579038977623	-0.08389946073293686	-0.08823947608470917	-0.06352748721837997	0.11558254808187485	0.0036305042449384928	0.1525002270936966
-0.08726175874471664	0.007258223369717598	-0.11909319460391998	0.13861703872680664	0.11462821066379547	0.0933363065123558	-0.0031730325426906347	-0.24926869571208954	0.21963173151016235	-0.14526309072971344	0.0842147246003151	0.15545527637004852	0.15138570964336395	-0.02171877585351467	0.16369269788265228	-0.001529867760837078	-0.05965366214513779	0.046305444091558456	-0.09091267734766006	0.15399831533432007	0.09767749905586243	0.07787619531154633	-0.10700475424528122	0.10252844542264938	-0.0003840902936644852	-0.00756129901856184	-0.014457997865974903	-0.14221273362636566	-0.07552254945039749	-0.0516425222158432	-0.03553510084748268	-0.17055824398994446	0.1146417111158371	-0.09487815201282501	0.05044056102633476	-0.15480872988700867	0.004570788238197565	-0.0475146509706974	0.06268508732318878	-0.15768326818943024	-0.03973495215177536	0.0749296098947525	-0.0636475533246994	-0.014939149841666222	-0.18232659995555878	0.11002202332019806	0.033311471343040466	0.04544375464320183	0.052192844450473785	0.09962007403373718	0.13307887315750122	0.021998144686222076	0.03828279674053192	-0.23679882287979126	-0.08169032633304596	0.14197185635566711	0.09899993985891342	-0.109363853931427	0.06706282496452332	0.08847935497760773	0.09922363609075546	-0.12017592042684555	0.061857812106609344	-0.17577232420444489
-0.08726175874471664	0.007258223369717598	-0.11909319460391998	0.13861703872680664	0.11462821066379547	0.0933363065123558	-0.0031730325426906347	-0.24926869571208954	0.21963173151016235	-0.14526309072971344	0.0842147246003151	0.15545527637004852	0.15138570964336395	-0.02171877585351467	0.16369269788265228	-0.001529867760837078	-0.05965366214513779	0.046305444091558456	-0.09091267734766006	0.15399831533432007	0.09767749905586243	0.07787619531154633	-0.10700475424528122	0.10252844542264938	-0.0003840902936644852	-0.00756129901856184	-0.014457997865974903	-0.14221273362636566	-0.07552254945039749	-0.0516425222158432	-0.03553510084748268	-0.17055824398994446	0.1146417111158371	-0.09487815201282501	0.05044056102633476	-0.15480872988700867	0.004570788238197565	-0.0475146509706974	0.06268508732318878	-0.15768326818943024	-0.03973495215177536	0.0749296098947525	-0.0636475533246994	-0.014939149841666222	-0.18232659995555878	0.11002202332019806	0.033311471343040466	0.04544375464320183	0.052192844450473785	0.09962007403373718	0.13307887315750122	0.021998144686222076	0.03828279674053192	-0.23679882287979126	-0.08169032633304596	0.14197185635566711	0.09899993985891342	-0.109363853931427	0.06706282496452332	0.08847935497760773	0.09922363609075546	-0.12017592042684555	0.061857812106609344	-0.17577232420444489
-0.005540368612855673	-0.054458703845739365	0.19335728883743286	-0.12146791815757751	0.08708678185939789	-0.21519604325294495	0.043468210846185684	0.36058688163757324	-0.26860904693603516	0.21727363765239716	-0.055457185953855515	-0.0405566543340683	-0.13622482120990753	-0.10254823416471481	-0.14214447140693665	0.042477741837501526	0.017620446160435677	-0.055427100509405136	0.2035757154226303	-0.18367807567119598	-0.0552368201315403	-0.08701888471841812	0.07527358829975128	-0.10785757005214691	0.03132752701640129	0.1805586963891983	-0.08199991285800934	0.22151057422161102	0.12624140083789825	0.14220429956912994	-0.038041383028030396	0.1632213443517685	-0.12135707587003708	-0.021099889650940895	-0.04568194970488548	0.15763282775878906	-0.16149963438510895	0.04013597220182419	-0.16431353986263275	0.16627410054206848	-0.07711447775363922	-0.13113819062709808	0.15115609765052795	-0.06464514881372452	0.11536218971014023	-0.03478730097413063	-0.06160518154501915	0.039699800312519073	-0.09437654167413712	-0.26571717858314514	-0.19669049978256226	-0.1498437076807022	-0.09176716208457947	0.2605834901332855	0.14555470645427704	-0.2030772566795349	-0.19322988390922546	0.1218579038977623	-0.08389946073293686	-0.08823947608470917	-0.06352748721837997	0.11558254808187485	0.0036305042449384928	0.1525002270936966
-0.08726175874471664	0.007258223369717598	-0.11909319460391998	0.13861703872680664	0.11462821066379547	0.0933363065123558	-0.0031730325426906347	-0.24926869571208954	0.21963173151016235	-0.14526309072971344	0.0842147246003151	0.15545527637004852	0.15138570964336395	-0.02171877585351467	0.16369269788265228	-0.001529867760837078	-0.05965366214513779	0.046305444091558456	-0.09091267734766006	0.15399831533432007	0.09767749905586243	0.07787619531154633	-0.10700475424528122	0.10252844542264938	-0.0003840902936644852	-0.00756129901856184	-0.014457997865974903	-0.14221273362636566	-0.07552254945039749	-0.0516425222158432	-0.03553510084748268	-0.17055824398994446	0.1146417111158371	-0.09487815201282501	0.05044056102633476	-0.15480872988700867	0.004570788238197565	-0.0475146509706974	0.06268508732318878	-0.15768326818943024	-0.03973495215177536	0.0749296098947525	-0.0636475533246994	-0.014939149841666222	-0.18232659995555878	0.11002202332019806	0.033311471343040466	0.04544375464320183	0.052192844450473785	0.09962007403373718	0.13307887315750122	0.021998144686222076	0.03828279674053192	-0.23679882287979126	-0.08169032633304596	0.14197185635566711	0.09899993985891342	-0.109363853931427	0.06706282496452332	0.08847935497760773	0.09922363609075546	-0.12017592042684555	0.061857812106609344	-0.17577232420444489
-0.08726175874471664	0.007258223369717598	-0.11909319460391998	0.13861703872680664	0.11462821066379547	0.0933363065123558	-0.0031730325426906347	-0.24926869571208954	0.21963173151016235	-0.14526309072971344	0.0842147246003151	0.15545527637004852	0.15138570964336395	-0.02171877585351467	0.16369269788265228	-0.001529867760837078	-0.05965366214513779	0.046305444091558456	-0.09091267734766006	0.15399831533432007	0.09767749905586243	0.07787619531154633	-0.10700475424528122	0.10252844542264938	-0.0003840902936644852	-0.00756129901856184	-0.014457997865974903	-0.14221273362636566	-0.07552254945039749	-0.0516425222158432	-0.03553510084748268	-0.17055824398994446	0.1146417111158371	-0.09487815201282501	0.05044056102633476	-0.15480872988700867	0.004570788238197565	-0.0475146509706974	0.06268508732318878	-0.15768326818943024	-0.03973495215177536	0.0749296098947525	-0.0636475533246994	-0.014939149841666222	-0.18232659995555878	0.11002202332019806	0.033311471343040466	0.04544375464320183	0.052192844450473785	0.09962007403373718	0.13307887315750122	0.021998144686222076	0.03828279674053192	-0.23679882287979126	-0.08169032633304596	0.14197185635566711	0.09899993985891342	-0.109363853931427	0.06706282496452332	0.08847935497760773	0.09922363609075546	-0.12017592042684555	0.061857812106609344	-0.17577232420444489
-0.005540368612855673	-0.054458703845739365	0.19335728883743286	-0.12146791815757751	0.08708678185939789	-0.21519604325294495	0.043468210846185684	0.36058688163757324	-0.26860904693603516	0.21727363765239716	-0.055457185953855515	-0.0405566543340683	-0.13622482120990753	-0.10254823416471481	-0.14214447140693665	0.042477741837501526	0.017620446160435677	-0.055427100509405136	0.2035757154226303	-0.18367807567119598	-0.0552368201315403	-0.08701888471841812	0.07527358829975128	-0.10785757005214691	0.03132752701640129	0.1805586963891983	-0.08199991285800934	0.22151057422161102	0.12624140083789825	0.14220429956912994	-0.038041383028030396	0.1632213443517685	-0.12135707587003708	-0.021099889650940895	-0.04568194970488548	0.15763282775878906	-0.16149963438510895	0.04013597220182419	-0.16431353986263275	0.16627410054206848	-0.07711447775363922	-0.13113819062709808	0.15115609765052795	-0.06464514881372452	0.11536218971014023	-0.03478730097413063	-0.06160518154501915	0.039699800312519073	-0.09437654167413712	-0.26571717858314514	-0.19669049978256226	-0.1498437076807022	-0.09176716208457947	0.2605834901332855	0.14555470645427704	-0.2030772566795349	-0.19322988390922546	0.1218579038977623	-0.08389946073293686	-0.08823947608470917	-0.06352748721837997	0.11558254808187485	0.0036305042449384928	0.1525002270936966
-0.08726175874471664	0.007258223369717598	-0.11909319460391998	0.13861703872680664	0.11462821066379547	0.0933363065123558	-0.0031730325426906347	-0.24926869571208954	0.21963173151016235	-0.14526309072971344	0.0842147246003151	0.15545527637004852	0.15138570964336395	-0.02171877585351467	0.16369269788265228	-0.001529867760837078	-0.05965366214513779	0.046305444091558456	-0.09091267734766006	0.15399831533432007	0.09767749905586243	0.07787619531154633	-0.10700475424528122	0.10252844542264938	-0.0003840902936644852	-0.00756129901856184	-0.014457997865974903	-0.14221273362636566	-0.07552254945039749	-0.0516425222158432	-0.03553510084748268	-0.17055824398994446	0.1146417111158371	-0.09487815201282501	0.05044056102633476	-0.15480872988700867	0.004570788238197565	-0.0475146509706974	0.06268508732318878	-0.15768326818943024	-0.03973495215177536	0.0749296098947525	-0.0636475533246994	-0.014939149841666222	-0.18232659995555878	0.11002202332019806	0.033311471343040466	0.04544375464320183	0.052192844450473785	0.09962007403373718	0.13307887315750122	0.021998144686222076	0.03828279674053192	-0.23679882287979126	-0.08169032633304596	0.14197185635566711	0.09899993985891342	-0.109363853931427	0.06706282496452332	0.08847935497760773	0.09922363609075546	-0.12017592042684555	0.061857812106609344	-0.17577232420444489
0.08116396516561508	0.006310942582786083	0.022666024044156075	-0.0710112452507019	-0.07233849912881851	-0.0014496410731226206	0.07404519617557526	-0.024173710495233536	0.056532230228185654	0.08120176941156387	-0.07378101348876953	-0.048160869628190994	-0.027221372351050377	0.013350208289921284	0.013621262274682522	-0.03941179811954498	-0.01563783921301365	0.04654980078339577	0.07076197862625122	-0.0816512405872345	-0.06828247010707855	-0.07207781821489334	-0.05553498491644859	0.06383857131004333	0.08215837180614471	-0.049400001764297485	-0.04925739765167236	0.029882827773690224	-0.04821844771504402	0.011331534944474697	-0.02791503258049488	-0.08697552233934402	-0.03601594641804695	0.0005842244136147201	-0.09790197014808655	0.0221080482006073	0.02058367244899273	0.011607863940298557	0.08170704543590546	-0.0526919960975647	0.014193526469171047	0.06857618689537048	0.03166358545422554	-0.031849220395088196	0.09623345732688904	-0.014070197939872742	-0.08467811346054077	-0.02204972878098488	0.02614879608154297	0.056857697665691376	0.030889324843883514	-0.009733966551721096	0.028169605880975723	-0.04084246605634689	-0.011094833724200726	-0.04438548535108566	-0.02952338196337223	0.045149024575948715	-0.06341351568698883	0.02507098950445652	-0.05548906326293945	0.08696681261062622	0.0048586903139948845	0.033686600625514984
-0.08726175874471664	0.007258223369717598	-0.11909319460391998	0.13861703872680664	0.11462821066379547	0.0933363065123558	-0.0031730325426906347	-0.24926869571208954	0.21963173151016235	-0.14526309072971344	0.0842147246003151	0.15545527637004852	0.15138570964336395	-0.02171877585351467	0.16369269788265228	-0.001529867760837078	-0.05965366214513779	0.046305444091558456	-0.09091267734766006	0.15399831533432007	0.09767749905586243	0.07787619531154633	-0.10700475424528122	0.10252844542264938	-0.0003840902936644852	-0.00756129901856184	-0.014457997865974903	-0.14221273362636566	-0.07552254945039749	-0.0516425222158432	-0.03553510084748268	-0.17055824398994446	0.1146417111158371	-0.09487815201282501	0.05044056102633476	-0.15480872988700867	0.004570788238197565	-0.0475146509706974	0.06268508732318878	-0.15768326818943024	-0.03973495215177536	0.0749296098947525	-0.0636475533246994	-0.014939149841666222	-0.18232659995555878	0.11002202332019806	0.033311471343040466	0.04544375464320183	0.052192844450473785	0.09962007403373718	0.13307887315750122	0.021998144686222076	0.03828279674053192	-0.23679882287979126	-0.08169032633304596	0.14197185635566711	0.09899993985891342	-0.109363853931427	0.06706282496452332	0.08847935497760773	0.09922363609075546	-0.12017592042684555	0.061857812106609344	-0.17577232420444489
-0.08726175874471664	0.007258223369717598	-0.11909319460391998	0.13861703872680664	0.11462821066379547	0.0933363065123558	-0.0031730325426906347	-0.24926869571208954	0.21963173151016235	-0.14526309072971344	0.0842147246003151	0.15545527637004852	0.15138570964336395	-0.02171877585351467	0.16369269788265228	-0.001529867760837078	-0.05965366214513779	0.046305444091558456	-0.09091267734766006	0.15399831533432007	0.09767749905586243	0.07787619531154633	-0.10700475424528122	0.10252844542264938	-0.0003840902936644852	-0.00756129901856184	-0.014457997865974903	-0.14221273362636566	-0.07552254945039749	-0.0516425222158432	-0.03553510084748268	-0.17055824398994446	0.1146417111158371	-0.09487815201282501	0.05044056102633476	-0.15480872988700867	0.004570788238197565	-0.0475146509706974	0.06268508732318878	-0.15768326818943024	-0.03973495215177536	0.0749296098947525	-0.0636475533246994	-0.014939149841666222	-0.18232659995555878	0.11002202332019806	0.033311471343040466	0.04544375464320183	0.052192844450473785	0.09962007403373718	0.13307887315750122	0.021998144686222076	0.03828279674053192	-0.23679882287979126	-0.08169032633304596	0.14197185635566711	0.09899993985891342	-0.109363853931427	0.06706282496452332	0.08847935497760773	0.09922363609075546	-0.12017592042684555	0.061857812106609344	-0.17577232420444489
-0.08726175874471664	0.007258223369717598	-0.11909319460391998	0.13861703872680664	0.11462821066379547	0.0933363065123558	-0.0031730325426906347	-0.24926869571208954	0.21963173151016235	-0.14526309072971344	0.0842147246003151	0.15545527637004852	0.15138570964336395	-0.02171877585351467	0.16369269788265228	-0.001529867760837078	-0.05965366214513779	0.046305444091558456	-0.09091267734766006	0.15399831533432007	0.09767749905586243	0.07787619531154633	-0.10700475424528122	0.10252844542264938	-0.0003840902936644852	-0.00756129901856184	-0.014457997865974903	-0.14221273362636566	-0.07552254945039749	-0.0516425222158432	-0.03553510084748268	-0.17055824398994446	0.1146417111158371	-0.09487815201282501	0.05044056102633476	-0.15480872988700867	0.004570788238197565	-0.0475146509706974	0.06268508732318878	-0.15768326818943024	-0.03973495215177536	0.0749296098947525	-0.0636475533246994	-0.014939149841666222	-0.18232659995555878	0.11002202332019806	0.033311471343040466	0.04544375464320183	0.052192844450473785	0.09962007403373718	0.13307887315750122	0.021998144686222076	0.03828279674053192	-0.23679882287979126	-0.08169032633304596	0.14197185635566711	0.09899993985891342	-0.109363853931427	0.06706282496452332	0.08847935497760773	0.09922363609075546	-0.12017592042684555	0.061857812106609344	-0.17577232420444489
-0.005540368612855673	-0.054458703845739365	0.19335728883743286	-0.12146791815757751	0.08708678185939789	-0.21519604325294495	0.043468210846185684	0.36058688163757324	-0.26860904693603516	0.21727363765239716	-0.055457185953855515	-0.0405566543340683	-0.13622482120990753	-0.10254823416471481	-0.14214447140693665	0.042477741837501526	0.017620446160435677	-0.055427100509405136	0.2035757154226303	-0.18367807567119598	-0.0552368201315403	-0.08701888471841812	0.07527358829975128	-0.10785757005214691	0.03132752701640129	0.1805586963891983	-0.08199991285800934	0.22151057422161102	0.12624140083789825	0.14220429956912994	-0.038041383028030396	0.1632213443517685	-0.12135707587003708	-0.021099889650940895	-0.04568194970488548	0.15763282775878906	-0.16149963438510895	0.04013597220182419	-0.16431353986263275	0.16627410054206848	-0.07711447775363922	-0.13113819062709808	0.15115609765052795	-0.06464514881372452	0.11536218971014023	-0.03478730097413063	-0.06160518154501915	0.039699800312519073	-0.09437654167413712	-0.26571717858314514	-0.19669049978256226	-0.1498437076807022	-0.09176716208457947	0.2605834901332855	0.14555470645427704	-0.2030772566795349	-0.19322988390922546	0.1218579038977623	-0.08389946073293686	-0.08823947608470917	-0.06352748721837997	0.11558254808187485	0.0036305042449384928	0.1525002270936966
-0.07433612644672394	0.04944539815187454	-0.12472765892744064	0.08360902220010757	-0.05512083321809769	0.09909230470657349	0.06381590664386749	-0.031858835369348526	0.041558727622032166	-0.0608585886657238	-0.000545004615560174	0.09172520786523819	0.054548345506191254	-0.08035594969987869	0.011707024648785591	-0.003024728037416935	0.07149409502744675	-0.020776905119419098	-0.012386403977870941	-0.04822733253240585	-0.05423537269234657	0.01671617664396763	-0.0734582394361496	0.0879814550280571	-0.0607786700129509	0.06495903432369232	-0.05310641974210739	-0.06970535963773727	-0.10276991128921509	-0.023150237277150154	-0.02130979113280773	-0.048095814883708954	-0.005666122771799564	0.04321169853210449	0.046491589397192	-0.07808869332075119	0.10227972269058228	-0.05852265655994415	0.053302548825740814	0.07206448912620544	-0.0758686289191246	-0.0724669024348259	0.05191656947135925	-0.06705943495035172	0.025406809523701668	0.023338785395026207	0.016545327380299568	-0.027595100924372673	-0.07019542157649994	0.07632608711719513	-0.0541495643556118	-0.06362883746623993	-0.05727265402674675	0.006307053379714489	0.06686732918024063	-0.007214631885290146	0.1062275767326355	0.01579524576663971	0.07050888240337372	0.023257290944457054	-0.05829266831278801	0.0006626701797358692	-0.042199913412332535	-0.12078343331813812
-0.08726175874471664	0.007258223369717598	-0.11909319460391998	0.13861703872680664	0.11462821066379547	0.0933363065123558	-0.0031730325426906347	-0.24926869571208954	0.21963173151016235	-0.14526309072971344	0.0842147246003151	0.15545527637004852	0.15138570964336395	-0.02171877585351467	0.16369269788265228	-0.001529867760837078	-0.05965366214513779	0.046305444091558456	-0.09091267734766006	0.15399831533432007	0.09767749905586243	0.07787619531154633	-0.10700475424528122	0.10252844542264938	-0.0003840902936644852	-0.00756129901856184	-0.014457997865974903	-0.14221273362636566	-0.07552254945039749	-0.0516425222158432	-0.03553510084748268	-0.17055824398994446	0.1146417111158371	-0.09487815201282501	0.05044056102633476	-0.15480872988700867	0.004570788238197565	-0.0475146509706974	0.06268508732318878	-0.15768326818943024	-0.03973495215177536	0.0749296098947525	-0.0636475533246994	-0.014939149841666222	-0.18232659995555878	0.11002202332019806	0.033311471343040466	0.04544375464320183	0.052192844450473785	0.09962007403373718	0.13307887315750122	0.021998144686222076	0.03828279674053192	-0.23679882287979126	-0.08169032633304596	0.14197185635566711	0.09899993985891342	-0.109363853931427	0.06706282496452332	0.08847935497760773	0.09922363609075546	-0.12017592042684555	0.061857812106609344	-0.17577232420444489
-0.005540368612855673	-0.054458703845739365	0.19335728883743286	-0.12146791815757751	0.08708678185939789	-0.21519604325294495	0.043468210846185684	0.36058688163757324	-0.26860904693603516	0.21727363765239716	-0.055457185953855515	-0.0405566543340683	-0.13622482120990753	-0.10254823416471481	-0.14214447140693665	0.042477741837501526	0.017620446160435677	-0.055427100509405136	0.2035757154226303	-0.18367807567119598	-0.0552368201315403	-0.08701888471841812	0.07527358829975128	-0.10785757005214691	0.03132752701640129	0.1805586963891983	-0.08199991285800934	0.22151057422161102	0.12624140083789825	0.14220429956912994	-0.038041383028030396	0.1632213443517685	-0.12135707587003708	-0.021099889650940895	-0.04568194970488548	0.15763282775878906	-0.16149963438510895	0.04013597220182419	-0.16431353986263275	0.16627410054206848	-0.07711447775363922	-0.13113819062709808	0.15115609765052795	-0.06464514881372452	0.11536218971014023	-0.03478730097413063	-0.06160518154501915	0.039699800312519073	-0.09437654167413712	-0.26571717858314514	-0.19669049978256226	-0.1498437076807022	-0.09176716208457947	0.2605834901332855	0.14555470645427704	-0.2030772566795349	-0.19322988390922546	0.1218579038977623	-0.08389946073293686	-0.08823947608470917	-0.06352748721837997	0.11558254808187485	0.0036305042449384928	0.1525002270936966
-0.005540368612855673	-0.054458703845739365	0.19335728883743286	-0.12146791815757751	0.08708678185939789	-0.21519604325294495	0.043468210846185684	0.36058688163757324	-0.26860904693603516	0.21727363765239716	-0.055457185953855515	-0.0405566543340683	-0.13622482120990753	-0.10254823416471481	-0.14214447140693665	0.042477741837501526	0.017620446160435677	-0.055427100509405136	0.2035757154226303	-0.18367807567119598	-0.0552368201315403	-0.08701888471841812	0.07527358829975128	-0.10785757005214691	0.03132752701640129	0.1805586963891983	-0.08199991285800934	0.22151057422161102	0.12624140083789825	0.14220429956912994	-0.038041383028030396	0.1632213443517685	-0.12135707587003708	-0.021099889650940895	-0.04568194970488548	0.15763282775878906	-0.16149963438510895	0.04013597220182419	-0.16431353986263275	0.16627410054206848	-0.07711447775363922	-0.13113819062709808	0.15115609765052795	-0.06464514881372452	0.11536218971014023	-0.03478730097413063	-0.06160518154501915	0.039699800312519073	-0.09437654167413712	-0.26571717858314514	-0.19669049978256226	-0.1498437076807022	-0.09176716208457947	0.2605834901332855	0.14555470645427704	-0.2030772566795349	-0.19322988390922546	0.1218579038977623	-0.08389946073293686	-0.08823947608470917	-0.06352748721837997	0.11558254808187485	0.0036305042449384928	0.1525002270936966
-0.08726175874471664	0.007258223369717598	-0.11909319460391998	0.13861703872680664	0.11462821066379547	0.0933363065123558	-0.0031730325426906347	-0.24926869571208954	0.21963173151016235	-0.14526309072971344	0.0842147246003151	0.15545527637004852	0.15138570964336395	-0.02171877585351467	0.16369269788265228	-0.001529867760837078	-0.05965366214513779	0.046305444091558456	-0.09091267734766006	0.15399831533432007	0.09767749905586243	0.07787619531154633	-0.10700475424528122	0.10252844542264938	-0.0003840902936644852	-0.00756129901856184	-0.014457997865974903	-0.14221273362636566	-0.07552254945039749	-0.0516425222158432	-0.03553510084748268	-0.17055824398994446	0.1146417111158371	-0.09487815201282501	0.05044056102633476	-0.15480872988700867	0.004570788238197565	-0.0475146509706974	0.06268508732318878	-0.15768326818943024	-0.03973495215177536	0.0749296098947525	-0.0636475533246994	-0.014939149841666222	-0.18232659995555878	0.11002202332019806	0.033311471343040466	0.04544375464320183	0.052192844450473785	0.09962007403373718	0.13307887315750122	0.021998144686222076	0.03828279674053192	-0.23679882287979126	-0.08169032633304596	0.14197185635566711	0.09899993985891342	-0.109363853931427	0.06706282496452332	0.08847935497760773	0.09922363609075546	-0.12017592042684555	0.061857812106609344	-0.17577232420444489
-0.005540368612855673	-0.054458703845739365	0.19335728883743286	-0.12146791815757751	0.08708678185939789	-0.21519604325294495	0.043468210846185684	0.36058688163757324	-0.26860904693603516	0.21727363765239716	-0.055457185953855515	-0.0405566543340683	-0.13622482120990753	-0.10254823416471481	-0.14214447140693665	0.042477741837501526	0.017620446160435677	-0.055427100509405136	0.2035757154226303	-0.18367807567119598	-0.0552368201315403	-0.08701888471841812	0.07527358829975128	-0.10785757005214691	0.03132752701640129	0.1805586963891983	-0.08199991285800934	0.22151057422161102	0.12624140083789825	0.14220429956912994	-0.038041383028030396	0.1632213443517685	-0.12135707587003708	-0.021099889650940895	-0.04568194970488548	0.15763282775878906	-0.16149963438510895	0.04013597220182419	-0.16431353986263275	0.16627410054206848	-0.07711447775363922	-0.13113819062709808	0.15115609765052795	-0.06464514881372452	0.11536218971014023	-0.03478730097413063	-0.06160518154501915	0.039699800312519073	-0.09437654167413712	-0.26571717858314514	-0.19669049978256226	-0.1498437076807022	-0.09176716208457947	0.2605834901332855	0.14555470645427704	-0.2030772566795349	-0.19322988390922546	0.1218579038977623	-0.08389946073293686	-0.08823947608470917	-0.06352748721837997	0.11558254808187485	0.0036305042449384928	0.1525002270936966
-0.005540368612855673	-0.054458703845739365	0.19335728883743286	-0.12146791815757751	0.08708678185939789	-0.21519604325294495	0.043468210846185684	0.36058688163757324	-0.26860904693603516	0.21727363765239716	-0.055457185953855515	-0.0405566543340683	-0.13622482120990753	-0.10254823416471481	-0.14214447140693665	0.042477741837501526	0.017620446160435677	-0.055427100509405136	0.2035757154226303	-0.18367807567119598	-0.0552368201315403	-0.08701888471841812	0.07527358829975128	-0.10785757005214691	0.03132752701640129	0.1805586963891983	-0.08199991285800934	0.22151057422161102	0.12624140083789825	0.14220429956912994	-0.038041383028030396	0.1632213443517685	-0.12135707587003708	-0.021099889650940895	-0.04568194970488548	0.15763282775878906	-0.16149963438510895	0.04013597220182419	-0.16431353986263275	0.16627410054206848	-0.07711447775363922	-0.13113819062709808	0.15115609765052795	-0.06464514881372452	0.11536218971014023	-0.03478730097413063	-0.06160518154501915	0.039699800312519073	-0.09437654167413712	-0.26571717858314514	-0.19669049978256226	-0.1498437076807022	-0.09176716208457947	0.2605834901332855	0.14555470645427704	-0.2030772566795349	-0.19322988390922546	0.1218579038977623	-0.08389946073293686	-0.08823947608470917	-0.06352748721837997	0.11558254808187485	0.0036305042449384928	0.1525002270936966
-0.005540368612855673	-0.054458703845739365	0.19335728883743286	-0.12146791815757751	0.08708678185939789	-0.21519604325294495	0.043468210846185684	0.36058688163757324	-0.26860904693603516	0.21727363765239716	-0.055457185953855515	-0.0405566543340683	-0.13622482120990753	-0.10254823416471481	-0.14214447140693665	0.042477741837501526	0.017620446160435677	-0.055427100509405136	0.2035757154226303	-0.18367807567119598	-0.0552368201315403	-0.08701888471841812	0.07527358829975128	-0.10785757005214691	0.03132752701640129	0.1805586963891983	-0.08199991285800934	0.22151057422161102	0.12624140083789825	0.14220429956912994	-0.038041383028030396	0.1632213443517685	-0.12135707587003708	-0.021099889650940895	-0.04568194970488548	0.15763282775878906	-0.16149963438510895	0.04013597220182419	-0.16431353986263275	0.16627410054206848	-0.07711447775363922	-0.13113819062709808	0.15115609765052795	-0.06464514881372452	0.11536218971014023	-0.03478730097413063	-0.06160518154501915	0.039699800312519073	-0.09437654167413712	-0.26571717858314514	-0.19669049978256226	-0.1498437076807022	-0.09176716208457947	0.2605834901332855	0.14555470645427704	-0.2030772566795349	-0.19322988390922546	0.1218579038977623	-0.08389946073293686	-0.08823947608470917	-0.06352748721837997	0.11558254808187485	0.0036305042449384928	0.1525002270936966
-0.005540368612855673	-0.054458703845739365	0.19335728883743286	-0.12146791815757751	0.08708678185939789	-0.21519604325294495	0.043468210846185684	0.36058688163757324	-0.26860904693603516	0.21727363765239716	-0.055457185953855515	-0.0405566543340683	-0.13622482120990753	-0.10254823416471481	-0.14214447140693665	0.042477741837501526	0.017620446160435677	-0.055427100509405136	0.2035757154226303	-0.18367807567119598	-0.0552368201315403	-0.08701888471841812	0.07527358829975128	-0.10785757005214691	0.03132752701640129	0.1805586963891983	-0.08199991285800934	0.22151057422161102	0.12624140083789825	0.14220429956912994	-0.038041383028030396	0.1632213443517685	-0.12135707587003708	-0.021099889650940895	-0.04568194970488548	0.15763282775878906	-0.16149963438510895	0.04013597220182419	-0.16431353986263275	0.16627410054206848	-0.07711447775363922	-0.13113819062709808	0.15115609765052795	-0.06464514881372452	0.11536218971014023	-0.03478730097413063	-0.06160518154501915	0.039699800312519073	-0.09437654167413712	-0.26571717858314514	-0.19669049978256226	-0.1498437076807022	-0.09176716208457947	0.2605834901332855	0.14555470645427704	-0.2030772566795349	-0.19322988390922546	0.1218579038977623	-0.08389946073293686	-0.08823947608470917	-0.06352748721837997	0.11558254808187485	0.0036305042449384928	0.1525002270936966
-0.08726175874471664	0.007258223369717598	-0.11909319460391998	0.13861703872680664	0.11462821066379547	0.0933363065123558	-0.0031730325426906347	-0.24926869571208954	0.21963173151016235	-0.14526309072971344	0.0842147246003151	0.15545527637004852	0.15138570964336395	-0.02171877585351467	0.16369269788265228	-0.001529867760837078	-0.05965366214513779	0.046305444091558456	-0.09091267734766006	0.15399831533432007	0.09767749905586243	0.07787619531154633	-0.10700475424528122	0.10252844542264938	-0.0003840902936644852	-0.00756129901856184	-0.014457997865974903	-0.14221273362636566	-0.07552254945039749	-0.0516425222158432	-0.03553510084748268	-0.17055824398994446	0.1146417111158371	-0.09487815201282501	0.05044056102633476	-0.15480872988700867	0.004570788238197565	-0.0475146509706974	0.06268508732318878	-0.15768326818943024	-0.03973495215177536	0.0749296098947525	-0.0636475533246994	-0.014939149841666222	-0.18232659995555878	0.11002202332019806	0.033311471343040466	0.04544375464320183	0.052192844450473785	0.09962007403373718	0.13307887315750122	0.021998144686222076	0.03828279674053192	-0.23679882287979126	-0.08169032633304596	0.14197185635566711	0.09899993985891342	-0.109363853931427	0.06706282496452332	0.08847935497760773	0.09922363609075546	-0.12017592042684555	0.061857812106609344	-0.17577232420444489
-0.08726175874471664	0.007258223369717598	-0.11909319460391998	0.13861703872680664	0.11462821066379547	0.0933363065123558	-0.0031730325426906347	-0.24926869571208954	0.21963173151016235	-0.14526309072971344	0.0842147246003151	0.15545527637004852	0.15138570964336395	-0.02171877585351467	0.16369269788265228	-0.001529867760837078	-0.05965366214513779	0.046305444091558456	-0.09091267734766006	0.15399831533432007	0.09767749905586243	0.07787619531154633	-0.10700475424528122	0.10252844542264938	-0.0003840902936644852	-0.00756129901856184	-0.014457997865974903	-0.14221273362636566	-0.07552254945039749	-0.0516425222158432	-0.03553510084748268	-0.17055824398994446	0.1146417111158371	-0.09487815201282501	0.05044056102633476	-0.15480872988700867	0.004570788238197565	-0.0475146509706974	0.06268508732318878	-0.15768326818943024	-0.03973495215177536	0.0749296098947525	-0.0636475533246994	-0.014939149841666222	-0.18232659995555878	0.11002202332019806	0.033311471343040466	0.04544375464320183	0.052192844450473785	0.09962007403373718	0.13307887315750122	0.021998144686222076	0.03828279674053192	-0.23679882287979126	-0.08169032633304596	0.14197185635566711	0.09899993985891342	-0.109363853931427	0.06706282496452332	0.08847935497760773	0.09922363609075546	-0.12017592042684555	0.061857812106609344	-0.17577232420444489
-0.005540368612855673	-0.054458703845739365	0.19335728883743286	-0.12146791815757751	0.08708678185939789	-0.21519604325294495	0.043468210846185684	0.36058688163757324	-0.26860904693603516	0.21727363765239716	-0.055457185953855515	-0.0405566543340683	-0.13622482120990753	-0.10254823416471481	-0.14214447140693665	0.042477741837501526	0.017620446160435677	-0.055427100509405136	0.2035757154226303	-0.18367807567119598	-0.0552368201315403	-0.08701888471841812	0.07527358829975128	-0.10785757005214691	0.03132752701640129	0.1805586963891983	-0.08199991285800934	0.22151057422161102	0.12624140083789825	0.14220429956912994	-0.038041383028030396	0.1632213443517685	-0.12135707587003708	-0.021099889650940895	-0.04568194970488548	0.15763282775878906	-0.16149963438510895	0.04013597220182419	-0.16431353986263275	0.16627410054206848	-0.07711447775363922	-0.13113819062709808	0.15115609765052795	-0.06464514881372452	0.11536218971014023	-0.03478730097413063	-0.06160518154501915	0.039699800312519073	-0.09437654167413712	-0.26571717858314514	-0.19669049978256226	-0.1498437076807022	-0.09176716208457947	0.2605834901332855	0.14555470645427704	-0.2030772566795349	-0.19322988390922546	0.1218579038977623	-0.08389946073293686	-0.08823947608470917	-0.06352748721837997	0.11558254808187485	0.0036305042449384928	0.1525002270936966
-0.005540368612855673	-0.054458703845739365	0.19335728883743286	-0.12146791815757751	0.08708678185939789	-0.21519604325294495	0.043468210846185684	0.36058688163757324	-0.26860904693603516	0.21727363765239716	-0.055457185953855515	-0.0405566543340683	-0.13622482120990753	-0.10254823416471481	-0.14214447140693665	0.042477741837501526	0.017620446160435677	-0.055427100509405136	0.2035757154226303	-0.18367807567119598	-0.0552368201315403	-0.08701888471841812	0.07527358829975128	-0.10785757005214691	0.03132752701640129	0.1805586963891983	-0.08199991285800934	0.22151057422161102	0.12624140083789825	0.14220429956912994	-0.038041383028030396	0.1632213443517685	-0.12135707587003708	-0.021099889650940895	-0.04568194970488548	0.15763282775878906	-0.16149963438510895	0.04013597220182419	-0.16431353986263275	0.16627410054206848	-0.07711447775363922	-0.13113819062709808	0.15115609765052795	-0.06464514881372452	0.11536218971014023	-0.03478730097413063	-0.06160518154501915	0.039699800312519073	-0.09437654167413712	-0.26571717858314514	-0.19669049978256226	-0.1498437076807022	-0.09176716208457947	0.2605834901332855	0.14555470645427704	-0.2030772566795349	-0.19322988390922546	0.1218579038977623	-0.08389946073293686	-0.08823947608470917	-0.06352748721837997	0.11558254808187485	0.0036305042449384928	0.1525002270936966
-0.005540368612855673	-0.054458703845739365	0.19335728883743286	-0.12146791815757751	0.08708678185939789	-0.21519604325294495	0.043468210846185684	0.36058688163757324	-0.26860904693603516	0.21727363765239716	-0.055457185953855515	-0.0405566543340683	-0.13622482120990753	-0.10254823416471481	-0.14214447140693665	0.042477741837501526	0.017620446160435677	-0.055427100509405136	0.2035757154226303	-0.18367807567119598	-0.0552368201315403	-0.08701888471841812	0.07527358829975128	-0.10785757005214691	0.03132752701640129	0.1805586963891983	-0.08199991285800934	0.22151057422161102	0.12624140083789825	0.14220429956912994	-0.038041383028030396	0.1632213443517685	-0.12135707587003708	-0.021099889650940895	-0.04568194970488548	0.15763282775878906	-0.16149963438510895	0.04013597220182419	-0.16431353986263275	0.16627410054206848	-0.07711447775363922	-0.13113819062709808	0.15115609765052795	-0.06464514881372452	0.11536218971014023	-0.03478730097413063	-0.06160518154501915	0.039699800312519073	-0.09437654167413712	-0.26571717858314514	-0.19669049978256226	-0.1498437076807022	-0.09176716208457947	0.2605834901332855	0.14555470645427704	-0.2030772566795349	-0.19322988390922546	0.1218579038977623	-0.08389946073293686	-0.08823947608470917	-0.06352748721837997	0.11558254808187485	0.0036305042449384928	0.1525002270936966
-0.08726175874471664	0.007258223369717598	-0.11909319460391998	0.13861703872680664	0.11462821066379547	0.0933363065123558	-0.0031730325426906347	-0.24926869571208954	0.21963173151016235	-0.14526309072971344	0.0842147246003151	0.15545527637004852	0.15138570964336395	-0.02171877585351467	0.16369269788265228	-0.001529867760837078	-0.05965366214513779	0.046305444091558456	-0.09091267734766006	0.15399831533432007	0.09767749905586243	0.07787619531154633	-0.10700475424528122	0.10252844542264938	-0.0003840902936644852	-0.00756129901856184	-0.014457997865974903	-0.14221273362636566	-0.07552254945039749	-0.0516425222158432	-0.03553510084748268	-0.17055824398994446	0.1146417111158371	-0.09487815201282501	0.05044056102633476	-0.15480872988700867	0.004570788238197565	-0.0475146509706974	0.06268508732318878	-0.15768326818943024	-0.03973495215177536	0.0749296098947525	-0.0636475533246994	-0.014939149841666222	-0.18232659995555878	0.11002202332019806	0.033311471343040466	0.04544375464320183	0.052192844450473785	0.09962007403373718	0.13307887315750122	0.021998144686222076	0.03828279674053192	-0.23679882287979126	-0.08169032633304596	0.14197185635566711	0.09899993985891342	-0.109363853931427	0.06706282496452332	0.08847935497760773	0.09922363609075546	-0.12017592042684555	0.061857812106609344	-0.17577232420444489
-0.07644042372703552	0.03280193731188774	0.028897104784846306	-0.022979067638516426	-0.06401348859071732	-0.03477269783616066	0.0909198597073555	0.037440765649080276	0.056938476860523224	0.06606990098953247	0.009755773469805717	0.03461318463087082	0.06557797640562057	-0.05306678265333176	0.09849721193313599	-0.07069947570562363	-0.039638955146074295	0.08217065036296844	-0.10251548886299133	-0.021876109763979912	-0.04519239813089371	-0.0934620127081871	-0.05616654455661774	0.023945223540067673	-0.04406038299202919	-0.06015566736459732	-0.0761626660823822	-0.013541319407522678	-0.049041472375392914	0.04373232647776604	-0.09184306859970093	-0.05915508419275284	0.023101553320884705	-0.04449049383401871	-0.08854838460683823	0.006678054574877024	0.010253043845295906	0.048299554735422134	-0.08821713179349899	-0.03353710472583771	0.07300599664449692	0.10383927822113037	0.08202988654375076	0.00034052913542836905	-0.0291089229285717	-0.065807044506073	0.09139253199100494	0.09166145324707031	0.0176830030977726	0.08256839960813522	0.09117646515369415	0.06614107638597488	0.0018168878741562366	0.07543604075908661	-0.08159317076206207	-0.037157975137233734	0.012973272241652012	0.09228330850601196	-0.053218379616737366	-0.09666554629802704	-0.10003252327442169	0.00995846837759018	-0.050284527242183685	0.07661447674036026
-0.005540368612855673	-0.054458703845739365	0.19335728883743286	-0.12146791815757751	0.08708678185939789	-0.21519604325294495	0.043468210846185684	0.36058688163757324	-0.26860904693603516	0.21727363765239716	-0.055457185953855515	-0.0405566543340683	-0.13622482120990753	-0.10254823416471481	-0.14214447140693665	0.042477741837501526	0.017620446160435677	-0.055427100509405136	0.2035757154226303	-0.18367807567119598	-0.0552368201315403	-0.08701888471841812	0.07527358829975128	-0.10785757005214691	0.03132752701640129	0.1805586963891983	-0.08199991285800934	0.22151057422161102	0.12624140083789825	0.14220429956912994	-0.038041383028030396	0.1632213443517685	-0.12135707587003708	-0.021099889650940895	-0.04568194970488548	0.15763282775878906	-0.16149963438510895	0.04013597220182419	-0.16431353986263275	0.16627410054206848	-0.07711447775363922	-0.13113819062709808	0.15115609765052795	-0.06464514881372452	0.11536218971014023	-0.03478730097413063	-0.06160518154501915	0.039699800312519073	-0.09437654167413712	-0.26571717858314514	-0.19669049978256226	-0.1498437076807022	-0.09176716208457947	0.2605834901332855	0.14555470645427704	-0.2030772566795349	-0.19322988390922546	0.1218579038977623	-0.08389946073293686	-0.08823947608470917	-0.06352748721837997	0.11558254808187485	0.0036305042449384928	0.1525002270936966
-0.08726175874471664	0.007258223369717598	-0.11909319460391998	0.13861703872680664	0.11462821066379547	0.0933363065123558	-0.0031730325426906347	-0.24926869571208954	0.21963173151016235	-0.14526309072971344	0.0842147246003151	0.15545527637004852	0.15138570964336395	-0.02171877585351467	0.16369269788265228	-0.001529867760837078	-0.05965366214513779	0.046305444091558456	-0.09091267734766006	0.15399831533432007	0.09767749905586243	0.07787619531154633	-0.10700475424528122	0.10252844542264938	-0.0003840902936644852	-0.00756129901856184	-0.014457997865974903	-0.14221273362636566	-0.07552254945039749	-0.0516425222158432	-0.03553510084748268	-0.17055824398994446	0.1146417111158371	-0.09487815201282501	0.05044056102633476	-0.15480872988700867	0.004570788238197565	-0.0475146509706974	0.06268508732318878	-0.15768326818943024	-0.03973495215177536	0.0749296098947525	-0.0636475533246994	-0.014939149841666222	-0.18232659995555878	0.11002202332019806	0.033311471343040466	0.04544375464320183	0.052192844450473785	0.09962007403373718	0.13307887315750122	0.021998144686222076	0.03828279674053192	-0.23679882287979126	-0.08169032633304596	0.14197185635566711	0.09899993985891342	-0.109363853931427	0.06706282496452332	0.08847935497760773	0.09922363609075546	-0.12017592042684555	0.061857812106609344	-0.17577232420444489
-0.07433612644672394	0.04944539815187454	-0.12472765892744064	0.08360902220010757	-0.05512083321809769	0.09909230470657349	0.06381590664386749	-0.031858835369348526	0.041558727622032166	-0.0608585886657238	-0.000545004615560174	0.09172520786523819	0.054548345506191254	-0.08035594969987869	0.011707024648785591	-0.003024728037416935	0.07149409502744675	-0.020776905119419098	-0.012386403977870941	-0.04822733253240585	-0.05423537269234657	0.01671617664396763	-0.0734582394361496	0.0879814550280571	-0.0607786700129509	0.06495903432369232	-0.05310641974210739	-0.06970535963773727	-0.10276991128921509	-0.023150237277150154	-0.02130979113280773	-0.048095814883708954	-0.005666122771799564	0.04321169853210449	0.046491589397192	-0.07808869332075119	0.10227972269058228	-0.05852265655994415	0.053302548825740814	0.07206448912620544	-0.0758686289191246	-0.0724669024348259	0.05191656947135925	-0.06705943495035172	0.025406809523701668	0.023338785395026207	0.016545327380299568	-0.027595100924372673	-0.07019542157649994	0.07632608711719513	-0.0541495643556118	-0.06362883746623993	-0.05727265402674675	0.006307053379714489	0.06686732918024063	-0.007214631885290146	0.1062275767326355	0.01579524576663971	0.07050888240337372	0.023257290944457054	-0.05829266831278801	0.0006626701797358692	-0.042199913412332535	-0.12078343331813812
-0.08726175874471664	0.007258223369717598	-0.11909319460391998	0.13861703872680664	0.11462821066379547	0.0933363065123558	-0.0031730325426906347	-0.24926869571208954	0.21963173151016235	-0.14526309072971344	0.0842147246003151	0.15545527637004852	0.15138570964336395	-0.02171877585351467	0.16369269788265228	-0.001529867760837078	-0.05965366214513779	0.046305444091558456	-0.09091267734766006	0.15399831533432007	0.09767749905586243	0.07787619531154633	-0.10700475424528122	0.10252844542264938	-0.0003840902936644852	-0.00756129901856184	-0.014457997865974903	-0.14221273362636566	-0.07552254945039749	-0.0516425222158432	-0.03553510084748268	-0.17055824398994446	0.1146417111158371	-0.09487815201282501	0.05044056102633476	-0.15480872988700867	0.004570788238197565	-0.0475146509706974	0.06268508732318878	-0.15768326818943024	-0.03973495215177536	0.0749296098947525	-0.0636475533246994	-0.014939149841666222	-0.18232659995555878	0.11002202332019806	0.033311471343040466	0.04544375464320183	0.052192844450473785	0.09962007403373718	0.13307887315750122	0.021998144686222076	0.03828279674053192	-0.23679882287979126	-0.08169032633304596	0.14197185635566711	0.09899993985891342	-0.109363853931427	0.06706282496452332	0.08847935497760773	0.09922363609075546	-0.12017592042684555	0.061857812106609344	-0.17577232420444489
-0.07433612644672394	0.04944539815187454	-0.12472765892744064	0.08360902220010757	-0.05512083321809769	0.09909230470657349	0.06381590664386749	-0.031858835369348526	0.041558727622032166	-0.0608585886657238	-0.000545004615560174	0.09172520786523819	0.054548345506191254	-0.08035594969987869	0.011707024648785591	-0.003024728037416935	0.07149409502744675	-0.020776905119419098	-0.012386403977870941	-0.04822733253240585	-0.05423537269234657	0.01671617664396763	-0.0734582394361496	0.0879814550280571	-0.0607786700129509	0.06495903432369232	-0.05310641974210739	-0.06970535963773727	-0.10276991128921509	-0.023150237277150154	-0.02130979113280773	-0.048095814883708954	-0.005666122771799564	0.04321169853210449	0.046491589397192	-0.07808869332075119	0.10227972269058228	-0.05852265655994415	0.053302548825740814	0.07206448912620544	-0.0758686289191246	-0.0724669024348259	0.05191656947135925	-0.06705943495035172	0.025406809523701668	0.023338785395026207	0.016545327380299568	-0.027595100924372673	-0.07019542157649994	0.07632608711719513	-0.0541495643556118	-0.06362883746623993	-0.05727265402674675	0.006307053379714489	0.06686732918024063	-0.007214631885290146	0.1062275767326355	0.01579524576663971	0.07050888240337372	0.023257290944457054	-0.05829266831278801	0.0006626701797358692	-0.042199913412332535	-0.12078343331813812
-0.08726175874471664	0.007258223369717598	-0.11909319460391998	0.13861703872680664	0.11462821066379547	0.0933363065123558	-0.0031730325426906347	-0.24926869571208954	0.21963173151016235	-0.14526309072971344	0.0842147246003151	0.15545527637004852	0.15138570964336395	-0.02171877585351467	0.16369269788265228	-0.001529867760837078	-0.05965366214513779	0.046305444091558456	-0.09091267734766006	0.15399831533432007	0.09767749905586243	0.07787619531154633	-0.10700475424528122	0.10252844542264938	-0.0003840902936644852	-0.00756129901856184	-0.014457997865974903	-0.14221273362636566	-0.07552254945039749	-0.0516425222158432	-0.03553510084748268	-0.17055824398994446	0.1146417111158371	-0.09487815201282501	0.05044056102633476	-0.15480872988700867	0.004570788238197565	-0.0475146509706974	0.06268508732318878	-0.15768326818943024	-0.03973495215177536	0.0749296098947525	-0.0636475533246994	-0.014939149841666222	-0.18232659995555878	0.11002202332019806	0.033311471343040466	0.04544375464320183	0.052192844450473785	0.09962007403373718	0.13307887315750122	0.021998144686222076	0.03828279674053192	-0.23679882287979126	-0.08169032633304596	0.14197185635566711	0.09899993985891342	-0.109363853931427	0.06706282496452332	0.08847935497760773	0.09922363609075546	-0.12017592042684555	0.061857812106609344	-0.17577232420444489
-0.08726175874471664	0.007258223369717598	-0.11909319460391998	0.13861703872680664	0.11462821066379547	0.0933363065123558	-0.0031730325426906347	-0.24926869571208954	0.21963173151016235	-0.14526309072971344	0.0842147246003151	0.15545527637004852	0.15138570964336395	-0.02171877585351467	0.16369269788265228	-0.001529867760837078	-0.05965366214513779	0.046305444091558456	-0.09091267734766006	0.15399831533432007	0.09767749905586243	0.07787619531154633	-0.10700475424528122	0.10252844542264938	-0.0003840902936644852	-0.00756129901856184	-0.014457997865974903	-0.14221273362636566	-0.07552254945039749	-0.0516425222158432	-0.03553510084748268	-0.17055824398994446	0.1146417111158371	-0.09487815201282501	0.05044056102633476	-0.15480872988700867	0.004570788238197565	-0.0475146509706974	0.06268508732318878	-0.15768326818943024	-0.03973495215177536	0.0749296098947525	-0.0636475533246994	-0.014939149841666222	-0.18232659995555878	0.11002202332019806	0.033311471343040466	0.04544375464320183	0.052192844450473785	0.09962007403373718	0.13307887315750122	0.021998144686222076	0.03828279674053192	-0.23679882287979126	-0.08169032633304596	0.14197185635566711	0.09899993985891342	-0.109363853931427	0.06706282496452332	0.08847935497760773	0.09922363609075546	-0.12017592042684555	0.061857812106609344	-0.17577232420444489
-0.005540368612855673	-0.054458703845739365	0.19335728883743286	-0.12146791815757751	0.08708678185939789	-0.21519604325294495	0.043468210846185684	0.36058688163757324	-0.26860904693603516	0.21727363765239716	-0.055457185953855515	-0.0405566543340683	-0.13622482120990753	-0.10254823416471481	-0.14214447140693665	0.042477741837501526	0.017620446160435677	-0.055427100509405136	0.2035757154226303	-0.18367807567119598	-0.0552368201315403	-0.08701888471841812	0.07527358829975128	-0.10785757005214691	0.03132752701640129	0.1805586963891983	-0.08199991285800934	0.22151057422161102	0.12624140083789825	0.14220429956912994	-0.038041383028030396	0.1632213443517685	-0.12135707587003708	-0.021099889650940895	-0.04568194970488548	0.15763282775878906	-0.16149963438510895	0.04013597220182419	-0.16431353986263275	0.16627410054206848	-0.07711447775363922	-0.13113819062709808	0.15115609765052795	-0.06464514881372452	0.11536218971014023	-0.03478730097413063	-0.06160518154501915	0.039699800312519073	-0.09437654167413712	-0.26571717858314514	-0.19669049978256226	-0.1498437076807022	-0.09176716208457947	0.2605834901332855	0.14555470645427704	-0.2030772566795349	-0.19322988390922546	0.1218579038977623	-0.08389946073293686	-0.08823947608470917	-0.06352748721837997	0.11558254808187485	0.0036305042449384928	0.1525002270936966
-0.08726175874471664	0.007258223369717598	-0.11909319460391998	0.13861703872680664	0.11462821066379547	0.0933363065123558	-0.0031730325426906347	-0.24926869571208954	0.21963173151016235	-0.14526309072971344	0.0842147246003151	0.15545527637004852	0.15138570964336395	-0.02171877585351467	0.16369269788265228	-0.001529867760837078	-0.05965366214513779	0.046305444091558456	-0.09091267734766006	0.15399831533432007	0.09767749905586243	0.07787619531154633	-0.10700475424528122	0.10252844542264938	-0.0003840902936644852	-0.00756129901856184	-0.014457997865974903	-0.14221273362636566	-0.07552254945039749	-0.0516425222158432	-0.03553510084748268	-0.17055824398994446	0.1146417111158371	-0.09487815201282501	0.05044056102633476	-0.15480872988700867	0.004570788238197565	-0.0475146509706974	0.06268508732318878	-0.15768326818943024	-0.03973495215177536	0.0749296098947525	-0.0636475533246994	-0.014939149841666222	-0.18232659995555878	0.11002202332019806	0.033311471343040466	0.04544375464320183	0.052192844450473785	0.09962007403373718	0.13307887315750122	0.021998144686222076	0.03828279674053192	-0.23679882287979126	-0.08169032633304596	0.14197185635566711	0.09899993985891342	-0.109363853931427	0.06706282496452332	0.08847935497760773	0.09922363609075546	-0.12017592042684555	0.061857812106609344	-0.17577232420444489
-0.005540368612855673	-0.054458703845739365	0.19335728883743286	-0.12146791815757751	0.08708678185939789	-0.21519604325294495	0.043468210846185684	0.36058688163757324	-0.26860904693603516	0.21727363765239716	-0.055457185953855515	-0.0405566543340683	-0.13622482120990753	-0.10254823416471481	-0.14214447140693665	0.042477741837501526	0.017620446160435677	-0.055427100509405136	0.2035757154226303	-0.18367807567119598	-0.0552368201315403	-0.08701888471841812	0.07527358829975128	-0.10785757005214691	0.03132752701640129	0.1805586963891983	-0.08199991285800934	0.22151057422161102	0.12624140083789825	0.14220429956912994	-0.038041383028030396	0.1632213443517685	-0.12135707587003708	-0.021099889650940895	-0.04568194970488548	0.15763282775878906	-0.16149963438510895	0.04013597220182419	-0.16431353986263275	0.16627410054206848	-0.07711447775363922	-0.13113819062709808	0.15115609765052795	-0.06464514881372452	0.11536218971014023	-0.03478730097413063	-0.06160518154501915	0.039699800312519073	-0.09437654167413712	-0.26571717858314514	-0.19669049978256226	-0.1498437076807022	-0.09176716208457947	0.2605834901332855	0.14555470645427704	-0.2030772566795349	-0.19322988390922546	0.1218579038977623	-0.08389946073293686	-0.08823947608470917	-0.06352748721837997	0.11558254808187485	0.0036305042449384928	0.1525002270936966
-0.005540368612855673	-0.054458703845739365	0.19335728883743286	-0.12146791815757751	0.08708678185939789	-0.21519604325294495	0.043468210846185684	0.36058688163757324	-0.26860904693603516	0.21727363765239716	-0.055457185953855515	-0.0405566543340683	-0.13622482120990753	-0.10254823416471481	-0.14214447140693665	0.042477741837501526	0.017620446160435677	-0.055427100509405136	0.2035757154226303	-0.18367807567119598	-0.0552368201315403	-0.08701888471841812	0.07527358829975128	-0.10785757005214691	0.03132752701640129	0.1805586963891983	-0.08199991285800934	0.22151057422161102	0.12624140083789825	0.14220429956912994	-0.038041383028030396	0.1632213443517685	-0.12135707587003708	-0.021099889650940895	-0.04568194970488548	0.15763282775878906	-0.16149963438510895	0.04013597220182419	-0.16431353986263275	0.16627410054206848	-0.07711447775363922	-0.13113819062709808	0.15115609765052795	-0.06464514881372452	0.11536218971014023	-0.03478730097413063	-0.06160518154501915	0.039699800312519073	-0.09437654167413712	-0.26571717858314514	-0.19669049978256226	-0.1498437076807022	-0.09176716208457947	0.2605834901332855	0.14555470645427704	-0.2030772566795349	-0.19322988390922546	0.1218579038977623	-0.08389946073293686	-0.08823947608470917	-0.06352748721837997	0.11558254808187485	0.0036305042449384928	0.1525002270936966
-0.005540368612855673	-0.054458703845739365	0.19335728883743286	-0.12146791815757751	0.08708678185939789	-0.21519604325294495	0.043468210846185684	0.36058688163757324	-0.26860904693603516	0.21727363765239716	-0.055457185953855515	-0.0405566543340683	-0.13622482120990753	-0.10254823416471481	-0.14214447140693665	0.042477741837501526	0.017620446160435677	-0.055427100509405136	0.2035757154226303	-0.18367807567119598	-0.0552368201315403	-0.08701888471841812	0.07527358829975128	-0.10785757005214691	0.03132752701640129	0.1805586963891983	-0.08199991285800934	0.22151057422161102	0.12624140083789825	0.14220429956912994	-0.038041383028030396	0.1632213443517685	-0.12135707587003708	-0.021099889650940895	-0.04568194970488548	0.15763282775878906	-0.16149963438510895	0.04013597220182419	-0.16431353986263275	0.16627410054206848	-0.07711447775363922	-0.13113819062709808	0.15115609765052795	-0.06464514881372452	0.11536218971014023	-0.03478730097413063	-0.06160518154501915	0.039699800312519073	-0.09437654167413712	-0.26571717858314514	-0.19669049978256226	-0.1498437076807022	-0.09176716208457947	0.2605834901332855	0.14555470645427704	-0.2030772566795349	-0.19322988390922546	0.1218579038977623	-0.08389946073293686	-0.08823947608470917	-0.06352748721837997	0.11558254808187485	0.0036305042449384928	0.1525002270936966
-0.08726175874471664	0.007258223369717598	-0.11909319460391998	0.13861703872680664	0.11462821066379547	0.0933363065123558	-0.0031730325426906347	-0.24926869571208954	0.21963173151016235	-0.14526309072971344	0.0842147246003151	0.15545527637004852	0.15138570964336395	-0.02171877585351467	0.16369269788265228	-0.001529867760837078	-0.05965366214513779	0.046305444091558456	-0.09091267734766006	0.15399831533432007	0.09767749905586243	0.07787619531154633	-0.10700475424528122	0.10252844542264938	-0.0003840902936644852	-0.00756129901856184	-0.014457997865974903	-0.14221273362636566	-0.07552254945039749	-0.0516425222158432	-0.03553510084748268	-0.17055824398994446	0.1146417111158371	-0.09487815201282501	0.05044056102633476	-0.15480872988700867	0.004570788238197565	-0.0475146509706974	0.06268508732318878	-0.15768326818943024	-0.03973495215177536	0.0749296098947525	-0.0636475533246994	-0.014939149841666222	-0.18232659995555878	0.11002202332019806	0.033311471343040466	0.04544375464320183	0.052192844450473785	0.09962007403373718	0.13307887315750122	0.021998144686222076	0.03828279674053192	-0.23679882287979126	-0.08169032633304596	0.14197185635566711	0.09899993985891342	-0.109363853931427	0.06706282496452332	0.08847935497760773	0.09922363609075546	-0.12017592042684555	0.061857812106609344	-0.17577232420444489
-0.08726175874471664	0.007258223369717598	-0.11909319460391998	0.13861703872680664	0.11462821066379547	0.0933363065123558	-0.0031730325426906347	-0.24926869571208954	0.21963173151016235	-0.14526309072971344	0.0842147246003151	0.15545527637004852	0.15138570964336395	-0.02171877585351467	0.16369269788265228	-0.001529867760837078	-0.05965366214513779	0.046305444091558456	-0.09091267734766006	0.15399831533432007	0.09767749905586243	0.07787619531154633	-0.10700475424528122	0.10252844542264938	-0.0003840902936644852	-0.00756129901856184	-0.014457997865974903	-0.14221273362636566	-0.07552254945039749	-0.0516425222158432	-0.03553510084748268	-0.17055824398994446	0.1146417111158371	-0.09487815201282501	0.05044056102633476	-0.15480872988700867	0.004570788238197565	-0.0475146509706974	0.06268508732318878	-0.15768326818943024	-0.03973495215177536	0.0749296098947525	-0.0636475533246994	-0.014939149841666222	-0.18232659995555878	0.11002202332019806	0.033311471343040466	0.04544375464320183	0.052192844450473785	0.09962007403373718	0.13307887315750122	0.021998144686222076	0.03828279674053192	-0.23679882287979126	-0.08169032633304596	0.14197185635566711	0.09899993985891342	-0.109363853931427	0.06706282496452332	0.08847935497760773	0.09922363609075546	-0.12017592042684555	0.061857812106609344	-0.17577232420444489
-0.005540368612855673	-0.054458703845739365	0.19335728883743286	-0.12146791815757751	0.08708678185939789	-0.21519604325294495	0.043468210846185684	0.36058688163757324	-0.26860904693603516	0.21727363765239716	-0.055457185953855515	-0.0405566543340683	-0.13622482120990753	-0.10254823416471481	-0.14214447140693665	0.042477741837501526	0.017620446160435677	-0.055427100509405136	0.2035757154226303	-0.18367807567119598	-0.0552368201315403	-0.08701888471841812	0.07527358829975128	-0.10785757005214691	0.03132752701640129	0.1805586963891983	-0.08199991285800934	0.22151057422161102	0.12624140083789825	0.14220429956912994	-0.038041383028030396	0.1632213443517685	-0.12135707587003708	-0.021099889650940895	-0.04568194970488548	0.15763282775878906	-0.16149963438510895	0.04013597220182419	-0.16431353986263275	0.16627410054206848	-0.07711447775363922	-0.13113819062709808	0.15115609765052795	-0.06464514881372452	0.11536218971014023	-0.03478730097413063	-0.06160518154501915	0.039699800312519073	-0.09437654167413712	-0.26571717858314514	-0.19669049978256226	-0.1498437076807022	-0.09176716208457947	0.2605834901332855	0.14555470645427704	-0.2030772566795349	-0.19322988390922546	0.1218579038977623	-0.08389946073293686	-0.08823947608470917	-0.06352748721837997	0.11558254808187485	0.0036305042449384928	0.1525002270936966
-0.005540368612855673	-0.054458703845739365	0.19335728883743286	-0.12146791815757751	0.08708678185939789	-0.21519604325294495	0.043468210846185684	0.36058688163757324	-0.26860904693603516	0.21727363765239716	-0.055457185953855515	-0.0405566543340683	-0.13622482120990753	-0.10254823416471481	-0.14214447140693665	0.042477741837501526	0.017620446160435677	-0.055427100509405136	0.2035757154226303	-0.18367807567119598	-0.0552368201315403	-0.08701888471841812	0.07527358829975128	-0.10785757005214691	0.03132752701640129	0.1805586963891983	-0.08199991285800934	0.22151057422161102	0.12624140083789825	0.14220429956912994	-0.038041383028030396	0.1632213443517685	-0.12135707587003708	-0.021099889650940895	-0.04568194970488548	0.15763282775878906	-0.16149963438510895	0.04013597220182419	-0.16431353986263275	0.16627410054206848	-0.07711447775363922	-0.13113819062709808	0.15115609765052795	-0.06464514881372452	0.11536218971014023	-0.03478730097413063	-0.06160518154501915	0.039699800312519073	-0.09437654167413712	-0.26571717858314514	-0.19669049978256226	-0.1498437076807022	-0.09176716208457947	0.2605834901332855	0.14555470645427704	-0.2030772566795349	-0.19322988390922546	0.1218579038977623	-0.08389946073293686	-0.08823947608470917	-0.06352748721837997	0.11558254808187485	0.0036305042449384928	0.1525002270936966
-0.005540368612855673	-0.054458703845739365	0.19335728883743286	-0.12146791815757751	0.08708678185939789	-0.21519604325294495	0.043468210846185684	0.36058688163757324	-0.26860904693603516	0.21727363765239716	-0.055457185953855515	-0.0405566543340683	-0.13622482120990753	-0.10254823416471481	-0.14214447140693665	0.042477741837501526	0.017620446160435677	-0.055427100509405136	0.2035757154226303	-0.18367807567119598	-0.0552368201315403	-0.08701888471841812	0.07527358829975128	-0.10785757005214691	0.03132752701640129	0.1805586963891983	-0.08199991285800934	0.22151057422161102	0.12624140083789825	0.14220429956912994	-0.038041383028030396	0.1632213443517685	-0.12135707587003708	-0.021099889650940895	-0.04568194970488548	0.15763282775878906	-0.16149963438510895	0.04013597220182419	-0.16431353986263275	0.16627410054206848	-0.07711447775363922	-0.13113819062709808	0.15115609765052795	-0.06464514881372452	0.11536218971014023	-0.03478730097413063	-0.06160518154501915	0.039699800312519073	-0.09437654167413712	-0.26571717858314514	-0.19669049978256226	-0.1498437076807022	-0.09176716208457947	0.2605834901332855	0.14555470645427704	-0.2030772566795349	-0.19322988390922546	0.1218579038977623	-0.08389946073293686	-0.08823947608470917	-0.06352748721837997	0.11558254808187485	0.0036305042449384928	0.1525002270936966
-0.005540368612855673	-0.054458703845739365	0.19335728883743286	-0.12146791815757751	0.08708678185939789	-0.21519604325294495	0.043468210846185684	0.36058688163757324	-0.26860904693603516	0.21727363765239716	-0.055457185953855515	-0.0405566543340683	-0.13622482120990753	-0.10254823416471481	-0.14214447140693665	0.042477741837501526	0.017620446160435677	-0.055427100509405136	0.2035757154226303	-0.18367807567119598	-0.0552368201315403	-0.08701888471841812	0.07527358829975128	-0.10785757005214691	0.03132752701640129	0.1805586963891983	-0.08199991285800934	0.22151057422161102	0.12624140083789825	0.14220429956912994	-0.038041383028030396	0.1632213443517685	-0.12135707587003708	-0.021099889650940895	-0.04568194970488548	0.15763282775878906	-0.16149963438510895	0.04013597220182419	-0.16431353986263275	0.16627410054206848	-0.07711447775363922	-0.13113819062709808	0.15115609765052795	-0.06464514881372452	0.11536218971014023	-0.03478730097413063	-0.06160518154501915	0.039699800312519073	-0.09437654167413712	-0.26571717858314514	-0.19669049978256226	-0.1498437076807022	-0.09176716208457947	0.2605834901332855	0.14555470645427704	-0.2030772566795349	-0.19322988390922546	0.1218579038977623	-0.08389946073293686	-0.08823947608470917	-0.06352748721837997	0.11558254808187485	0.0036305042449384928	0.1525002270936966
-0.07433612644672394	0.04944539815187454	-0.12472765892744064	0.08360902220010757	-0.05512083321809769	0.09909230470657349	0.06381590664386749	-0.031858835369348526	0.041558727622032166	-0.0608585886657238	-0.000545004615560174	0.09172520786523819	0.054548345506191254	-0.08035594969987869	0.011707024648785591	-0.003024728037416935	0.07149409502744675	-0.020776905119419098	-0.012386403977870941	-0.04822733253240585	-0.05423537269234657	0.01671617664396763	-0.0734582394361496	0.0879814550280571	-0.0607786700129509	0.06495903432369232	-0.05310641974210739	-0.06970535963773727	-0.10276991128921509	-0.023150237277150154	-0.02130979113280773	-0.048095814883708954	-0.005666122771799564	0.04321169853210449	0.046491589397192	-0.07808869332075119	0.10227972269058228	-0.05852265655994415	0.053302548825740814	0.07206448912620544	-0.0758686289191246	-0.0724669024348259	0.05191656947135925	-0.06705943495035172	0.025406809523701668	0.023338785395026207	0.016545327380299568	-0.027595100924372673	-0.07019542157649994	0.07632608711719513	-0.0541495643556118	-0.06362883746623993	-0.05727265402674675	0.006307053379714489	0.06686732918024063	-0.007214631885290146	0.1062275767326355	0.01579524576663971	0.07050888240337372	0.023257290944457054	-0.05829266831278801	0.0006626701797358692	-0.042199913412332535	-0.12078343331813812
-0.08726175874471664	0.007258223369717598	-0.11909319460391998	0.13861703872680664	0.11462821066379547	0.0933363065123558	-0.0031730325426906347	-0.24926869571208954	0.21963173151016235	-0.14526309072971344	0.0842147246003151	0.15545527637004852	0.15138570964336395	-0.02171877585351467	0.16369269788265228	-0.001529867760837078	-0.05965366214513779	0.046305444091558456	-0.09091267734766006	0.15399831533432007	0.09767749905586243	0.07787619531154633	-0.10700475424528122	0.10252844542264938	-0.0003840902936644852	-0.00756129901856184	-0.014457997865974903	-0.14221273362636566	-0.07552254945039749	-0.0516425222158432	-0.03553510084748268	-0.17055824398994446	0.1146417111158371	-0.09487815201282501	0.05044056102633476	-0.15480872988700867	0.004570788238197565	-0.0475146509706974	0.06268508732318878	-0.15768326818943024	-0.03973495215177536	0.0749296098947525	-0.0636475533246994	-0.014939149841666222	-0.18232659995555878	0.11002202332019806	0.033311471343040466	0.04544375464320183	0.052192844450473785	0.09962007403373718	0.13307887315750122	0.021998144686222076	0.03828279674053192	-0.23679882287979126	-0.08169032633304596	0.14197185635566711	0.09899993985891342	-0.109363853931427	0.06706282496452332	0.08847935497760773	0.09922363609075546	-0.12017592042684555	0.061857812106609344	-0.17577232420444489
-0.005540368612855673	-0.054458703845739365	0.19335728883743286	-0.12146791815757751	0.08708678185939789	-0.21519604325294495	0.043468210846185684	0.36058688163757324	-0.26860904693603516	0.21727363765239716	-0.055457185953855515	-0.0405566543340683	-0.13622482120990753	-0.10254823416471481	-0.14214447140693665	0.042477741837501526	0.017620446160435677	-0.055427100509405136	0.2035757154226303	-0.18367807567119598	-0.0552368201315403	-0.08701888471841812	0.07527358829975128	-0.10785757005214691	0.03132752701640129	0.1805586963891983	-0.08199991285800934	0.22151057422161102	0.12624140083789825	0.14220429956912994	-0.038041383028030396	0.1632213443517685	-0.12135707587003708	-0.021099889650940895	-0.04568194970488548	0.15763282775878906	-0.16149963438510895	0.04013597220182419	-0.16431353986263275	0.16627410054206848	-0.07711447775363922	-0.13113819062709808	0.15115609765052795	-0.06464514881372452	0.11536218971014023	-0.03478730097413063	-0.06160518154501915	0.039699800312519073	-0.09437654167413712	-0.26571717858314514	-0.19669049978256226	-0.1498437076807022	-0.09176716208457947	0.2605834901332855	0.14555470645427704	-0.2030772566795349	-0.19322988390922546	0.1218579038977623	-0.08389946073293686	-0.08823947608470917	-0.06352748721837997	0.11558254808187485	0.0036305042449384928	0.1525002270936966
-0.005540368612855673	-0.054458703845739365	0.19335728883743286	-0.12146791815757751	0.08708678185939789	-0.21519604325294495	0.043468210846185684	0.36058688163757324	-0.26860904693603516	0.21727363765239716	-0.055457185953855515	-0.0405566543340683	-0.13622482120990753	-0.10254823416471481	-0.14214447140693665	0.042477741837501526	0.017620446160435677	-0.055427100509405136	0.2035757154226303	-0.18367807567119598	-0.0552368201315403	-0.08701888471841812	0.07527358829975128	-0.10785757005214691	0.03132752701640129	0.1805586963891983	-0.08199991285800934	0.22151057422161102	0.12624140083789825	0.14220429956912994	-0.038041383028030396	0.1632213443517685	-0.12135707587003708	-0.021099889650940895	-0.04568194970488548	0.15763282775878906	-0.16149963438510895	0.04013597220182419	-0.16431353986263275	0.16627410054206848	-0.07711447775363922	-0.13113819062709808	0.15115609765052795	-0.06464514881372452	0.11536218971014023	-0.03478730097413063	-0.06160518154501915	0.039699800312519073	-0.09437654167413712	-0.26571717858314514	-0.19669049978256226	-0.1498437076807022	-0.09176716208457947	0.2605834901332855	0.14555470645427704	-0.2030772566795349	-0.19322988390922546	0.1218579038977623	-0.08389946073293686	-0.08823947608470917	-0.06352748721837997	0.11558254808187485	0.0036305042449384928	0.1525002270936966
-0.08726175874471664	0.007258223369717598	-0.11909319460391998	0.13861703872680664	0.11462821066379547	0.0933363065123558	-0.0031730325426906347	-0.24926869571208954	0.21963173151016235	-0.14526309072971344	0.0842147246003151	0.15545527637004852	0.15138570964336395	-0.02171877585351467	0.16369269788265228	-0.001529867760837078	-0.05965366214513779	0.046305444091558456	-0.09091267734766006	0.15399831533432007	0.09767749905586243	0.07787619531154633	-0.10700475424528122	0.10252844542264938	-0.0003840902936644852	-0.00756129901856184	-0.014457997865974903	-0.14221273362636566	-0.07552254945039749	-0.0516425222158432	-0.03553510084748268	-0.17055824398994446	0.1146417111158371	-0.09487815201282501	0.05044056102633476	-0.15480872988700867	0.004570788238197565	-0.0475146509706974	0.06268508732318878	-0.15768326818943024	-0.03973495215177536	0.0749296098947525	-0.0636475533246994	-0.014939149841666222	-0.18232659995555878	0.11002202332019806	0.033311471343040466	0.04544375464320183	0.052192844450473785	0.09962007403373718	0.13307887315750122	0.021998144686222076	0.03828279674053192	-0.23679882287979126	-0.08169032633304596	0.14197185635566711	0.09899993985891342	-0.109363853931427	0.06706282496452332	0.08847935497760773	0.09922363609075546	-0.12017592042684555	0.061857812106609344	-0.17577232420444489
-0.005540368612855673	-0.054458703845739365	0.19335728883743286	-0.12146791815757751	0.08708678185939789	-0.21519604325294495	0.043468210846185684	0.36058688163757324	-0.26860904693603516	0.21727363765239716	-0.055457185953855515	-0.0405566543340683	-0.13622482120990753	-0.10254823416471481	-0.14214447140693665	0.042477741837501526	0.017620446160435677	-0.055427100509405136	0.2035757154226303	-0.18367807567119598	-0.0552368201315403	-0.08701888471841812	0.07527358829975128	-0.10785757005214691	0.03132752701640129	0.1805586963891983	-0.08199991285800934	0.22151057422161102	0.12624140083789825	0.14220429956912994	-0.038041383028030396	0.1632213443517685	-0.12135707587003708	-0.021099889650940895	-0.04568194970488548	0.15763282775878906	-0.16149963438510895	0.04013597220182419	-0.16431353986263275	0.16627410054206848	-0.07711447775363922	-0.13113819062709808	0.15115609765052795	-0.06464514881372452	0.11536218971014023	-0.03478730097413063	-0.06160518154501915	0.039699800312519073	-0.09437654167413712	-0.26571717858314514	-0.19669049978256226	-0.1498437076807022	-0.09176716208457947	0.2605834901332855	0.14555470645427704	-0.2030772566795349	-0.19322988390922546	0.1218579038977623	-0.08389946073293686	-0.08823947608470917	-0.06352748721837997	0.11558254808187485	0.0036305042449384928	0.1525002270936966
-0.08726175874471664	0.007258223369717598	-0.11909319460391998	0.13861703872680664	0.11462821066379547	0.0933363065123558	-0.0031730325426906347	-0.24926869571208954	0.21963173151016235	-0.14526309072971344	0.0842147246003151	0.15545527637004852	0.15138570964336395	-0.02171877585351467	0.16369269788265228	-0.001529867760837078	-0.05965366214513779	0.046305444091558456	-0.09091267734766006	0.15399831533432007	0.09767749905586243	0.07787619531154633	-0.10700475424528122	0.10252844542264938	-0.0003840902936644852	-0.00756129901856184	-0.014457997865974903	-0.14221273362636566	-0.07552254945039749	-0.0516425222158432	-0.03553510084748268	-0.17055824398994446	0.1146417111158371	-0.09487815201282501	0.05044056102633476	-0.15480872988700867	0.004570788238197565	-0.0475146509706974	0.06268508732318878	-0.15768326818943024	-0.03973495215177536	0.0749296098947525	-0.0636475533246994	-0.014939149841666222	-0.18232659995555878	0.11002202332019806	0.033311471343040466	0.04544375464320183	0.052192844450473785	0.09962007403373718	0.13307887315750122	0.021998144686222076	0.03828279674053192	-0.23679882287979126	-0.08169032633304596	0.14197185635566711	0.09899993985891342	-0.109363853931427	0.06706282496452332	0.08847935497760773	0.09922363609075546	-0.12017592042684555	0.061857812106609344	-0.17577232420444489
-0.08726175874471664	0.007258223369717598	-0.11909319460391998	0.13861703872680664	0.11462821066379547	0.0933363065123558	-0.0031730325426906347	-0.24926869571208954	0.21963173151016235	-0.14526309072971344	0.0842147246003151	0.15545527637004852	0.15138570964336395	-0.02171877585351467	0.16369269788265228	-0.001529867760837078	-0.05965366214513779	0.046305444091558456	-0.09091267734766006	0.15399831533432007	0.09767749905586243	0.07787619531154633	-0.10700475424528122	0.10252844542264938	-0.0003840902936644852	-0.00756129901856184	-0.014457997865974903	-0.14221273362636566	-0.07552254945039749	-0.0516425222158432	-0.03553510084748268	-0.17055824398994446	0.1146417111158371	-0.09487815201282501	0.05044056102633476	-0.15480872988700867	0.004570788238197565	-0.0475146509706974	0.06268508732318878	-0.15768326818943024	-0.03973495215177536	0.0749296098947525	-0.0636475533246994	-0.014939149841666222	-0.18232659995555878	0.11002202332019806	0.033311471343040466	0.04544375464320183	0.052192844450473785	0.09962007403373718	0.13307887315750122	0.021998144686222076	0.03828279674053192	-0.23679882287979126	-0.08169032633304596	0.14197185635566711	0.09899993985891342	-0.109363853931427	0.06706282496452332	0.08847935497760773	0.09922363609075546	-0.12017592042684555	0.061857812106609344	-0.17577232420444489
-0.08726175874471664	0.007258223369717598	-0.11909319460391998	0.13861703872680664	0.11462821066379547	0.0933363065123558	-0.0031730325426906347	-0.24926869571208954	0.21963173151016235	-0.14526309072971344	0.0842147246003151	0.15545527637004852	0.15138570964336395	-0.02171877585351467	0.16369269788265228	-0.001529867760837078	-0.05965366214513779	0.046305444091558456	-0.09091267734766006	0.15399831533432007	0.09767749905586243	0.07787619531154633	-0.10700475424528122	0.10252844542264938	-0.0003840902936644852	-0.00756129901856184	-0.014457997865974903	-0.14221273362636566	-0.07552254945039749	-0.0516425222158432	-0.03553510084748268	-0.17055824398994446	0.1146417111158371	-0.09487815201282501	0.05044056102633476	-0.15480872988700867	0.004570788238197565	-0.0475146509706974	0.06268508732318878	-0.15768326818943024	-0.03973495215177536	0.0749296098947525	-0.0636475533246994	-0.014939149841666222	-0.18232659995555878	0.11002202332019806	0.033311471343040466	0.04544375464320183	0.052192844450473785	0.09962007403373718	0.13307887315750122	0.021998144686222076	0.03828279674053192	-0.23679882287979126	-0.08169032633304596	0.14197185635566711	0.09899993985891342	-0.109363853931427	0.06706282496452332	0.08847935497760773	0.09922363609075546	-0.12017592042684555	0.061857812106609344	-0.17577232420444489
-0.08726175874471664	0.007258223369717598	-0.11909319460391998	0.13861703872680664	0.11462821066379547	0.0933363065123558	-0.0031730325426906347	-0.24926869571208954	0.21963173151016235	-0.14526309072971344	0.0842147246003151	0.15545527637004852	0.15138570964336395	-0.02171877585351467	0.16369269788265228	-0.001529867760837078	-0.05965366214513779	0.046305444091558456	-0.09091267734766006	0.15399831533432007	0.09767749905586243	0.07787619531154633	-0.10700475424528122	0.10252844542264938	-0.0003840902936644852	-0.00756129901856184	-0.014457997865974903	-0.14221273362636566	-0.07552254945039749	-0.0516425222158432	-0.03553510084748268	-0.17055824398994446	0.1146417111158371	-0.09487815201282501	0.05044056102633476	-0.15480872988700867	0.004570788238197565	-0.0475146509706974	0.06268508732318878	-0.15768326818943024	-0.03973495215177536	0.0749296098947525	-0.0636475533246994	-0.014939149841666222	-0.18232659995555878	0.11002202332019806	0.033311471343040466	0.04544375464320183	0.052192844450473785	0.09962007403373718	0.13307887315750122	0.021998144686222076	0.03828279674053192	-0.23679882287979126	-0.08169032633304596	0.14197185635566711	0.09899993985891342	-0.109363853931427	0.06706282496452332	0.08847935497760773	0.09922363609075546	-0.12017592042684555	0.061857812106609344	-0.17577232420444489
-0.08726175874471664	0.007258223369717598	-0.11909319460391998	0.13861703872680664	0.11462821066379547	0.0933363065123558	-0.0031730325426906347	-0.24926869571208954	0.21963173151016235	-0.14526309072971344	0.0842147246003151	0.15545527637004852	0.15138570964336395	-0.02171877585351467	0.16369269788265228	-0.001529867760837078	-0.05965366214513779	0.046305444091558456	-0.09091267734766006	0.15399831533432007	0.09767749905586243	0.07787619531154633	-0.10700475424528122	0.10252844542264938	-0.0003840902936644852	-0.00756129901856184	-0.014457997865974903	-0.14221273362636566	-0.07552254945039749	-0.0516425222158432	-0.03553510084748268	-0.17055824398994446	0.1146417111158371	-0.09487815201282501	0.05044056102633476	-0.15480872988700867	0.004570788238197565	-0.0475146509706974	0.06268508732318878	-0.15768326818943024	-0.03973495215177536	0.0749296098947525	-0.0636475533246994	-0.014939149841666222	-0.18232659995555878	0.11002202332019806	0.033311471343040466	0.04544375464320183	0.052192844450473785	0.09962007403373718	0.13307887315750122	0.021998144686222076	0.03828279674053192	-0.23679882287979126	-0.08169032633304596	0.14197185635566711	0.09899993985891342	-0.109363853931427	0.06706282496452332	0.08847935497760773	0.09922363609075546	-0.12017592042684555	0.061857812106609344	-0.17577232420444489
-0.005540368612855673	-0.054458703845739365	0.19335728883743286	-0.12146791815757751	0.08708678185939789	-0.21519604325294495	0.043468210846185684	0.36058688163757324	-0.26860904693603516	0.21727363765239716	-0.055457185953855515	-0.0405566543340683	-0.13622482120990753	-0.10254823416471481	-0.14214447140693665	0.042477741837501526	0.017620446160435677	-0.055427100509405136	0.2035757154226303	-0.18367807567119598	-0.0552368201315403	-0.08701888471841812	0.07527358829975128	-0.10785757005214691	0.03132752701640129	0.1805586963891983	-0.08199991285800934	0.22151057422161102	0.12624140083789825	0.14220429956912994	-0.038041383028030396	0.1632213443517685	-0.12135707587003708	-0.021099889650940895	-0.04568194970488548	0.15763282775878906	-0.16149963438510895	0.04013597220182419	-0.16431353986263275	0.16627410054206848	-0.07711447775363922	-0.13113819062709808	0.15115609765052795	-0.06464514881372452	0.11536218971014023	-0.03478730097413063	-0.06160518154501915	0.039699800312519073	-0.09437654167413712	-0.26571717858314514	-0.19669049978256226	-0.1498437076807022	-0.09176716208457947	0.2605834901332855	0.14555470645427704	-0.2030772566795349	-0.19322988390922546	0.1218579038977623	-0.08389946073293686	-0.08823947608470917	-0.06352748721837997	0.11558254808187485	0.0036305042449384928	0.1525002270936966
-0.005540368612855673	-0.054458703845739365	0.19335728883743286	-0.12146791815757751	0.08708678185939789	-0.21519604325294495	0.043468210846185684	0.36058688163757324	-0.26860904693603516	0.21727363765239716	-0.055457185953855515	-0.0405566543340683	-0.13622482120990753	-0.10254823416471481	-0.14214447140693665	0.042477741837501526	0.017620446160435677	-0.055427100509405136	0.2035757154226303	-0.18367807567119598	-0.0552368201315403	-0.08701888471841812	0.07527358829975128	-0.10785757005214691	0.03132752701640129	0.1805586963891983	-0.08199991285800934	0.22151057422161102	0.12624140083789825	0.14220429956912994	-0.038041383028030396	0.1632213443517685	-0.12135707587003708	-0.021099889650940895	-0.04568194970488548	0.15763282775878906	-0.16149963438510895	0.04013597220182419	-0.16431353986263275	0.16627410054206848	-0.07711447775363922	-0.13113819062709808	0.15115609765052795	-0.06464514881372452	0.11536218971014023	-0.03478730097413063	-0.06160518154501915	0.039699800312519073	-0.09437654167413712	-0.26571717858314514	-0.19669049978256226	-0.1498437076807022	-0.09176716208457947	0.2605834901332855	0.14555470645427704	-0.2030772566795349	-0.19322988390922546	0.1218579038977623	-0.08389946073293686	-0.08823947608470917	-0.06352748721837997	0.11558254808187485	0.0036305042449384928	0.1525002270936966
-0.005540368612855673	-0.054458703845739365	0.19335728883743286	-0.12146791815757751	0.08708678185939789	-0.21519604325294495	0.043468210846185684	0.36058688163757324	-0.26860904693603516	0.21727363765239716	-0.055457185953855515	-0.0405566543340683	-0.13622482120990753	-0.10254823416471481	-0.14214447140693665	0.042477741837501526	0.017620446160435677	-0.055427100509405136	0.2035757154226303	-0.18367807567119598	-0.0552368201315403	-0.08701888471841812	0.07527358829975128	-0.10785757005214691	0.03132752701640129	0.1805586963891983	-0.08199991285800934	0.22151057422161102	0.12624140083789825	0.14220429956912994	-0.038041383028030396	0.1632213443517685	-0.12135707587003708	-0.021099889650940895	-0.04568194970488548	0.15763282775878906	-0.16149963438510895	0.04013597220182419	-0.16431353986263275	0.16627410054206848	-0.07711447775363922	-0.13113819062709808	0.15115609765052795	-0.06464514881372452	0.11536218971014023	-0.03478730097413063	-0.06160518154501915	0.039699800312519073	-0.09437654167413712	-0.26571717858314514	-0.19669049978256226	-0.1498437076807022	-0.09176716208457947	0.2605834901332855	0.14555470645427704	-0.2030772566795349	-0.19322988390922546	0.1218579038977623	-0.08389946073293686	-0.08823947608470917	-0.06352748721837997	0.11558254808187485	0.0036305042449384928	0.1525002270936966
-0.08726175874471664	0.007258223369717598	-0.11909319460391998	0.13861703872680664	0.11462821066379547	0.0933363065123558	-0.0031730325426906347	-0.24926869571208954	0.21963173151016235	-0.14526309072971344	0.0842147246003151	0.15545527637004852	0.15138570964336395	-0.02171877585351467	0.16369269788265228	-0.001529867760837078	-0.05965366214513779	0.046305444091558456	-0.09091267734766006	0.15399831533432007	0.09767749905586243	0.07787619531154633	-0.10700475424528122	0.10252844542264938	-0.0003840902936644852	-0.00756129901856184	-0.014457997865974903	-0.14221273362636566	-0.07552254945039749	-0.0516425222158432	-0.03553510084748268	-0.17055824398994446	0.1146417111158371	-0.09487815201282501	0.05044056102633476	-0.15480872988700867	0.004570788238197565	-0.0475146509706974	0.06268508732318878	-0.15768326818943024	-0.03973495215177536	0.0749296098947525	-0.0636475533246994	-0.014939149841666222	-0.18232659995555878	0.11002202332019806	0.033311471343040466	0.04544375464320183	0.052192844450473785	0.09962007403373718	0.13307887315750122	0.021998144686222076	0.03828279674053192	-0.23679882287979126	-0.08169032633304596	0.14197185635566711	0.09899993985891342	-0.109363853931427	0.06706282496452332	0.08847935497760773	0.09922363609075546	-0.12017592042684555	0.061857812106609344	-0.17577232420444489
-0.08726175874471664	0.007258223369717598	-0.11909319460391998	0.13861703872680664	0.11462821066379547	0.0933363065123558	-0.0031730325426906347	-0.24926869571208954	0.21963173151016235	-0.14526309072971344	0.0842147246003151	0.15545527637004852	0.15138570964336395	-0.02171877585351467	0.16369269788265228	-0.001529867760837078	-0.05965366214513779	0.046305444091558456	-0.09091267734766006	0.15399831533432007	0.09767749905586243	0.07787619531154633	-0.10700475424528122	0.10252844542264938	-0.0003840902936644852	-0.00756129901856184	-0.014457997865974903	-0.14221273362636566	-0.07552254945039749	-0.0516425222158432	-0.03553510084748268	-0.17055824398994446	0.1146417111158371	-0.09487815201282501	0.05044056102633476	-0.15480872988700867	0.004570788238197565	-0.0475146509706974	0.06268508732318878	-0.15768326818943024	-0.03973495215177536	0.0749296098947525	-0.0636475533246994	-0.014939149841666222	-0.18232659995555878	0.11002202332019806	0.033311471343040466	0.04544375464320183	0.052192844450473785	0.09962007403373718	0.13307887315750122	0.021998144686222076	0.03828279674053192	-0.23679882287979126	-0.08169032633304596	0.14197185635566711	0.09899993985891342	-0.109363853931427	0.06706282496452332	0.08847935497760773	0.09922363609075546	-0.12017592042684555	0.061857812106609344	-0.17577232420444489
-0.005540368612855673	-0.054458703845739365	0.19335728883743286	-0.12146791815757751	0.08708678185939789	-0.21519604325294495	0.043468210846185684	0.36058688163757324	-0.26860904693603516	0.21727363765239716	-0.055457185953855515	-0.0405566543340683	-0.13622482120990753	-0.10254823416471481	-0.14214447140693665	0.042477741837501526	0.017620446160435677	-0.055427100509405136	0.2035757154226303	-0.18367807567119598	-0.0552368201315403	-0.08701888471841812	0.07527358829975128	-0.10785757005214691	0.03132752701640129	0.1805586963891983	-0.08199991285800934	0.22151057422161102	0.12624140083789825	0.14220429956912994	-0.038041383028030396	0.1632213443517685	-0.12135707587003708	-0.021099889650940895	-0.04568194970488548	0.15763282775878906	-0.16149963438510895	0.04013597220182419	-0.16431353986263275	0.16627410054206848	-0.07711447775363922	-0.13113819062709808	0.15115609765052795	-0.06464514881372452	0.11536218971014023	-0.03478730097413063	-0.06160518154501915	0.039699800312519073	-0.09437654167413712	-0.26571717858314514	-0.19669049978256226	-0.1498437076807022	-0.09176716208457947	0.2605834901332855	0.14555470645427704	-0.2030772566795349	-0.19322988390922546	0.1218579038977623	-0.08389946073293686	-0.08823947608470917	-0.06352748721837997	0.11558254808187485	0.0036305042449384928	0.1525002270936966
-0.08726175874471664	0.007258223369717598	-0.11909319460391998	0.13861703872680664	0.11462821066379547	0.0933363065123558	-0.0031730325426906347	-0.24926869571208954	0.21963173151016235	-0.14526309072971344	0.0842147246003151	0.15545527637004852	0.15138570964336395	-0.02171877585351467	0.16369269788265228	-0.001529867760837078	-0.05965366214513779	0.046305444091558456	-0.09091267734766006	0.15399831533432007	0.09767749905586243	0.07787619531154633	-0.10700475424528122	0.10252844542264938	-0.0003840902936644852	-0.00756129901856184	-0.014457997865974903	-0.14221273362636566	-0.07552254945039749	-0.0516425222158432	-0.03553510084748268	-0.17055824398994446	0.1146417111158371	-0.09487815201282501	0.05044056102633476	-0.15480872988700867	0.004570788238197565	-0.0475146509706974	0.06268508732318878	-0.15768326818943024	-0.03973495215177536	0.0749296098947525	-0.0636475533246994	-0.014939149841666222	-0.18232659995555878	0.11002202332019806	0.033311471343040466	0.04544375464320183	0.052192844450473785	0.09962007403373718	0.13307887315750122	0.021998144686222076	0.03828279674053192	-0.23679882287979126	-0.08169032633304596	0.14197185635566711	0.09899993985891342	-0.109363853931427	0.06706282496452332	0.08847935497760773	0.09922363609075546	-0.12017592042684555	0.061857812106609344	-0.17577232420444489
-0.08726175874471664	0.007258223369717598	-0.11909319460391998	0.13861703872680664	0.11462821066379547	0.0933363065123558	-0.0031730325426906347	-0.24926869571208954	0.21963173151016235	-0.14526309072971344	0.0842147246003151	0.15545527637004852	0.15138570964336395	-0.02171877585351467	0.16369269788265228	-0.001529867760837078	-0.05965366214513779	0.046305444091558456	-0.09091267734766006	0.15399831533432007	0.09767749905586243	0.07787619531154633	-0.10700475424528122	0.10252844542264938	-0.0003840902936644852	-0.00756129901856184	-0.014457997865974903	-0.14221273362636566	-0.07552254945039749	-0.0516425222158432	-0.03553510084748268	-0.17055824398994446	0.1146417111158371	-0.09487815201282501	0.05044056102633476	-0.15480872988700867	0.004570788238197565	-0.0475146509706974	0.06268508732318878	-0.15768326818943024	-0.03973495215177536	0.0749296098947525	-0.0636475533246994	-0.014939149841666222	-0.18232659995555878	0.11002202332019806	0.033311471343040466	0.04544375464320183	0.052192844450473785	0.09962007403373718	0.13307887315750122	0.021998144686222076	0.03828279674053192	-0.23679882287979126	-0.08169032633304596	0.14197185635566711	0.09899993985891342	-0.109363853931427	0.06706282496452332	0.08847935497760773	0.09922363609075546	-0.12017592042684555	0.061857812106609344	-0.17577232420444489
-0.005540368612855673	-0.054458703845739365	0.19335728883743286	-0.12146791815757751	0.08708678185939789	-0.21519604325294495	0.043468210846185684	0.36058688163757324	-0.26860904693603516	0.21727363765239716	-0.055457185953855515	-0.0405566543340683	-0.13622482120990753	-0.10254823416471481	-0.14214447140693665	0.042477741837501526	0.017620446160435677	-0.055427100509405136	0.2035757154226303	-0.18367807567119598	-0.0552368201315403	-0.08701888471841812	0.07527358829975128	-0.10785757005214691	0.03132752701640129	0.1805586963891983	-0.08199991285800934	0.22151057422161102	0.12624140083789825	0.14220429956912994	-0.038041383028030396	0.1632213443517685	-0.12135707587003708	-0.021099889650940895	-0.04568194970488548	0.15763282775878906	-0.16149963438510895	0.04013597220182419	-0.16431353986263275	0.16627410054206848	-0.07711447775363922	-0.13113819062709808	0.15115609765052795	-0.06464514881372452	0.11536218971014023	-0.03478730097413063	-0.06160518154501915	0.039699800312519073	-0.09437654167413712	-0.26571717858314514	-0.19669049978256226	-0.1498437076807022	-0.09176716208457947	0.2605834901332855	0.14555470645427704	-0.2030772566795349	-0.19322988390922546	0.1218579038977623	-0.08389946073293686	-0.08823947608470917	-0.06352748721837997	0.11558254808187485	0.0036305042449384928	0.1525002270936966
-0.08726175874471664	0.007258223369717598	-0.11909319460391998	0.13861703872680664	0.11462821066379547	0.0933363065123558	-0.0031730325426906347	-0.24926869571208954	0.21963173151016235	-0.14526309072971344	0.0842147246003151	0.15545527637004852	0.15138570964336395	-0.02171877585351467	0.16369269788265228	-0.001529867760837078	-0.05965366214513779	0.046305444091558456	-0.09091267734766006	0.15399831533432007	0.09767749905586243	0.07787619531154633	-0.10700475424528122	0.10252844542264938	-0.0003840902936644852	-0.00756129901856184	-0.014457997865974903	-0.14221273362636566	-0.07552254945039749	-0.0516425222158432	-0.03553510084748268	-0.17055824398994446	0.1146417111158371	-0.09487815201282501	0.05044056102633476	-0.15480872988700867	0.004570788238197565	-0.0475146509706974	0.06268508732318878	-0.15768326818943024	-0.03973495215177536	0.0749296098947525	-0.0636475533246994	-0.014939149841666222	-0.18232659995555878	0.11002202332019806	0.033311471343040466	0.04544375464320183	0.052192844450473785	0.09962007403373718	0.13307887315750122	0.021998144686222076	0.03828279674053192	-0.23679882287979126	-0.08169032633304596	0.14197185635566711	0.09899993985891342	-0.109363853931427	0.06706282496452332	0.08847935497760773	0.09922363609075546	-0.12017592042684555	0.061857812106609344	-0.17577232420444489
-0.08726175874471664	0.007258223369717598	-0.11909319460391998	0.13861703872680664	0.11462821066379547	0.0933363065123558	-0.0031730325426906347	-0.24926869571208954	0.21963173151016235	-0.14526309072971344	0.0842147246003151	0.15545527637004852	0.15138570964336395	-0.02171877585351467	0.16369269788265228	-0.001529867760837078	-0.05965366214513779	0.046305444091558456	-0.09091267734766006	0.15399831533432007	0.09767749905586243	0.07787619531154633	-0.10700475424528122	0.10252844542264938	-0.0003840902936644852	-0.00756129901856184	-0.014457997865974903	-0.14221273362636566	-0.07552254945039749	-0.0516425222158432	-0.03553510084748268	-0.17055824398994446	0.1146417111158371	-0.09487815201282501	0.05044056102633476	-0.15480872988700867	0.004570788238197565	-0.0475146509706974	0.06268508732318878	-0.15768326818943024	-0.03973495215177536	0.0749296098947525	-0.0636475533246994	-0.014939149841666222	-0.18232659995555878	0.11002202332019806	0.033311471343040466	0.04544375464320183	0.052192844450473785	0.09962007403373718	0.13307887315750122	0.021998144686222076	0.03828279674053192	-0.23679882287979126	-0.08169032633304596	0.14197185635566711	0.09899993985891342	-0.109363853931427	0.06706282496452332	0.08847935497760773	0.09922363609075546	-0.12017592042684555	0.061857812106609344	-0.17577232420444489
-0.046601880341768265	-0.08916127681732178	-0.011013776063919067	-0.02156582660973072	-0.01792668178677559	-0.04649884253740311	0.03280356153845787	-0.06287717074155807	0.047341134399175644	-0.07518688589334488	-0.008863299153745174	-0.09737329185009003	-0.01929297484457493	0.08731696009635925	-0.020949384197592735	0.04645351320505142	0.04536091163754463	-0.023591723293066025	-0.01821109466254711	-0.03557388857007027	0.09040860831737518	0.005667515564709902	-0.07205992937088013	-0.0381673127412796	-0.08159685879945755	0.09929967671632767	0.04735174775123596	-0.027698317542672157	0.04503750056028366	0.08853694051504135	-0.0036467108875513077	-0.05844394862651825	-0.03219360485672951	-0.0387788824737072	0.05055199936032295	0.020215969532728195	0.06095343455672264	0.024518132209777832	0.034347593784332275	0.08343218266963959	-0.01319356169551611	-0.08005747199058533	-0.09641528129577637	-0.03263206407427788	-0.03846560791134834	-0.043048154562711716	0.05545903742313385	-0.0361974835395813	-0.06749430298805237	0.007493903860449791	0.02517552487552166	-0.06459129601716995	-0.07180508226156235	0.07303901761770248	-0.036649201065301895	0.051107097417116165	-0.031174128875136375	0.04173678904771805	0.017618151381611824	-0.025274233892560005	-0.0011499077081680298	-0.07172894477844238	0.08089084178209305	0.0438186451792717
-0.005540368612855673	-0.054458703845739365	0.19335728883743286	-0.12146791815757751	0.08708678185939789	-0.21519604325294495	0.043468210846185684	0.36058688163757324	-0.26860904693603516	0.21727363765239716	-0.055457185953855515	-0.0405566543340683	-0.13622482120990753	-0.10254823416471481	-0.14214447140693665	0.042477741837501526	0.017620446160435677	-0.055427100509405136	0.2035757154226303	-0.18367807567119598	-0.0552368201315403	-0.08701888471841812	0.07527358829975128	-0.10785757005214691	0.03132752701640129	0.1805586963891983	-0.08199991285800934	0.22151057422161102	0.12624140083789825	0.14220429956912994	-0.038041383028030396	0.1632213443517685	-0.12135707587003708	-0.021099889650940895	-0.04568194970488548	0.15763282775878906	-0.16149963438510895	0.04013597220182419	-0.16431353986263275	0.16627410054206848	-0.07711447775363922	-0.13113819062709808	0.15115609765052795	-0.06464514881372452	0.11536218971014023	-0.03478730097413063	-0.06160518154501915	0.039699800312519073	-0.09437654167413712	-0.26571717858314514	-0.19669049978256226	-0.1498437076807022	-0.09176716208457947	0.2605834901332855	0.14555470645427704	-0.2030772566795349	-0.19322988390922546	0.1218579038977623	-0.08389946073293686	-0.08823947608470917	-0.06352748721837997	0.11558254808187485	0.0036305042449384928	0.1525002270936966
-0.08726175874471664	0.007258223369717598	-0.11909319460391998	0.13861703872680664	0.11462821066379547	0.0933363065123558	-0.0031730325426906347	-0.24926869571208954	0.21963173151016235	-0.14526309072971344	0.0842147246003151	0.15545527637004852	0.15138570964336395	-0.02171877585351467	0.16369269788265228	-0.001529867760837078	-0.05965366214513779	0.046305444091558456	-0.09091267734766006	0.15399831533432007	0.09767749905586243	0.07787619531154633	-0.10700475424528122	0.10252844542264938	-0.0003840902936644852	-0.00756129901856184	-0.014457997865974903	-0.14221273362636566	-0.07552254945039749	-0.0516425222158432	-0.03553510084748268	-0.17055824398994446	0.1146417111158371	-0.09487815201282501	0.05044056102633476	-0.15480872988700867	0.004570788238197565	-0.0475146509706974	0.06268508732318878	-0.15768326818943024	-0.03973495215177536	0.0749296098947525	-0.0636475533246994	-0.014939149841666222	-0.18232659995555878	0.11002202332019806	0.033311471343040466	0.04544375464320183	0.052192844450473785	0.09962007403373718	0.13307887315750122	0.021998144686222076	0.03828279674053192	-0.23679882287979126	-0.08169032633304596	0.14197185635566711	0.09899993985891342	-0.109363853931427	0.06706282496452332	0.08847935497760773	0.09922363609075546	-0.12017592042684555	0.061857812106609344	-0.17577232420444489
-0.005540368612855673	-0.054458703845739365	0.19335728883743286	-0.12146791815757751	0.08708678185939789	-0.21519604325294495	0.043468210846185684	0.36058688163757324	-0.26860904693603516	0.21727363765239716	-0.055457185953855515	-0.0405566543340683	-0.13622482120990753	-0.10254823416471481	-0.14214447140693665	0.042477741837501526	0.017620446160435677	-0.055427100509405136	0.2035757154226303	-0.18367807567119598	-0.0552368201315403	-0.08701888471841812	0.07527358829975128	-0.10785757005214691	0.03132752701640129	0.1805586963891983	-0.08199991285800934	0.22151057422161102	0.12624140083789825	0.14220429956912994	-0.038041383028030396	0.1632213443517685	-0.12135707587003708	-0.021099889650940895	-0.04568194970488548	0.15763282775878906	-0.16149963438510895	0.04013597220182419	-0.16431353986263275	0.16627410054206848	-0.07711447775363922	-0.13113819062709808	0.15115609765052795	-0.06464514881372452	0.11536218971014023	-0.03478730097413063	-0.06160518154501915	0.039699800312519073	-0.09437654167413712	-0.26571717858314514	-0.19669049978256226	-0.1498437076807022	-0.09176716208457947	0.2605834901332855	0.14555470645427704	-0.2030772566795349	-0.19322988390922546	0.1218579038977623	-0.08389946073293686	-0.08823947608470917	-0.06352748721837997	0.11558254808187485	0.0036305042449384928	0.1525002270936966
-0.08726175874471664	0.007258223369717598	-0.11909319460391998	0.13861703872680664	0.11462821066379547	0.0933363065123558	-0.0031730325426906347	-0.24926869571208954	0.21963173151016235	-0.14526309072971344	0.0842147246003151	0.15545527637004852	0.15138570964336395	-0.02171877585351467	0.16369269788265228	-0.001529867760837078	-0.05965366214513779	0.046305444091558456	-0.09091267734766006	0.15399831533432007	0.09767749905586243	0.07787619531154633	-0.10700475424528122	0.10252844542264938	-0.0003840902936644852	-0.00756129901856184	-0.014457997865974903	-0.14221273362636566	-0.07552254945039749	-0.0516425222158432	-0.03553510084748268	-0.17055824398994446	0.1146417111158371	-0.09487815201282501	0.05044056102633476	-0.15480872988700867	0.004570788238197565	-0.0475146509706974	0.06268508732318878	-0.15768326818943024	-0.03973495215177536	0.0749296098947525	-0.0636475533246994	-0.014939149841666222	-0.18232659995555878	0.11002202332019806	0.033311471343040466	0.04544375464320183	0.052192844450473785	0.09962007403373718	0.13307887315750122	0.021998144686222076	0.03828279674053192	-0.23679882287979126	-0.08169032633304596	0.14197185635566711	0.09899993985891342	-0.109363853931427	0.06706282496452332	0.08847935497760773	0.09922363609075546	-0.12017592042684555	0.061857812106609344	-0.17577232420444489
-0.08726175874471664	0.007258223369717598	-0.11909319460391998	0.13861703872680664	0.11462821066379547	0.0933363065123558	-0.0031730325426906347	-0.24926869571208954	0.21963173151016235	-0.14526309072971344	0.0842147246003151	0.15545527637004852	0.15138570964336395	-0.02171877585351467	0.16369269788265228	-0.001529867760837078	-0.05965366214513779	0.046305444091558456	-0.09091267734766006	0.15399831533432007	0.09767749905586243	0.07787619531154633	-0.10700475424528122	0.10252844542264938	-0.0003840902936644852	-0.00756129901856184	-0.014457997865974903	-0.14221273362636566	-0.07552254945039749	-0.0516425222158432	-0.03553510084748268	-0.17055824398994446	0.1146417111158371	-0.09487815201282501	0.05044056102633476	-0.15480872988700867	0.004570788238197565	-0.0475146509706974	0.06268508732318878	-0.15768326818943024	-0.03973495215177536	0.0749296098947525	-0.0636475533246994	-0.014939149841666222	-0.18232659995555878	0.11002202332019806	0.033311471343040466	0.04544375464320183	0.052192844450473785	0.09962007403373718	0.13307887315750122	0.021998144686222076	0.03828279674053192	-0.23679882287979126	-0.08169032633304596	0.14197185635566711	0.09899993985891342	-0.109363853931427	0.06706282496452332	0.08847935497760773	0.09922363609075546	-0.12017592042684555	0.061857812106609344	-0.17577232420444489
-0.08726175874471664	0.007258223369717598	-0.11909319460391998	0.13861703872680664	0.11462821066379547	0.0933363065123558	-0.0031730325426906347	-0.24926869571208954	0.21963173151016235	-0.14526309072971344	0.0842147246003151	0.15545527637004852	0.15138570964336395	-0.02171877585351467	0.16369269788265228	-0.001529867760837078	-0.05965366214513779	0.046305444091558456	-0.09091267734766006	0.15399831533432007	0.09767749905586243	0.07787619531154633	-0.10700475424528122	0.10252844542264938	-0.0003840902936644852	-0.00756129901856184	-0.014457997865974903	-0.14221273362636566	-0.07552254945039749	-0.0516425222158432	-0.03553510084748268	-0.17055824398994446	0.1146417111158371	-0.09487815201282501	0.05044056102633476	-0.15480872988700867	0.004570788238197565	-0.0475146509706974	0.06268508732318878	-0.15768326818943024	-0.03973495215177536	0.0749296098947525	-0.0636475533246994	-0.014939149841666222	-0.18232659995555878	0.11002202332019806	0.033311471343040466	0.04544375464320183	0.052192844450473785	0.09962007403373718	0.13307887315750122	0.021998144686222076	0.03828279674053192	-0.23679882287979126	-0.08169032633304596	0.14197185635566711	0.09899993985891342	-0.109363853931427	0.06706282496452332	0.08847935497760773	0.09922363609075546	-0.12017592042684555	0.061857812106609344	-0.17577232420444489
-0.005540368612855673	-0.054458703845739365	0.19335728883743286	-0.12146791815757751	0.08708678185939789	-0.21519604325294495	0.043468210846185684	0.36058688163757324	-0.26860904693603516	0.21727363765239716	-0.055457185953855515	-0.0405566543340683	-0.13622482120990753	-0.10254823416471481	-0.14214447140693665	0.042477741837501526	0.017620446160435677	-0.055427100509405136	0.2035757154226303	-0.18367807567119598	-0.0552368201315403	-0.08701888471841812	0.07527358829975128	-0.10785757005214691	0.03132752701640129	0.1805586963891983	-0.08199991285800934	0.22151057422161102	0.12624140083789825	0.14220429956912994	-0.038041383028030396	0.1632213443517685	-0.12135707587003708	-0.021099889650940895	-0.04568194970488548	0.15763282775878906	-0.16149963438510895	0.04013597220182419	-0.16431353986263275	0.16627410054206848	-0.07711447775363922	-0.13113819062709808	0.15115609765052795	-0.06464514881372452	0.11536218971014023	-0.03478730097413063	-0.06160518154501915	0.039699800312519073	-0.09437654167413712	-0.26571717858314514	-0.19669049978256226	-0.1498437076807022	-0.09176716208457947	0.2605834901332855	0.14555470645427704	-0.2030772566795349	-0.19322988390922546	0.1218579038977623	-0.08389946073293686	-0.08823947608470917	-0.06352748721837997	0.11558254808187485	0.0036305042449384928	0.1525002270936966
-0.08726175874471664	0.007258223369717598	-0.11909319460391998	0.13861703872680664	0.11462821066379547	0.0933363065123558	-0.0031730325426906347	-0.24926869571208954	0.21963173151016235	-0.14526309072971344	0.0842147246003151	0.15545527637004852	0.15138570964336395	-0.02171877585351467	0.16369269788265228	-0.001529867760837078	-0.05965366214513779	0.046305444091558456	-0.09091267734766006	0.15399831533432007	0.09767749905586243	0.07787619531154633	-0.10700475424528122	0.10252844542264938	-0.0003840902936644852	-0.00756129901856184	-0.014457997865974903	-0.14221273362636566	-0.07552254945039749	-0.0516425222158432	-0.03553510084748268	-0.17055824398994446	0.1146417111158371	-0.09487815201282501	0.05044056102633476	-0.15480872988700867	0.004570788238197565	-0.0475146509706974	0.06268508732318878	-0.15768326818943024	-0.03973495215177536	0.0749296098947525	-0.0636475533246994	-0.014939149841666222	-0.18232659995555878	0.11002202332019806	0.033311471343040466	0.04544375464320183	0.052192844450473785	0.09962007403373718	0.13307887315750122	0.021998144686222076	0.03828279674053192	-0.23679882287979126	-0.08169032633304596	0.14197185635566711	0.09899993985891342	-0.109363853931427	0.06706282496452332	0.08847935497760773	0.09922363609075546	-0.12017592042684555	0.061857812106609344	-0.17577232420444489
-0.005540368612855673	-0.054458703845739365	0.19335728883743286	-0.12146791815757751	0.08708678185939789	-0.21519604325294495	0.043468210846185684	0.36058688163757324	-0.26860904693603516	0.21727363765239716	-0.055457185953855515	-0.0405566543340683	-0.13622482120990753	-0.10254823416471481	-0.14214447140693665	0.042477741837501526	0.017620446160435677	-0.055427100509405136	0.2035757154226303	-0.18367807567119598	-0.0552368201315403	-0.08701888471841812	0.07527358829975128	-0.10785757005214691	0.03132752701640129	0.1805586963891983	-0.08199991285800934	0.22151057422161102	0.12624140083789825	0.14220429956912994	-0.038041383028030396	0.1632213443517685	-0.12135707587003708	-0.021099889650940895	-0.04568194970488548	0.15763282775878906	-0.16149963438510895	0.04013597220182419	-0.16431353986263275	0.16627410054206848	-0.07711447775363922	-0.13113819062709808	0.15115609765052795	-0.06464514881372452	0.11536218971014023	-0.03478730097413063	-0.06160518154501915	0.039699800312519073	-0.09437654167413712	-0.26571717858314514	-0.19669049978256226	-0.1498437076807022	-0.09176716208457947	0.2605834901332855	0.14555470645427704	-0.2030772566795349	-0.19322988390922546	0.1218579038977623	-0.08389946073293686	-0.08823947608470917	-0.06352748721837997	0.11558254808187485	0.0036305042449384928	0.1525002270936966
-0.005540368612855673	-0.054458703845739365	0.19335728883743286	-0.12146791815757751	0.08708678185939789	-0.21519604325294495	0.043468210846185684	0.36058688163757324	-0.26860904693603516	0.21727363765239716	-0.055457185953855515	-0.0405566543340683	-0.13622482120990753	-0.10254823416471481	-0.14214447140693665	0.042477741837501526	0.017620446160435677	-0.055427100509405136	0.2035757154226303	-0.18367807567119598	-0.0552368201315403	-0.08701888471841812	0.07527358829975128	-0.10785757005214691	0.03132752701640129	0.1805586963891983	-0.08199991285800934	0.22151057422161102	0.12624140083789825	0.14220429956912994	-0.038041383028030396	0.1632213443517685	-0.12135707587003708	-0.021099889650940895	-0.04568194970488548	0.15763282775878906	-0.16149963438510895	0.04013597220182419	-0.16431353986263275	0.16627410054206848	-0.07711447775363922	-0.13113819062709808	0.15115609765052795	-0.06464514881372452	0.11536218971014023	-0.03478730097413063	-0.06160518154501915	0.039699800312519073	-0.09437654167413712	-0.26571717858314514	-0.19669049978256226	-0.1498437076807022	-0.09176716208457947	0.2605834901332855	0.14555470645427704	-0.2030772566795349	-0.19322988390922546	0.1218579038977623	-0.08389946073293686	-0.08823947608470917	-0.06352748721837997	0.11558254808187485	0.0036305042449384928	0.1525002270936966
-0.005540368612855673	-0.054458703845739365	0.19335728883743286	-0.12146791815757751	0.08708678185939789	-0.21519604325294495	0.043468210846185684	0.36058688163757324	-0.26860904693603516	0.21727363765239716	-0.055457185953855515	-0.0405566543340683	-0.13622482120990753	-0.10254823416471481	-0.14214447140693665	0.042477741837501526	0.017620446160435677	-0.055427100509405136	0.2035757154226303	-0.18367807567119598	-0.0552368201315403	-0.08701888471841812	0.07527358829975128	-0.10785757005214691	0.03132752701640129	0.1805586963891983	-0.08199991285800934	0.22151057422161102	0.12624140083789825	0.14220429956912994	-0.038041383028030396	0.1632213443517685	-0.12135707587003708	-0.021099889650940895	-0.04568194970488548	0.15763282775878906	-0.16149963438510895	0.04013597220182419	-0.16431353986263275	0.16627410054206848	-0.07711447775363922	-0.13113819062709808	0.15115609765052795	-0.06464514881372452	0.11536218971014023	-0.03478730097413063	-0.06160518154501915	0.039699800312519073	-0.09437654167413712	-0.26571717858314514	-0.19669049978256226	-0.1498437076807022	-0.09176716208457947	0.2605834901332855	0.14555470645427704	-0.2030772566795349	-0.19322988390922546	0.1218579038977623	-0.08389946073293686	-0.08823947608470917	-0.06352748721837997	0.11558254808187485	0.0036305042449384928	0.1525002270936966
-0.046601880341768265	-0.08916127681732178	-0.011013776063919067	-0.02156582660973072	-0.01792668178677559	-0.04649884253740311	0.03280356153845787	-0.06287717074155807	0.047341134399175644	-0.07518688589334488	-0.008863299153745174	-0.09737329185009003	-0.01929297484457493	0.08731696009635925	-0.020949384197592735	0.04645351320505142	0.04536091163754463	-0.023591723293066025	-0.01821109466254711	-0.03557388857007027	0.09040860831737518	0.005667515564709902	-0.07205992937088013	-0.0381673127412796	-0.08159685879945755	0.09929967671632767	0.04735174775123596	-0.027698317542672157	0.04503750056028366	0.08853694051504135	-0.0036467108875513077	-0.05844394862651825	-0.03219360485672951	-0.0387788824737072	0.05055199936032295	0.020215969532728195	0.06095343455672264	0.024518132209777832	0.034347593784332275	0.08343218266963959	-0.01319356169551611	-0.08005747199058533	-0.09641528129577637	-0.03263206407427788	-0.03846560791134834	-0.043048154562711716	0.05545903742313385	-0.0361974835395813	-0.06749430298805237	0.007493903860449791	0.02517552487552166	-0.06459129601716995	-0.07180508226156235	0.07303901761770248	-0.036649201065301895	0.051107097417116165	-0.031174128875136375	0.04173678904771805	0.017618151381611824	-0.025274233892560005	-0.0011499077081680298	-0.07172894477844238	0.08089084178209305	0.0438186451792717
-0.08726175874471664	0.007258223369717598	-0.11909319460391998	0.13861703872680664	0.11462821066379547	0.0933363065123558	-0.0031730325426906347	-0.24926869571208954	0.21963173151016235	-0.14526309072971344	0.0842147246003151	0.15545527637004852	0.15138570964336395	-0.02171877585351467	0.16369269788265228	-0.001529867760837078	-0.05965366214513779	0.046305444091558456	-0.09091267734766006	0.15399831533432007	0.09767749905586243	0.07787619531154633	-0.10700475424528122	0.10252844542264938	-0.0003840902936644852	-0.00756129901856184	-0.014457997865974903	-0.14221273362636566	-0.07552254945039749	-0.0516425222158432	-0.03553510084748268	-0.17055824398994446	0.1146417111158371	-0.09487815201282501	0.05044056102633476	-0.15480872988700867	0.004570788238197565	-0.0475146509706974	0.06268508732318878	-0.15768326818943024	-0.03973495215177536	0.0749296098947525	-0.0636475533246994	-0.014939149841666222	-0.18232659995555878	0.11002202332019806	0.033311471343040466	0.04544375464320183	0.052192844450473785	0.09962007403373718	0.13307887315750122	0.021998144686222076	0.03828279674053192	-0.23679882287979126	-0.08169032633304596	0.14197185635566711	0.09899993985891342	-0.109363853931427	0.06706282496452332	0.08847935497760773	0.09922363609075546	-0.12017592042684555	0.061857812106609344	-0.17577232420444489
-0.005540368612855673	-0.054458703845739365	0.19335728883743286	-0.12146791815757751	0.08708678185939789	-0.21519604325294495	0.043468210846185684	0.36058688163757324	-0.26860904693603516	0.21727363765239716	-0.055457185953855515	-0.0405566543340683	-0.13622482120990753	-0.10254823416471481	-0.14214447140693665	0.042477741837501526	0.017620446160435677	-0.055427100509405136	0.2035757154226303	-0.18367807567119598	-0.0552368201315403	-0.08701888471841812	0.07527358829975128	-0.10785757005214691	0.03132752701640129	0.1805586963891983	-0.08199991285800934	0.22151057422161102	0.12624140083789825	0.14220429956912994	-0.038041383028030396	0.1632213443517685	-0.12135707587003708	-0.021099889650940895	-0.04568194970488548	0.15763282775878906	-0.16149963438510895	0.04013597220182419	-0.16431353986263275	0.16627410054206848	-0.07711447775363922	-0.13113819062709808	0.15115609765052795	-0.06464514881372452	0.11536218971014023	-0.03478730097413063	-0.06160518154501915	0.039699800312519073	-0.09437654167413712	-0.26571717858314514	-0.19669049978256226	-0.1498437076807022	-0.09176716208457947	0.2605834901332855	0.14555470645427704	-0.2030772566795349	-0.19322988390922546	0.1218579038977623	-0.08389946073293686	-0.08823947608470917	-0.06352748721837997	0.11558254808187485	0.0036305042449384928	0.1525002270936966
-0.005540368612855673	-0.054458703845739365	0.19335728883743286	-0.12146791815757751	0.08708678185939789	-0.21519604325294495	0.043468210846185684	0.36058688163757324	-0.26860904693603516	0.21727363765239716	-0.055457185953855515	-0.0405566543340683	-0.13622482120990753	-0.10254823416471481	-0.14214447140693665	0.042477741837501526	0.017620446160435677	-0.055427100509405136	0.2035757154226303	-0.18367807567119598	-0.0552368201315403	-0.08701888471841812	0.07527358829975128	-0.10785757005214691	0.03132752701640129	0.1805586963891983	-0.08199991285800934	0.22151057422161102	0.12624140083789825	0.14220429956912994	-0.038041383028030396	0.1632213443517685	-0.12135707587003708	-0.021099889650940895	-0.04568194970488548	0.15763282775878906	-0.16149963438510895	0.04013597220182419	-0.16431353986263275	0.16627410054206848	-0.07711447775363922	-0.13113819062709808	0.15115609765052795	-0.06464514881372452	0.11536218971014023	-0.03478730097413063	-0.06160518154501915	0.039699800312519073	-0.09437654167413712	-0.26571717858314514	-0.19669049978256226	-0.1498437076807022	-0.09176716208457947	0.2605834901332855	0.14555470645427704	-0.2030772566795349	-0.19322988390922546	0.1218579038977623	-0.08389946073293686	-0.08823947608470917	-0.06352748721837997	0.11558254808187485	0.0036305042449384928	0.1525002270936966
-0.08726175874471664	0.007258223369717598	-0.11909319460391998	0.13861703872680664	0.11462821066379547	0.0933363065123558	-0.0031730325426906347	-0.24926869571208954	0.21963173151016235	-0.14526309072971344	0.0842147246003151	0.15545527637004852	0.15138570964336395	-0.02171877585351467	0.16369269788265228	-0.001529867760837078	-0.05965366214513779	0.046305444091558456	-0.09091267734766006	0.15399831533432007	0.09767749905586243	0.07787619531154633	-0.10700475424528122	0.10252844542264938	-0.0003840902936644852	-0.00756129901856184	-0.014457997865974903	-0.14221273362636566	-0.07552254945039749	-0.0516425222158432	-0.03553510084748268	-0.17055824398994446	0.1146417111158371	-0.09487815201282501	0.05044056102633476	-0.15480872988700867	0.004570788238197565	-0.0475146509706974	0.06268508732318878	-0.15768326818943024	-0.03973495215177536	0.0749296098947525	-0.0636475533246994	-0.014939149841666222	-0.18232659995555878	0.11002202332019806	0.033311471343040466	0.04544375464320183	0.052192844450473785	0.09962007403373718	0.13307887315750122	0.021998144686222076	0.03828279674053192	-0.23679882287979126	-0.08169032633304596	0.14197185635566711	0.09899993985891342	-0.109363853931427	0.06706282496452332	0.08847935497760773	0.09922363609075546	-0.12017592042684555	0.061857812106609344	-0.17577232420444489
-0.08726175874471664	0.007258223369717598	-0.11909319460391998	0.13861703872680664	0.11462821066379547	0.0933363065123558	-0.0031730325426906347	-0.24926869571208954	0.21963173151016235	-0.14526309072971344	0.0842147246003151	0.15545527637004852	0.15138570964336395	-0.02171877585351467	0.16369269788265228	-0.001529867760837078	-0.05965366214513779	0.046305444091558456	-0.09091267734766006	0.15399831533432007	0.09767749905586243	0.07787619531154633	-0.10700475424528122	0.10252844542264938	-0.0003840902936644852	-0.00756129901856184	-0.014457997865974903	-0.14221273362636566	-0.07552254945039749	-0.0516425222158432	-0.03553510084748268	-0.17055824398994446	0.1146417111158371	-0.09487815201282501	0.05044056102633476	-0.15480872988700867	0.004570788238197565	-0.0475146509706974	0.06268508732318878	-0.15768326818943024	-0.03973495215177536	0.0749296098947525	-0.0636475533246994	-0.014939149841666222	-0.18232659995555878	0.11002202332019806	0.033311471343040466	0.04544375464320183	0.052192844450473785	0.09962007403373718	0.13307887315750122	0.021998144686222076	0.03828279674053192	-0.23679882287979126	-0.08169032633304596	0.14197185635566711	0.09899993985891342	-0.109363853931427	0.06706282496452332	0.08847935497760773	0.09922363609075546	-0.12017592042684555	0.061857812106609344	-0.17577232420444489
-0.08726175874471664	0.007258223369717598	-0.11909319460391998	0.13861703872680664	0.11462821066379547	0.0933363065123558	-0.0031730325426906347	-0.24926869571208954	0.21963173151016235	-0.14526309072971344	0.0842147246003151	0.15545527637004852	0.15138570964336395	-0.02171877585351467	0.16369269788265228	-0.001529867760837078	-0.05965366214513779	0.046305444091558456	-0.09091267734766006	0.15399831533432007	0.09767749905586243	0.07787619531154633	-0.10700475424528122	0.10252844542264938	-0.0003840902936644852	-0.00756129901856184	-0.014457997865974903	-0.14221273362636566	-0.07552254945039749	-0.0516425222158432	-0.03553510084748268	-0.17055824398994446	0.1146417111158371	-0.09487815201282501	0.05044056102633476	-0.15480872988700867	0.004570788238197565	-0.0475146509706974	0.06268508732318878	-0.15768326818943024	-0.03973495215177536	0.0749296098947525	-0.0636475533246994	-0.014939149841666222	-0.18232659995555878	0.11002202332019806	0.033311471343040466	0.04544375464320183	0.052192844450473785	0.09962007403373718	0.13307887315750122	0.021998144686222076	0.03828279674053192	-0.23679882287979126	-0.08169032633304596	0.14197185635566711	0.09899993985891342	-0.109363853931427	0.06706282496452332	0.08847935497760773	0.09922363609075546	-0.12017592042684555	0.061857812106609344	-0.17577232420444489
0.08116396516561508	0.006310942582786083	0.022666024044156075	-0.0710112452507019	-0.07233849912881851	-0.0014496410731226206	0.07404519617557526	-0.024173710495233536	0.056532230228185654	0.08120176941156387	-0.07378101348876953	-0.048160869628190994	-0.027221372351050377	0.013350208289921284	0.013621262274682522	-0.03941179811954498	-0.01563783921301365	0.04654980078339577	0.07076197862625122	-0.0816512405872345	-0.06828247010707855	-0.07207781821489334	-0.05553498491644859	0.06383857131004333	0.08215837180614471	-0.049400001764297485	-0.04925739765167236	0.029882827773690224	-0.04821844771504402	0.011331534944474697	-0.02791503258049488	-0.08697552233934402	-0.03601594641804695	0.0005842244136147201	-0.09790197014808655	0.0221080482006073	0.02058367244899273	0.011607863940298557	0.08170704543590546	-0.0526919960975647	0.014193526469171047	0.06857618689537048	0.03166358545422554	-0.031849220395088196	0.09623345732688904	-0.014070197939872742	-0.08467811346054077	-0.02204972878098488	0.02614879608154297	0.056857697665691376	0.030889324843883514	-0.009733966551721096	0.028169605880975723	-0.04084246605634689	-0.011094833724200726	-0.04438548535108566	-0.02952338196337223	0.045149024575948715	-0.06341351568698883	0.02507098950445652	-0.05548906326293945	0.08696681261062622	0.0048586903139948845	0.033686600625514984
-0.005540368612855673	-0.054458703845739365	0.19335728883743286	-0.12146791815757751	0.08708678185939789	-0.21519604325294495	0.043468210846185684	0.36058688163757324	-0.26860904693603516	0.21727363765239716	-0.055457185953855515	-0.0405566543340683	-0.13622482120990753	-0.10254823416471481	-0.14214447140693665	0.042477741837501526	0.017620446160435677	-0.055427100509405136	0.2035757154226303	-0.18367807567119598	-0.0552368201315403	-0.08701888471841812	0.07527358829975128	-0.10785757005214691	0.03132752701640129	0.1805586963891983	-0.08199991285800934	0.22151057422161102	0.12624140083789825	0.14220429956912994	-0.038041383028030396	0.1632213443517685	-0.12135707587003708	-0.021099889650940895	-0.04568194970488548	0.15763282775878906	-0.16149963438510895	0.04013597220182419	-0.16431353986263275	0.16627410054206848	-0.07711447775363922	-0.13113819062709808	0.15115609765052795	-0.06464514881372452	0.11536218971014023	-0.03478730097413063	-0.06160518154501915	0.039699800312519073	-0.09437654167413712	-0.26571717858314514	-0.19669049978256226	-0.1498437076807022	-0.09176716208457947	0.2605834901332855	0.14555470645427704	-0.2030772566795349	-0.19322988390922546	0.1218579038977623	-0.08389946073293686	-0.08823947608470917	-0.06352748721837997	0.11558254808187485	0.0036305042449384928	0.1525002270936966
-0.08726175874471664	0.007258223369717598	-0.11909319460391998	0.13861703872680664	0.11462821066379547	0.0933363065123558	-0.0031730325426906347	-0.24926869571208954	0.21963173151016235	-0.14526309072971344	0.0842147246003151	0.15545527637004852	0.15138570964336395	-0.02171877585351467	0.16369269788265228	-0.001529867760837078	-0.05965366214513779	0.046305444091558456	-0.09091267734766006	0.15399831533432007	0.09767749905586243	0.07787619531154633	-0.10700475424528122	0.10252844542264938	-0.0003840902936644852	-0.00756129901856184	-0.014457997865974903	-0.14221273362636566	-0.07552254945039749	-0.0516425222158432	-0.03553510084748268	-0.17055824398994446	0.1146417111158371	-0.09487815201282501	0.05044056102633476	-0.15480872988700867	0.004570788238197565	-0.0475146509706974	0.06268508732318878	-0.15768326818943024	-0.03973495215177536	0.0749296098947525	-0.0636475533246994	-0.014939149841666222	-0.18232659995555878	0.11002202332019806	0.033311471343040466	0.04544375464320183	0.052192844450473785	0.09962007403373718	0.13307887315750122	0.021998144686222076	0.03828279674053192	-0.23679882287979126	-0.08169032633304596	0.14197185635566711	0.09899993985891342	-0.109363853931427	0.06706282496452332	0.08847935497760773	0.09922363609075546	-0.12017592042684555	0.061857812106609344	-0.17577232420444489
0.03015471249818802	0.08105248957872391	0.06414160132408142	0.05019788071513176	0.10882449150085449	0.027703536674380302	-0.009912867099046707	-0.08871730417013168	-0.029480908066034317	-0.05040806904435158	0.012039406225085258	0.009901357814669609	0.028083214536309242	0.09211678057909012	0.03751150518655777	0.015353107824921608	0.03697001934051514	0.023515481501817703	-0.018621470779180527	-0.08040998876094818	-0.07153088599443436	0.04065607860684395	-0.02815983071923256	-0.01750713586807251	0.039220791310071945	-0.03679725527763367	0.012654430232942104	-0.013911404646933079	0.014217969961464405	-0.0962333008646965	-0.02392597682774067	-0.08199948072433472	-0.09222430735826492	0.07285848259925842	-0.018963100388646126	-0.0037580784410238266	-0.028302431106567383	0.005200848449021578	-0.004513156600296497	-0.09578640758991241	0.07474985718727112	-0.0667169913649559	-0.026606298983097076	0.05286889150738716	-0.026879284530878067	0.010424556210637093	0.05384888872504234	-0.05360595881938934	0.004353594034910202	-0.08906952291727066	0.05394293740391731	-0.08926014602184296	0.03565452620387077	-0.05618349090218544	-0.05058376491069794	0.042780179530382156	-0.024257855489850044	0.05520948767662048	-0.08925926685333252	0.01621902734041214	-0.04582436755299568	-0.040917910635471344	0.034109730273485184	0.015457559376955032
-0.005540368612855673	-0.054458703845739365	0.19335728883743286	-0.12146791815757751	0.08708678185939789	-0.21519604325294495	0.043468210846185684	0.36058688163757324	-0.26860904693603516	0.21727363765239716	-0.055457185953855515	-0.0405566543340683	-0.13622482120990753	-0.10254823416471481	-0.14214447140693665	0.042477741837501526	0.017620446160435677	-0.055427100509405136	0.2035757154226303	-0.18367807567119598	-0.0552368201315403	-0.08701888471841812	0.07527358829975128	-0.10785757005214691	0.03132752701640129	0.1805586963891983	-0.08199991285800934	0.22151057422161102	0.12624140083789825	0.14220429956912994	-0.038041383028030396	0.1632213443517685	-0.12135707587003708	-0.021099889650940895	-0.04568194970488548	0.15763282775878906	-0.16149963438510895	0.04013597220182419	-0.16431353986263275	0.16627410054206848	-0.07711447775363922	-0.13113819062709808	0.15115609765052795	-0.06464514881372452	0.11536218971014023	-0.03478730097413063	-0.06160518154501915	0.039699800312519073	-0.09437654167413712	-0.26571717858314514	-0.19669049978256226	-0.1498437076807022	-0.09176716208457947	0.2605834901332855	0.14555470645427704	-0.2030772566795349	-0.19322988390922546	0.1218579038977623	-0.08389946073293686	-0.08823947608470917	-0.06352748721837997	0.11558254808187485	0.0036305042449384928	0.1525002270936966
-0.005540368612855673	-0.054458703845739365	0.19335728883743286	-0.12146791815757751	0.08708678185939789	-0.21519604325294495	0.043468210846185684	0.36058688163757324	-0.26860904693603516	0.21727363765239716	-0.055457185953855515	-0.0405566543340683	-0.13622482120990753	-0.10254823416471481	-0.14214447140693665	0.042477741837501526	0.017620446160435677	-0.055427100509405136	0.2035757154226303	-0.18367807567119598	-0.0552368201315403	-0.08701888471841812	0.07527358829975128	-0.10785757005214691	0.03132752701640129	0.1805586963891983	-0.08199991285800934	0.22151057422161102	0.12624140083789825	0.14220429956912994	-0.038041383028030396	0.1632213443517685	-0.12135707587003708	-0.021099889650940895	-0.04568194970488548	0.15763282775878906	-0.16149963438510895	0.04013597220182419	-0.16431353986263275	0.16627410054206848	-0.07711447775363922	-0.13113819062709808	0.15115609765052795	-0.06464514881372452	0.11536218971014023	-0.03478730097413063	-0.06160518154501915	0.039699800312519073	-0.09437654167413712	-0.26571717858314514	-0.19669049978256226	-0.1498437076807022	-0.09176716208457947	0.2605834901332855	0.14555470645427704	-0.2030772566795349	-0.19322988390922546	0.1218579038977623	-0.08389946073293686	-0.08823947608470917	-0.06352748721837997	0.11558254808187485	0.0036305042449384928	0.1525002270936966
0.07503528892993927	-0.07813660055398941	-0.035519637167453766	-0.06660005450248718	-0.02356291562318802	-0.06157143786549568	-0.09152036905288696	0.04145602881908417	-0.04127298295497894	-0.043174274265766144	-0.06487090140581131	-0.026572583243250847	0.09943315386772156	0.026079880073666573	0.008672775700688362	-0.0896645113825798	0.07776721566915512	0.04944820702075958	0.0728764533996582	-0.05984607711434364	-0.04163778945803642	0.05004660785198212	-0.1025107353925705	0.0072568305768072605	0.016080915927886963	0.002089451299980283	-0.08172490447759628	-0.004635803867131472	-0.1016170009970665	-0.0019467694219201803	0.03233078122138977	-0.09206783026456833	0.05738421157002449	0.049550265073776245	0.08714835345745087	-0.018268397077918053	-0.09389734268188477	0.05358891934156418	-0.010087031871080399	-0.025441767647862434	0.046378348022699356	-0.08315879851579666	0.039503660053014755	0.08481252938508987	0.06782983988523483	0.06252649426460266	0.08059126138687134	0.05088506266474724	0.06974808871746063	-0.08673711866140366	0.05887484923005104	-0.02830049768090248	-0.03711850941181183	-0.039953891187906265	0.006857139524072409	0.032712142914533615	0.09208023548126221	0.0004012262506876141	-0.055822692811489105	0.06617839634418488	0.02718641236424446	-0.06816215813159943	-0.0234310794621706	0.06260214000940323
-0.005540368612855673	-0.054458703845739365	0.19335728883743286	-0.12146791815757751	0.08708678185939789	-0.21519604325294495	0.043468210846185684	0.36058688163757324	-0.26860904693603516	0.21727363765239716	-0.055457185953855515	-0.0405566543340683	-0.13622482120990753	-0.10254823416471481	-0.14214447140693665	0.042477741837501526	0.017620446160435677	-0.055427100509405136	0.2035757154226303	-0.18367807567119598	-0.0552368201315403	-0.08701888471841812	0.07527358829975128	-0.10785757005214691	0.03132752701640129	0.1805586963891983	-0.08199991285800934	0.22151057422161102	0.12624140083789825	0.14220429956912994	-0.038041383028030396	0.1632213443517685	-0.12135707587003708	-0.021099889650940895	-0.04568194970488548	0.15763282775878906	-0.16149963438510895	0.04013597220182419	-0.16431353986263275	0.16627410054206848	-0.07711447775363922	-0.13113819062709808	0.15115609765052795	-0.06464514881372452	0.11536218971014023	-0.03478730097413063	-0.06160518154501915	0.039699800312519073	-0.09437654167413712	-0.26571717858314514	-0.19669049978256226	-0.1498437076807022	-0.09176716208457947	0.2605834901332855	0.14555470645427704	-0.2030772566795349	-0.19322988390922546	0.1218579038977623	-0.08389946073293686	-0.08823947608470917	-0.06352748721837997	0.11558254808187485	0.0036305042449384928	0.1525002270936966
-0.005540368612855673	-0.054458703845739365	0.19335728883743286	-0.12146791815757751	0.08708678185939789	-0.21519604325294495	0.043468210846185684	0.36058688163757324	-0.26860904693603516	0.21727363765239716	-0.055457185953855515	-0.0405566543340683	-0.13622482120990753	-0.10254823416471481	-0.14214447140693665	0.042477741837501526	0.017620446160435677	-0.055427100509405136	0.2035757154226303	-0.18367807567119598	-0.0552368201315403	-0.08701888471841812	0.07527358829975128	-0.10785757005214691	0.03132752701640129	0.1805586963891983	-0.08199991285800934	0.22151057422161102	0.12624140083789825	0.14220429956912994	-0.038041383028030396	0.1632213443517685	-0.12135707587003708	-0.021099889650940895	-0.04568194970488548	0.15763282775878906	-0.16149963438510895	0.04013597220182419	-0.16431353986263275	0.16627410054206848	-0.07711447775363922	-0.13113819062709808	0.15115609765052795	-0.06464514881372452	0.11536218971014023	-0.03478730097413063	-0.06160518154501915	0.039699800312519073	-0.09437654167413712	-0.26571717858314514	-0.19669049978256226	-0.1498437076807022	-0.09176716208457947	0.2605834901332855	0.14555470645427704	-0.2030772566795349	-0.19322988390922546	0.1218579038977623	-0.08389946073293686	-0.08823947608470917	-0.06352748721837997	0.11558254808187485	0.0036305042449384928	0.1525002270936966
-0.08726175874471664	0.007258223369717598	-0.11909319460391998	0.13861703872680664	0.11462821066379547	0.0933363065123558	-0.0031730325426906347	-0.24926869571208954	0.21963173151016235	-0.14526309072971344	0.0842147246003151	0.15545527637004852	0.15138570964336395	-0.02171877585351467	0.16369269788265228	-0.001529867760837078	-0.05965366214513779	0.046305444091558456	-0.09091267734766006	0.15399831533432007	0.09767749905586243	0.07787619531154633	-0.10700475424528122	0.10252844542264938	-0.0003840902936644852	-0.00756129901856184	-0.014457997865974903	-0.14221273362636566	-0.07552254945039749	-0.0516425222158432	-0.03553510084748268	-0.17055824398994446	0.1146417111158371	-0.09487815201282501	0.05044056102633476	-0.15480872988700867	0.004570788238197565	-0.0475146509706974	0.06268508732318878	-0.15768326818943024	-0.03973495215177536	0.0749296098947525	-0.0636475533246994	-0.014939149841666222	-0.18232659995555878	0.11002202332019806	0.033311471343040466	0.04544375464320183	0.052192844450473785	0.09962007403373718	0.13307887315750122	0.021998144686222076	0.03828279674053192	-0.23679882287979126	-0.08169032633304596	0.14197185635566711	0.09899993985891342	-0.109363853931427	0.06706282496452332	0.08847935497760773	0.09922363609075546	-0.12017592042684555	0.061857812106609344	-0.17577232420444489
-0.005540368612855673	-0.054458703845739365	0.19335728883743286	-0.12146791815757751	0.08708678185939789	-0.21519604325294495	0.043468210846185684	0.36058688163757324	-0.26860904693603516	0.21727363765239716	-0.055457185953855515	-0.0405566543340683	-0.13622482120990753	-0.10254823416471481	-0.14214447140693665	0.042477741837501526	0.017620446160435677	-0.055427100509405136	0.2035757154226303	-0.18367807567119598	-0.0552368201315403	-0.08701888471841812	0.07527358829975128	-0.10785757005214691	0.03132752701640129	0.1805586963891983	-0.08199991285800934	0.22151057422161102	0.12624140083789825	0.14220429956912994	-0.038041383028030396	0.1632213443517685	-0.12135707587003708	-0.021099889650940895	-0.04568194970488548	0.15763282775878906	-0.16149963438510895	0.04013597220182419	-0.16431353986263275	0.16627410054206848	-0.07711447775363922	-0.13113819062709808	0.15115609765052795	-0.06464514881372452	0.11536218971014023	-0.03478730097413063	-0.06160518154501915	0.039699800312519073	-0.09437654167413712	-0.26571717858314514	-0.19669049978256226	-0.1498437076807022	-0.09176716208457947	0.2605834901332855	0.14555470645427704	-0.2030772566795349	-0.19322988390922546	0.1218579038977623	-0.08389946073293686	-0.08823947608470917	-0.06352748721837997	0.11558254808187485	0.0036305042449384928	0.1525002270936966
-0.005540368612855673	-0.054458703845739365	0.19335728883743286	-0.12146791815757751	0.08708678185939789	-0.21519604325294495	0.043468210846185684	0.36058688163757324	-0.26860904693603516	0.21727363765239716	-0.055457185953855515	-0.0405566543340683	-0.13622482120990753	-0.10254823416471481	-0.14214447140693665	0.042477741837501526	0.017620446160435677	-0.055427100509405136	0.2035757154226303	-0.18367807567119598	-0.0552368201315403	-0.08701888471841812	0.07527358829975128	-0.10785757005214691	0.03132752701640129	0.1805586963891983	-0.08199991285800934	0.22151057422161102	0.12624140083789825	0.14220429956912994	-0.038041383028030396	0.1632213443517685	-0.12135707587003708	-0.021099889650940895	-0.04568194970488548	0.15763282775878906	-0.16149963438510895	0.04013597220182419	-0.16431353986263275	0.16627410054206848	-0.07711447775363922	-0.13113819062709808	0.15115609765052795	-0.06464514881372452	0.11536218971014023	-0.03478730097413063	-0.06160518154501915	0.039699800312519073	-0.09437654167413712	-0.26571717858314514	-0.19669049978256226	-0.1498437076807022	-0.09176716208457947	0.2605834901332855	0.14555470645427704	-0.2030772566795349	-0.19322988390922546	0.1218579038977623	-0.08389946073293686	-0.08823947608470917	-0.06352748721837997	0.11558254808187485	0.0036305042449384928	0.1525002270936966
-0.005540368612855673	-0.054458703845739365	0.19335728883743286	-0.12146791815757751	0.08708678185939789	-0.21519604325294495	0.043468210846185684	0.36058688163757324	-0.26860904693603516	0.21727363765239716	-0.055457185953855515	-0.0405566543340683	-0.13622482120990753	-0.10254823416471481	-0.14214447140693665	0.042477741837501526	0.017620446160435677	-0.055427100509405136	0.2035757154226303	-0.18367807567119598	-0.0552368201315403	-0.08701888471841812	0.07527358829975128	-0.10785757005214691	0.03132752701640129	0.1805586963891983	-0.08199991285800934	0.22151057422161102	0.12624140083789825	0.14220429956912994	-0.038041383028030396	0.1632213443517685	-0.12135707587003708	-0.021099889650940895	-0.04568194970488548	0.15763282775878906	-0.16149963438510895	0.04013597220182419	-0.16431353986263275	0.16627410054206848	-0.07711447775363922	-0.13113819062709808	0.15115609765052795	-0.06464514881372452	0.11536218971014023	-0.03478730097413063	-0.06160518154501915	0.039699800312519073	-0.09437654167413712	-0.26571717858314514	-0.19669049978256226	-0.1498437076807022	-0.09176716208457947	0.2605834901332855	0.14555470645427704	-0.2030772566795349	-0.19322988390922546	0.1218579038977623	-0.08389946073293686	-0.08823947608470917	-0.06352748721837997	0.11558254808187485	0.0036305042449384928	0.1525002270936966
-0.08726175874471664	0.007258223369717598	-0.11909319460391998	0.13861703872680664	0.11462821066379547	0.0933363065123558	-0.0031730325426906347	-0.24926869571208954	0.21963173151016235	-0.14526309072971344	0.0842147246003151	0.15545527637004852	0.15138570964336395	-0.02171877585351467	0.16369269788265228	-0.001529867760837078	-0.05965366214513779	0.046305444091558456	-0.09091267734766006	0.15399831533432007	0.09767749905586243	0.07787619531154633	-0.10700475424528122	0.10252844542264938	-0.0003840902936644852	-0.00756129901856184	-0.014457997865974903	-0.14221273362636566	-0.07552254945039749	-0.0516425222158432	-0.03553510084748268	-0.17055824398994446	0.1146417111158371	-0.09487815201282501	0.05044056102633476	-0.15480872988700867	0.004570788238197565	-0.0475146509706974	0.06268508732318878	-0.15768326818943024	-0.03973495215177536	0.0749296098947525	-0.0636475533246994	-0.014939149841666222	-0.18232659995555878	0.11002202332019806	0.033311471343040466	0.04544375464320183	0.052192844450473785	0.09962007403373718	0.13307887315750122	0.021998144686222076	0.03828279674053192	-0.23679882287979126	-0.08169032633304596	0.14197185635566711	0.09899993985891342	-0.109363853931427	0.06706282496452332	0.08847935497760773	0.09922363609075546	-0.12017592042684555	0.061857812106609344	-0.17577232420444489
-0.08726175874471664	0.007258223369717598	-0.11909319460391998	0.13861703872680664	0.11462821066379547	0.0933363065123558	-0.0031730325426906347	-0.24926869571208954	0.21963173151016235	-0.14526309072971344	0.0842147246003151	0.15545527637004852	0.15138570964336395	-0.02171877585351467	0.16369269788265228	-0.001529867760837078	-0.05965366214513779	0.046305444091558456	-0.09091267734766006	0.15399831533432007	0.09767749905586243	0.07787619531154633	-0.10700475424528122	0.10252844542264938	-0.0003840902936644852	-0.00756129901856184	-0.014457997865974903	-0.14221273362636566	-0.07552254945039749	-0.0516425222158432	-0.03553510084748268	-0.17055824398994446	0.1146417111158371	-0.09487815201282501	0.05044056102633476	-0.15480872988700867	0.004570788238197565	-0.0475146509706974	0.06268508732318878	-0.15768326818943024	-0.03973495215177536	0.0749296098947525	-0.0636475533246994	-0.014939149841666222	-0.18232659995555878	0.11002202332019806	0.033311471343040466	0.04544375464320183	0.052192844450473785	0.09962007403373718	0.13307887315750122	0.021998144686222076	0.03828279674053192	-0.23679882287979126	-0.08169032633304596	0.14197185635566711	0.09899993985891342	-0.109363853931427	0.06706282496452332	0.08847935497760773	0.09922363609075546	-0.12017592042684555	0.061857812106609344	-0.17577232420444489
