-0.05415252596139908	-0.09731362015008926	0.05194571241736412	-0.00553659163415432	-0.15175893902778625	-0.012794469483196735	0.0390373170375824	0.004225258249789476	-0.04487108066678047	0.09852460026741028	0.037351448088884354	0.03386569768190384	0.1407393515110016	0.0003388742625247687	-0.15014541149139404	0.014459826052188873	0.057090576738119125	0.10660281032323837	-0.008849105797708035	-0.06075453758239746	0.05968165397644043	-0.024438519030809402	0.004204956814646721	0.08449626713991165	-0.13179434835910797	-0.002134911948814988	-0.07244612276554108	-0.01775633916258812	-0.053626928478479385	0.20001815259456635	-0.020886274054646492	0.017919111996889114	-0.08166221529245377	0.07497729361057281	-0.04814353957772255	0.0029862031806260347	-0.03327608108520508	-0.11444205045700073	0.0047659436240792274	0.013603107072412968	-0.05097266286611557	-0.015266401693224907	-0.026352521032094955	-0.08443218469619751	-0.03778832405805588	-0.06266190111637115	-0.05184037983417511	-0.09949227422475815	-0.05123601853847504	-0.02845887467265129	-0.08347418904304504	-0.10221056640148163	-0.08409161865711212	0.05625427886843681	-0.04349922388792038	-0.011190029792487621	0.08501653373241425	-0.04442061111330986	0.01944071613252163	0.016771839931607246	-0.007248962298035622	-0.07684379816055298	-0.04922841489315033	0.0375390350818634
-0.003464240115135908	0.08831239491701126	-0.1018550843000412	-0.15006157755851746	0.01478763297200203	-0.032335326075553894	0.08015965670347214	-0.01884722337126732	-0.015947559848427773	0.16448166966438293	0.009359411895275116	-0.06761805713176727	-0.028882067650556564	-0.07193989306688309	-0.07250215858221054	0.04543827474117279	-0.015443217009305954	-0.23626163601875305	0.01782657764852047	0.26581284403800964	0.09899436682462692	-0.0811660960316658	0.03123830258846283	-0.20845583081245422	0.1292927861213684	-0.08275807648897171	0.20969314873218536	0.03317504748702049	0.2807557284832001	0.022979537025094032	0.041887007653713226	0.1236206591129303	-0.09564357250928879	-0.09378518164157867	-0.015096466057002544	0.13729622960090637	0.0019495021551847458	-0.08581503480672836	0.06965646892786026	-0.13563735783100128	0.015345461666584015	-0.14986073970794678	0.11783524602651596	-0.1480482965707779	-0.04694536328315735	-0.07334865629673004	0.08888301998376846	0.025236735120415688	-0.05234674736857414	0.24445238709449768	0.06610889732837677	0.2988368570804596	-0.09608327597379684	-0.029729869216680527	-0.01682968996465206	-0.0963536873459816	0.08629350364208221	0.08877281099557877	-0.2548385262489319	0.1682453751564026	-0.01796971820294857	-0.11370789259672165	0.12307143956422806	0.15179064869880676
-0.003464240115135908	0.08831239491701126	-0.1018550843000412	-0.15006157755851746	0.01478763297200203	-0.032335326075553894	0.08015965670347214	-0.01884722337126732	-0.015947559848427773	0.16448166966438293	0.009359411895275116	-0.06761805713176727	-0.028882067650556564	-0.07193989306688309	-0.07250215858221054	0.04543827474117279	-0.015443217009305954	-0.23626163601875305	0.01782657764852047	0.26581284403800964	0.09899436682462692	-0.0811660960316658	0.03123830258846283	-0.20845583081245422	0.1292927861213684	-0.08275807648897171	0.20969314873218536	0.03317504748702049	0.2807557284832001	0.022979537025094032	0.041887007653713226	0.1236206591129303	-0.09564357250928879	-0.09378518164157867	-0.015096466057002544	0.13729622960090637	0.0019495021551847458	-0.08581503480672836	0.06965646892786026	-0.13563735783100128	0.015345461666584015	-0.14986073970794678	0.11783524602651596	-0.1480482965707779	-0.04694536328315735	-0.07334865629673004	0.08888301998376846	0.025236735120415688	-0.05234674736857414	0.24445238709449768	0.06610889732837677	0.2988368570804596	-0.09608327597379684	-0.029729869216680527	-0.01682968996465206	-0.0963536873459816	0.08629350364208221	0.08877281099557877	-0.2548385262489319	0.1682453751564026	-0.01796971820294857	-0.11370789259672165	0.12307143956422806	0.15179064869880676
-0.05415252596139908	-0.09731362015008926	0.05194571241736412	-0.00553659163415432	-0.15175893902778625	-0.012794469483196735	0.0390373170375824	0.004225258249789476	-0.04487108066678047	0.09852460026741028	0.037351448088884354	0.03386569768190384	0.1407393515110016	0.0003388742625247687	-0.15014541149139404	0.014459826052188873	0.057090576738119125	0.10660281032323837	-0.008849105797708035	-0.06075453758239746	0.05968165397644043	-0.024438519030809402	0.004204956814646721	0.08449626713991165	-0.13179434835910797	-0.002134911948814988	-0.07244612276554108	-0.01775633916258812	-0.053626928478479385	0.20001815259456635	-0.020886274054646492	0.017919111996889114	-0.08166221529245377	0.07497729361057281	-0.04814353957772255	0.0029862031806260347	-0.03327608108520508	-0.11444205045700073	0.0047659436240792274	0.013603107072412968	-0.05097266286611557	-0.015266401693224907	-0.026352521032094955	-0.08443218469619751	-0.03778832405805588	-0.06266190111637115	-0.05184037983417511	-0.09949227422475815	-0.05123601853847504	-0.02845887467265129	-0.08347418904304504	-0.10221056640148163	-0.08409161865711212	0.05625427886843681	-0.04349922388792038	-0.011190029792487621	0.08501653373241425	-0.04442061111330986	0.01944071613252163	0.016771839931607246	-0.007248962298035622	-0.07684379816055298	-0.04922841489315033	0.0375390350818634
-0.003464240115135908	0.08831239491701126	-0.1018550843000412	-0.15006157755851746	0.01478763297200203	-0.032335326075553894	0.08015965670347214	-0.01884722337126732	-0.015947559848427773	0.16448166966438293	0.009359411895275116	-0.06761805713176727	-0.028882067650556564	-0.07193989306688309	-0.07250215858221054	0.04543827474117279	-0.015443217009305954	-0.23626163601875305	0.01782657764852047	0.26581284403800964	0.09899436682462692	-0.0811660960316658	0.03123830258846283	-0.20845583081245422	0.1292927861213684	-0.08275807648897171	0.20969314873218536	0.03317504748702049	0.2807557284832001	0.022979537025094032	0.041887007653713226	0.1236206591129303	-0.09564357250928879	-0.09378518164157867	-0.015096466057002544	0.13729622960090637	0.0019495021551847458	-0.08581503480672836	0.06965646892786026	-0.13563735783100128	0.015345461666584015	-0.14986073970794678	0.11783524602651596	-0.1480482965707779	-0.04694536328315735	-0.07334865629673004	0.08888301998376846	0.025236735120415688	-0.05234674736857414	0.24445238709449768	0.06610889732837677	0.2988368570804596	-0.09608327597379684	-0.029729869216680527	-0.01682968996465206	-0.0963536873459816	0.08629350364208221	0.08877281099557877	-0.2548385262489319	0.1682453751564026	-0.01796971820294857	-0.11370789259672165	0.12307143956422806	0.15179064869880676
-0.003464240115135908	0.08831239491701126	-0.1018550843000412	-0.15006157755851746	0.01478763297200203	-0.032335326075553894	0.08015965670347214	-0.01884722337126732	-0.015947559848427773	0.16448166966438293	0.009359411895275116	-0.06761805713176727	-0.028882067650556564	-0.07193989306688309	-0.07250215858221054	0.04543827474117279	-0.015443217009305954	-0.23626163601875305	0.01782657764852047	0.26581284403800964	0.09899436682462692	-0.0811660960316658	0.03123830258846283	-0.20845583081245422	0.1292927861213684	-0.08275807648897171	0.20969314873218536	0.03317504748702049	0.2807557284832001	0.022979537025094032	0.041887007653713226	0.1236206591129303	-0.09564357250928879	-0.09378518164157867	-0.015096466057002544	0.13729622960090637	0.0019495021551847458	-0.08581503480672836	0.06965646892786026	-0.13563735783100128	0.015345461666584015	-0.14986073970794678	0.11783524602651596	-0.1480482965707779	-0.04694536328315735	-0.07334865629673004	0.08888301998376846	0.025236735120415688	-0.05234674736857414	0.24445238709449768	0.06610889732837677	0.2988368570804596	-0.09608327597379684	-0.029729869216680527	-0.01682968996465206	-0.0963536873459816	0.08629350364208221	0.08877281099557877	-0.2548385262489319	0.1682453751564026	-0.01796971820294857	-0.11370789259672165	0.12307143956422806	0.15179064869880676
0.11929653584957123	-0.0013416704023256898	0.06346648931503296	0.07859935611486435	0.18602889776229858	-0.09999958425760269	-0.09204372018575668	-0.07183012366294861	0.02568877674639225	-0.03807350620627403	0.13054995238780975	-0.07965318113565445	-0.29279208183288574	0.17273642122745514	0.3825731575489044	-0.07860445976257324	-0.1594419628381729	-0.19594918191432953	0.35280442237854004	0.07716010510921478	-0.1617400050163269	-0.12103654444217682	0.10447199642658234	0.015289222821593285	0.12317374348640442	0.18608412146568298	-0.1169435977935791	-0.018949195742607117	0.07766702026128769	-0.30611807107925415	0.00857866182923317	-0.08885952085256577	0.2663250267505646	-0.07047044485807419	-0.015217375010251999	-0.04293941333889961	-0.03440077230334282	0.05162651091814041	0.047778308391571045	-0.10578722506761551	0.16154342889785767	0.03795325383543968	0.12309648841619492	0.21467114984989166	-0.13590018451213837	0.15221019089221954	0.013507218100130558	0.13001225888729095	0.22255493700504303	-0.15607072412967682	0.020780721679329872	-0.08676879853010178	0.0879824161529541	-0.2628805339336395	0.14090432226657867	-0.0421048067510128	-0.1764722317457199	-0.07714303582906723	0.012470999732613564	-0.2303338348865509	0.03822740167379379	0.1674206703901291	-0.05803913250565529	0.15890569984912872
-0.05415252596139908	-0.09731362015008926	0.05194571241736412	-0.00553659163415432	-0.15175893902778625	-0.012794469483196735	0.0390373170375824	0.004225258249789476	-0.04487108066678047	0.09852460026741028	0.037351448088884354	0.03386569768190384	0.1407393515110016	0.0003388742625247687	-0.15014541149139404	0.014459826052188873	0.057090576738119125	0.10660281032323837	-0.008849105797708035	-0.06075453758239746	0.05968165397644043	-0.024438519030809402	0.004204956814646721	0.08449626713991165	-0.13179434835910797	-0.002134911948814988	-0.07244612276554108	-0.01775633916258812	-0.053626928478479385	0.20001815259456635	-0.020886274054646492	0.017919111996889114	-0.08166221529245377	0.07497729361057281	-0.04814353957772255	0.0029862031806260347	-0.03327608108520508	-0.11444205045700073	0.0047659436240792274	0.013603107072412968	-0.05097266286611557	-0.015266401693224907	-0.026352521032094955	-0.08443218469619751	-0.03778832405805588	-0.06266190111637115	-0.05184037983417511	-0.09949227422475815	-0.05123601853847504	-0.02845887467265129	-0.08347418904304504	-0.10221056640148163	-0.08409161865711212	0.05625427886843681	-0.04349922388792038	-0.011190029792487621	0.08501653373241425	-0.04442061111330986	0.01944071613252163	0.016771839931607246	-0.007248962298035622	-0.07684379816055298	-0.04922841489315033	0.0375390350818634
-0.003464240115135908	0.08831239491701126	-0.1018550843000412	-0.15006157755851746	0.01478763297200203	-0.032335326075553894	0.08015965670347214	-0.01884722337126732	-0.015947559848427773	0.16448166966438293	0.009359411895275116	-0.06761805713176727	-0.028882067650556564	-0.07193989306688309	-0.07250215858221054	0.04543827474117279	-0.015443217009305954	-0.23626163601875305	0.01782657764852047	0.26581284403800964	0.09899436682462692	-0.0811660960316658	0.03123830258846283	-0.20845583081245422	0.1292927861213684	-0.08275807648897171	0.20969314873218536	0.03317504748702049	0.2807557284832001	0.022979537025094032	0.041887007653713226	0.1236206591129303	-0.09564357250928879	-0.09378518164157867	-0.015096466057002544	0.13729622960090637	0.0019495021551847458	-0.08581503480672836	0.06965646892786026	-0.13563735783100128	0.015345461666584015	-0.14986073970794678	0.11783524602651596	-0.1480482965707779	-0.04694536328315735	-0.07334865629673004	0.08888301998376846	0.025236735120415688	-0.05234674736857414	0.24445238709449768	0.06610889732837677	0.2988368570804596	-0.09608327597379684	-0.029729869216680527	-0.01682968996465206	-0.0963536873459816	0.08629350364208221	0.08877281099557877	-0.2548385262489319	0.1682453751564026	-0.01796971820294857	-0.11370789259672165	0.12307143956422806	0.15179064869880676
-0.05415252596139908	-0.09731362015008926	0.05194571241736412	-0.00553659163415432	-0.15175893902778625	-0.012794469483196735	0.0390373170375824	0.004225258249789476	-0.04487108066678047	0.09852460026741028	0.037351448088884354	0.03386569768190384	0.1407393515110016	0.0003388742625247687	-0.15014541149139404	0.014459826052188873	0.057090576738119125	0.10660281032323837	-0.008849105797708035	-0.06075453758239746	0.05968165397644043	-0.024438519030809402	0.004204956814646721	0.08449626713991165	-0.13179434835910797	-0.002134911948814988	-0.07244612276554108	-0.01775633916258812	-0.053626928478479385	0.20001815259456635	-0.020886274054646492	0.017919111996889114	-0.08166221529245377	0.07497729361057281	-0.04814353957772255	0.0029862031806260347	-0.03327608108520508	-0.11444205045700073	0.0047659436240792274	0.013603107072412968	-0.05097266286611557	-0.015266401693224907	-0.026352521032094955	-0.08443218469619751	-0.03778832405805588	-0.06266190111637115	-0.05184037983417511	-0.09949227422475815	-0.05123601853847504	-0.02845887467265129	-0.08347418904304504	-0.10221056640148163	-0.08409161865711212	0.05625427886843681	-0.04349922388792038	-0.011190029792487621	0.08501653373241425	-0.04442061111330986	0.01944071613252163	0.016771839931607246	-0.007248962298035622	-0.07684379816055298	-0.04922841489315033	0.0375390350818634
-0.003464240115135908	0.08831239491701126	-0.1018550843000412	-0.15006157755851746	0.01478763297200203	-0.032335326075553894	0.08015965670347214	-0.01884722337126732	-0.015947559848427773	0.16448166966438293	0.009359411895275116	-0.06761805713176727	-0.028882067650556564	-0.07193989306688309	-0.07250215858221054	0.04543827474117279	-0.015443217009305954	-0.23626163601875305	0.01782657764852047	0.26581284403800964	0.09899436682462692	-0.0811660960316658	0.03123830258846283	-0.20845583081245422	0.1292927861213684	-0.08275807648897171	0.20969314873218536	0.03317504748702049	0.2807557284832001	0.022979537025094032	0.041887007653713226	0.1236206591129303	-0.09564357250928879	-0.09378518164157867	-0.015096466057002544	0.13729622960090637	0.0019495021551847458	-0.08581503480672836	0.06965646892786026	-0.13563735783100128	0.015345461666584015	-0.14986073970794678	0.11783524602651596	-0.1480482965707779	-0.04694536328315735	-0.07334865629673004	0.08888301998376846	0.025236735120415688	-0.05234674736857414	0.24445238709449768	0.06610889732837677	0.2988368570804596	-0.09608327597379684	-0.029729869216680527	-0.01682968996465206	-0.0963536873459816	0.08629350364208221	0.08877281099557877	-0.2548385262489319	0.1682453751564026	-0.01796971820294857	-0.11370789259672165	0.12307143956422806	0.15179064869880676
-0.05415252596139908	-0.09731362015008926	0.05194571241736412	-0.00553659163415432	-0.15175893902778625	-0.012794469483196735	0.0390373170375824	0.004225258249789476	-0.04487108066678047	0.09852460026741028	0.037351448088884354	0.03386569768190384	0.1407393515110016	0.0003388742625247687	-0.15014541149139404	0.014459826052188873	0.057090576738119125	0.10660281032323837	-0.008849105797708035	-0.06075453758239746	0.05968165397644043	-0.024438519030809402	0.004204956814646721	0.08449626713991165	-0.13179434835910797	-0.002134911948814988	-0.07244612276554108	-0.01775633916258812	-0.053626928478479385	0.20001815259456635	-0.020886274054646492	0.017919111996889114	-0.08166221529245377	0.07497729361057281	-0.04814353957772255	0.0029862031806260347	-0.03327608108520508	-0.11444205045700073	0.0047659436240792274	0.013603107072412968	-0.05097266286611557	-0.015266401693224907	-0.026352521032094955	-0.08443218469619751	-0.03778832405805588	-0.06266190111637115	-0.05184037983417511	-0.09949227422475815	-0.05123601853847504	-0.02845887467265129	-0.08347418904304504	-0.10221056640148163	-0.08409161865711212	0.05625427886843681	-0.04349922388792038	-0.011190029792487621	0.08501653373241425	-0.04442061111330986	0.01944071613252163	0.016771839931607246	-0.007248962298035622	-0.07684379816055298	-0.04922841489315033	0.0375390350818634
-0.05415252596139908	-0.09731362015008926	0.05194571241736412	-0.00553659163415432	-0.15175893902778625	-0.012794469483196735	0.0390373170375824	0.004225258249789476	-0.04487108066678047	0.09852460026741028	0.037351448088884354	0.03386569768190384	0.1407393515110016	0.0003388742625247687	-0.15014541149139404	0.014459826052188873	0.057090576738119125	0.10660281032323837	-0.008849105797708035	-0.06075453758239746	0.05968165397644043	-0.024438519030809402	0.004204956814646721	0.08449626713991165	-0.13179434835910797	-0.002134911948814988	-0.07244612276554108	-0.01775633916258812	-0.053626928478479385	0.20001815259456635	-0.020886274054646492	0.017919111996889114	-0.08166221529245377	0.07497729361057281	-0.04814353957772255	0.0029862031806260347	-0.03327608108520508	-0.11444205045700073	0.0047659436240792274	0.013603107072412968	-0.05097266286611557	-0.015266401693224907	-0.026352521032094955	-0.08443218469619751	-0.03778832405805588	-0.06266190111637115	-0.05184037983417511	-0.09949227422475815	-0.05123601853847504	-0.02845887467265129	-0.08347418904304504	-0.10221056640148163	-0.08409161865711212	0.05625427886843681	-0.04349922388792038	-0.011190029792487621	0.08501653373241425	-0.04442061111330986	0.01944071613252163	0.016771839931607246	-0.007248962298035622	-0.07684379816055298	-0.04922841489315033	0.0375390350818634
-0.003464240115135908	0.08831239491701126	-0.1018550843000412	-0.15006157755851746	0.01478763297200203	-0.032335326075553894	0.08015965670347214	-0.01884722337126732	-0.015947559848427773	0.16448166966438293	0.009359411895275116	-0.06761805713176727	-0.028882067650556564	-0.07193989306688309	-0.07250215858221054	0.04543827474117279	-0.015443217009305954	-0.23626163601875305	0.01782657764852047	0.26581284403800964	0.09899436682462692	-0.0811660960316658	0.03123830258846283	-0.20845583081245422	0.1292927861213684	-0.08275807648897171	0.20969314873218536	0.03317504748702049	0.2807557284832001	0.022979537025094032	0.041887007653713226	0.1236206591129303	-0.09564357250928879	-0.09378518164157867	-0.015096466057002544	0.13729622960090637	0.0019495021551847458	-0.08581503480672836	0.06965646892786026	-0.13563735783100128	0.015345461666584015	-0.14986073970794678	0.11783524602651596	-0.1480482965707779	-0.04694536328315735	-0.07334865629673004	0.08888301998376846	0.025236735120415688	-0.05234674736857414	0.24445238709449768	0.06610889732837677	0.2988368570804596	-0.09608327597379684	-0.029729869216680527	-0.01682968996465206	-0.0963536873459816	0.08629350364208221	0.08877281099557877	-0.2548385262489319	0.1682453751564026	-0.01796971820294857	-0.11370789259672165	0.12307143956422806	0.15179064869880676
-0.05415252596139908	-0.09731362015008926	0.05194571241736412	-0.00553659163415432	-0.15175893902778625	-0.012794469483196735	0.0390373170375824	0.004225258249789476	-0.04487108066678047	0.09852460026741028	0.037351448088884354	0.03386569768190384	0.1407393515110016	0.0003388742625247687	-0.15014541149139404	0.014459826052188873	0.057090576738119125	0.10660281032323837	-0.008849105797708035	-0.06075453758239746	0.05968165397644043	-0.024438519030809402	0.004204956814646721	0.08449626713991165	-0.13179434835910797	-0.002134911948814988	-0.07244612276554108	-0.01775633916258812	-0.053626928478479385	0.20001815259456635	-0.020886274054646492	0.017919111996889114	-0.08166221529245377	0.07497729361057281	-0.04814353957772255	0.0029862031806260347	-0.03327608108520508	-0.11444205045700073	0.0047659436240792274	0.013603107072412968	-0.05097266286611557	-0.015266401693224907	-0.026352521032094955	-0.08443218469619751	-0.03778832405805588	-0.06266190111637115	-0.05184037983417511	-0.09949227422475815	-0.05123601853847504	-0.02845887467265129	-0.08347418904304504	-0.10221056640148163	-0.08409161865711212	0.05625427886843681	-0.04349922388792038	-0.011190029792487621	0.08501653373241425	-0.04442061111330986	0.01944071613252163	0.016771839931607246	-0.007248962298035622	-0.07684379816055298	-0.04922841489315033	0.0375390350818634
-0.003464240115135908	0.08831239491701126	-0.1018550843000412	-0.15006157755851746	0.01478763297200203	-0.032335326075553894	0.08015965670347214	-0.01884722337126732	-0.015947559848427773	0.16448166966438293	0.009359411895275116	-0.06761805713176727	-0.028882067650556564	-0.07193989306688309	-0.07250215858221054	0.04543827474117279	-0.015443217009305954	-0.23626163601875305	0.01782657764852047	0.26581284403800964	0.09899436682462692	-0.0811660960316658	0.03123830258846283	-0.20845583081245422	0.1292927861213684	-0.08275807648897171	0.20969314873218536	0.03317504748702049	0.2807557284832001	0.022979537025094032	0.041887007653713226	0.1236206591129303	-0.09564357250928879	-0.09378518164157867	-0.015096466057002544	0.13729622960090637	0.0019495021551847458	-0.08581503480672836	0.06965646892786026	-0.13563735783100128	0.015345461666584015	-0.14986073970794678	0.11783524602651596	-0.1480482965707779	-0.04694536328315735	-0.07334865629673004	0.08888301998376846	0.025236735120415688	-0.05234674736857414	0.24445238709449768	0.06610889732837677	0.2988368570804596	-0.09608327597379684	-0.029729869216680527	-0.01682968996465206	-0.0963536873459816	0.08629350364208221	0.08877281099557877	-0.2548385262489319	0.1682453751564026	-0.01796971820294857	-0.11370789259672165	0.12307143956422806	0.15179064869880676
-0.05415252596139908	-0.09731362015008926	0.05194571241736412	-0.00553659163415432	-0.15175893902778625	-0.012794469483196735	0.0390373170375824	0.004225258249789476	-0.04487108066678047	0.09852460026741028	0.037351448088884354	0.03386569768190384	0.1407393515110016	0.0003388742625247687	-0.15014541149139404	0.014459826052188873	0.057090576738119125	0.10660281032323837	-0.008849105797708035	-0.06075453758239746	0.05968165397644043	-0.024438519030809402	0.004204956814646721	0.08449626713991165	-0.13179434835910797	-0.002134911948814988	-0.07244612276554108	-0.01775633916258812	-0.053626928478479385	0.20001815259456635	-0.020886274054646492	0.017919111996889114	-0.08166221529245377	0.07497729361057281	-0.04814353957772255	0.0029862031806260347	-0.03327608108520508	-0.11444205045700073	0.0047659436240792274	0.013603107072412968	-0.05097266286611557	-0.015266401693224907	-0.026352521032094955	-0.08443218469619751	-0.03778832405805588	-0.06266190111637115	-0.05184037983417511	-0.09949227422475815	-0.05123601853847504	-0.02845887467265129	-0.08347418904304504	-0.10221056640148163	-0.08409161865711212	0.05625427886843681	-0.04349922388792038	-0.011190029792487621	0.08501653373241425	-0.04442061111330986	0.01944071613252163	0.016771839931607246	-0.007248962298035622	-0.07684379816055298	-0.04922841489315033	0.0375390350818634
-0.003464240115135908	0.08831239491701126	-0.1018550843000412	-0.15006157755851746	0.01478763297200203	-0.032335326075553894	0.08015965670347214	-0.01884722337126732	-0.015947559848427773	0.16448166966438293	0.009359411895275116	-0.06761805713176727	-0.028882067650556564	-0.07193989306688309	-0.07250215858221054	0.04543827474117279	-0.015443217009305954	-0.23626163601875305	0.01782657764852047	0.26581284403800964	0.09899436682462692	-0.0811660960316658	0.03123830258846283	-0.20845583081245422	0.1292927861213684	-0.08275807648897171	0.20969314873218536	0.03317504748702049	0.2807557284832001	0.022979537025094032	0.041887007653713226	0.1236206591129303	-0.09564357250928879	-0.09378518164157867	-0.015096466057002544	0.13729622960090637	0.0019495021551847458	-0.08581503480672836	0.06965646892786026	-0.13563735783100128	0.015345461666584015	-0.14986073970794678	0.11783524602651596	-0.1480482965707779	-0.04694536328315735	-0.07334865629673004	0.08888301998376846	0.025236735120415688	-0.05234674736857414	0.24445238709449768	0.06610889732837677	0.2988368570804596	-0.09608327597379684	-0.029729869216680527	-0.01682968996465206	-0.0963536873459816	0.08629350364208221	0.08877281099557877	-0.2548385262489319	0.1682453751564026	-0.01796971820294857	-0.11370789259672165	0.12307143956422806	0.15179064869880676
-0.05415252596139908	-0.09731362015008926	0.05194571241736412	-0.00553659163415432	-0.15175893902778625	-0.012794469483196735	0.0390373170375824	0.004225258249789476	-0.04487108066678047	0.09852460026741028	0.037351448088884354	0.03386569768190384	0.1407393515110016	0.0003388742625247687	-0.15014541149139404	0.014459826052188873	0.057090576738119125	0.10660281032323837	-0.008849105797708035	-0.06075453758239746	0.05968165397644043	-0.024438519030809402	0.004204956814646721	0.08449626713991165	-0.13179434835910797	-0.002134911948814988	-0.07244612276554108	-0.01775633916258812	-0.053626928478479385	0.20001815259456635	-0.020886274054646492	0.017919111996889114	-0.08166221529245377	0.07497729361057281	-0.04814353957772255	0.0029862031806260347	-0.03327608108520508	-0.11444205045700073	0.0047659436240792274	0.013603107072412968	-0.05097266286611557	-0.015266401693224907	-0.026352521032094955	-0.08443218469619751	-0.03778832405805588	-0.06266190111637115	-0.05184037983417511	-0.09949227422475815	-0.05123601853847504	-0.02845887467265129	-0.08347418904304504	-0.10221056640148163	-0.08409161865711212	0.05625427886843681	-0.04349922388792038	-0.011190029792487621	0.08501653373241425	-0.04442061111330986	0.01944071613252163	0.016771839931607246	-0.007248962298035622	-0.07684379816055298	-0.04922841489315033	0.0375390350818634
-0.07583089172840118	0.1548813134431839	-0.023502053692936897	0.046011991798877716	0.09905874729156494	-0.12846434116363525	-0.09718049317598343	-0.012068027630448341	-0.04282863810658455	-0.24094752967357635	-0.0918889120221138	-0.10374733805656433	-0.013719058595597744	0.07049937546253204	-0.26458147168159485	-0.059393465518951416	-0.2310243546962738	0.25690901279449463	-0.1642841398715973	-0.308129221200943	0.14804935455322266	-0.03844616562128067	-0.21360516548156738	0.16822782158851624	-0.004977526143193245	-0.20785857737064362	0.04563566669821739	-0.03671136125922203	-0.12498302757740021	0.16977311670780182	-0.21586531400680542	0.02378316968679428	0.12950335443019867	-0.021169770509004593	-0.04467152804136276	-0.03388182446360588	0.031493861228227615	0.02039790339767933	0.016703100875020027	-0.023359086364507675	-0.21701589226722717	0.13892368972301483	-0.09431672096252441	0.19872047007083893	0.1997494250535965	0.07444683462381363	-0.1734880805015564	-0.01088742446154356	0.0686965361237526	-0.10892776399850845	-0.020133832469582558	-0.0993184968829155	0.033174555748701096	-0.01112400833517313	0.06416906416416168	0.01721571944653988	-0.12926602363586426	-0.0048854900524020195	0.27416375279426575	0.05699137598276138	0.15242566168308258	0.03750953450798988	0.022052280604839325	-0.037245556712150574
-0.05415252596139908	-0.09731362015008926	0.05194571241736412	-0.00553659163415432	-0.15175893902778625	-0.012794469483196735	0.0390373170375824	0.004225258249789476	-0.04487108066678047	0.09852460026741028	0.037351448088884354	0.03386569768190384	0.1407393515110016	0.0003388742625247687	-0.15014541149139404	0.014459826052188873	0.057090576738119125	0.10660281032323837	-0.008849105797708035	-0.06075453758239746	0.05968165397644043	-0.024438519030809402	0.004204956814646721	0.08449626713991165	-0.13179434835910797	-0.002134911948814988	-0.07244612276554108	-0.01775633916258812	-0.053626928478479385	0.20001815259456635	-0.020886274054646492	0.017919111996889114	-0.08166221529245377	0.07497729361057281	-0.04814353957772255	0.0029862031806260347	-0.03327608108520508	-0.11444205045700073	0.0047659436240792274	0.013603107072412968	-0.05097266286611557	-0.015266401693224907	-0.026352521032094955	-0.08443218469619751	-0.03778832405805588	-0.06266190111637115	-0.05184037983417511	-0.09949227422475815	-0.05123601853847504	-0.02845887467265129	-0.08347418904304504	-0.10221056640148163	-0.08409161865711212	0.05625427886843681	-0.04349922388792038	-0.011190029792487621	0.08501653373241425	-0.04442061111330986	0.01944071613252163	0.016771839931607246	-0.007248962298035622	-0.07684379816055298	-0.04922841489315033	0.0375390350818634
-0.003464240115135908	0.08831239491701126	-0.1018550843000412	-0.15006157755851746	0.01478763297200203	-0.032335326075553894	0.08015965670347214	-0.01884722337126732	-0.015947559848427773	0.16448166966438293	0.009359411895275116	-0.06761805713176727	-0.028882067650556564	-0.07193989306688309	-0.07250215858221054	0.04543827474117279	-0.015443217009305954	-0.23626163601875305	0.01782657764852047	0.26581284403800964	0.09899436682462692	-0.0811660960316658	0.03123830258846283	-0.20845583081245422	0.1292927861213684	-0.08275807648897171	0.20969314873218536	0.03317504748702049	0.2807557284832001	0.022979537025094032	0.041887007653713226	0.1236206591129303	-0.09564357250928879	-0.09378518164157867	-0.015096466057002544	0.13729622960090637	0.0019495021551847458	-0.08581503480672836	0.06965646892786026	-0.13563735783100128	0.015345461666584015	-0.14986073970794678	0.11783524602651596	-0.1480482965707779	-0.04694536328315735	-0.07334865629673004	0.08888301998376846	0.025236735120415688	-0.05234674736857414	0.24445238709449768	0.06610889732837677	0.2988368570804596	-0.09608327597379684	-0.029729869216680527	-0.01682968996465206	-0.0963536873459816	0.08629350364208221	0.08877281099557877	-0.2548385262489319	0.1682453751564026	-0.01796971820294857	-0.11370789259672165	0.12307143956422806	0.15179064869880676
-0.003464240115135908	0.08831239491701126	-0.1018550843000412	-0.15006157755851746	0.01478763297200203	-0.032335326075553894	0.08015965670347214	-0.01884722337126732	-0.015947559848427773	0.16448166966438293	0.009359411895275116	-0.06761805713176727	-0.028882067650556564	-0.07193989306688309	-0.07250215858221054	0.04543827474117279	-0.015443217009305954	-0.23626163601875305	0.01782657764852047	0.26581284403800964	0.09899436682462692	-0.0811660960316658	0.03123830258846283	-0.20845583081245422	0.1292927861213684	-0.08275807648897171	0.20969314873218536	0.03317504748702049	0.2807557284832001	0.022979537025094032	0.041887007653713226	0.1236206591129303	-0.09564357250928879	-0.09378518164157867	-0.015096466057002544	0.13729622960090637	0.0019495021551847458	-0.08581503480672836	0.06965646892786026	-0.13563735783100128	0.015345461666584015	-0.14986073970794678	0.11783524602651596	-0.1480482965707779	-0.04694536328315735	-0.07334865629673004	0.08888301998376846	0.025236735120415688	-0.05234674736857414	0.24445238709449768	0.06610889732837677	0.2988368570804596	-0.09608327597379684	-0.029729869216680527	-0.01682968996465206	-0.0963536873459816	0.08629350364208221	0.08877281099557877	-0.2548385262489319	0.1682453751564026	-0.01796971820294857	-0.11370789259672165	0.12307143956422806	0.15179064869880676
0.08038521558046341	0.0005135754472576082	-0.03376169502735138	0.23375463485717773	0.1294708102941513	0.14429903030395508	-0.07833225280046463	0.06580182909965515	-0.11050254851579666	0.1977536976337433	-0.12655436992645264	-0.30332252383232117	-0.07545731216669083	-0.2094477117061615	0.27855631709098816	0.05201869457960129	-0.21266701817512512	0.06642396748065948	-0.24257884919643402	0.31215059757232666	-0.14309075474739075	0.09932616353034973	0.08049463480710983	0.04576275497674942	0.22676925361156464	0.26980677247047424	-0.007524337153881788	0.31235137581825256	0.1862468272447586	-0.36587899923324585	0.021694915369153023	0.15989486873149872	0.003825615392997861	0.00021981954341754317	-0.04099944978952408	-0.0265986118465662	0.11322177946567535	0.21519088745117188	-0.0234165508300066	0.09166724979877472	0.21209150552749634	0.12371693551540375	0.08245421946048737	0.05577344074845314	0.12155060470104218	-0.11637064814567566	0.18642176687717438	0.16492027044296265	-0.19432726502418518	-0.125377357006073	0.07976943254470825	0.09477081149816513	0.1760140061378479	0.0550137497484684	-0.005199932027608156	-0.07530691474676132	-0.039003636687994	0.03430863097310066	-0.11450127512216568	-0.06632666289806366	0.08638633042573929	-0.14672110974788666	0.10121762752532959	0.058468081057071686
-0.05415252596139908	-0.09731362015008926	0.05194571241736412	-0.00553659163415432	-0.15175893902778625	-0.012794469483196735	0.0390373170375824	0.004225258249789476	-0.04487108066678047	0.09852460026741028	0.037351448088884354	0.03386569768190384	0.1407393515110016	0.0003388742625247687	-0.15014541149139404	0.014459826052188873	0.057090576738119125	0.10660281032323837	-0.008849105797708035	-0.06075453758239746	0.05968165397644043	-0.024438519030809402	0.004204956814646721	0.08449626713991165	-0.13179434835910797	-0.002134911948814988	-0.07244612276554108	-0.01775633916258812	-0.053626928478479385	0.20001815259456635	-0.020886274054646492	0.017919111996889114	-0.08166221529245377	0.07497729361057281	-0.04814353957772255	0.0029862031806260347	-0.03327608108520508	-0.11444205045700073	0.0047659436240792274	0.013603107072412968	-0.05097266286611557	-0.015266401693224907	-0.026352521032094955	-0.08443218469619751	-0.03778832405805588	-0.06266190111637115	-0.05184037983417511	-0.09949227422475815	-0.05123601853847504	-0.02845887467265129	-0.08347418904304504	-0.10221056640148163	-0.08409161865711212	0.05625427886843681	-0.04349922388792038	-0.011190029792487621	0.08501653373241425	-0.04442061111330986	0.01944071613252163	0.016771839931607246	-0.007248962298035622	-0.07684379816055298	-0.04922841489315033	0.0375390350818634
-0.05415252596139908	-0.09731362015008926	0.05194571241736412	-0.00553659163415432	-0.15175893902778625	-0.012794469483196735	0.0390373170375824	0.004225258249789476	-0.04487108066678047	0.09852460026741028	0.037351448088884354	0.03386569768190384	0.1407393515110016	0.0003388742625247687	-0.15014541149139404	0.014459826052188873	0.057090576738119125	0.10660281032323837	-0.008849105797708035	-0.06075453758239746	0.05968165397644043	-0.024438519030809402	0.004204956814646721	0.08449626713991165	-0.13179434835910797	-0.002134911948814988	-0.07244612276554108	-0.01775633916258812	-0.053626928478479385	0.20001815259456635	-0.020886274054646492	0.017919111996889114	-0.08166221529245377	0.07497729361057281	-0.04814353957772255	0.0029862031806260347	-0.03327608108520508	-0.11444205045700073	0.0047659436240792274	0.013603107072412968	-0.05097266286611557	-0.015266401693224907	-0.026352521032094955	-0.08443218469619751	-0.03778832405805588	-0.06266190111637115	-0.05184037983417511	-0.09949227422475815	-0.05123601853847504	-0.02845887467265129	-0.08347418904304504	-0.10221056640148163	-0.08409161865711212	0.05625427886843681	-0.04349922388792038	-0.011190029792487621	0.08501653373241425	-0.04442061111330986	0.01944071613252163	0.016771839931607246	-0.007248962298035622	-0.07684379816055298	-0.04922841489315033	0.0375390350818634
0.07451340556144714	-0.1302158385515213	-0.045159127563238144	-0.07461479306221008	-0.07400742918252945	0.013103063218295574	-0.12426639348268509	-0.12178903818130493	0.03863939642906189	-0.09348297119140625	0.01893361657857895	0.22222331166267395	0.025319594889879227	0.18991588056087494	0.1271955817937851	0.027260133996605873	0.15950407087802887	-0.09192687273025513	0.10910259187221527	-0.09660732001066208	-0.11986425518989563	0.14745497703552246	-0.025035033002495766	-0.1561252325773239	-0.10498674213886261	0.0496516227722168	-0.10097085684537888	-0.201327845454216	-0.14734335243701935	-0.056778136640787125	0.08707039803266525	-0.1442296802997589	0.15687334537506104	0.09631402790546417	0.003906262572854757	-0.040699947625398636	-0.08437643200159073	-0.05379484221339226	-0.07886885851621628	-0.06739917397499084	0.12578672170639038	-0.14818508923053741	-0.024317879229784012	0.0371248722076416	-0.1066737025976181	0.05503492057323456	-0.05130891129374504	0.050206467509269714	0.060299165546894073	0.057288408279418945	-0.03430918976664543	-0.09074319154024124	-0.005368830636143684	0.02087130770087242	-0.01475684903562069	0.21005770564079285	-0.008122469298541546	-0.040997330099344254	-0.07412511110305786	-0.02632245421409607	-0.1914938986301422	0.21789172291755676	-0.05756014212965965	-0.07012733817100525
-0.05415252596139908	-0.09731362015008926	0.05194571241736412	-0.00553659163415432	-0.15175893902778625	-0.012794469483196735	0.0390373170375824	0.004225258249789476	-0.04487108066678047	0.09852460026741028	0.037351448088884354	0.03386569768190384	0.1407393515110016	0.0003388742625247687	-0.15014541149139404	0.014459826052188873	0.057090576738119125	0.10660281032323837	-0.008849105797708035	-0.06075453758239746	0.05968165397644043	-0.024438519030809402	0.004204956814646721	0.08449626713991165	-0.13179434835910797	-0.002134911948814988	-0.07244612276554108	-0.01775633916258812	-0.053626928478479385	0.20001815259456635	-0.020886274054646492	0.017919111996889114	-0.08166221529245377	0.07497729361057281	-0.04814353957772255	0.0029862031806260347	-0.03327608108520508	-0.11444205045700073	0.0047659436240792274	0.013603107072412968	-0.05097266286611557	-0.015266401693224907	-0.026352521032094955	-0.08443218469619751	-0.03778832405805588	-0.06266190111637115	-0.05184037983417511	-0.09949227422475815	-0.05123601853847504	-0.02845887467265129	-0.08347418904304504	-0.10221056640148163	-0.08409161865711212	0.05625427886843681	-0.04349922388792038	-0.011190029792487621	0.08501653373241425	-0.04442061111330986	0.01944071613252163	0.016771839931607246	-0.007248962298035622	-0.07684379816055298	-0.04922841489315033	0.0375390350818634
-0.003464240115135908	0.08831239491701126	-0.1018550843000412	-0.15006157755851746	0.01478763297200203	-0.032335326075553894	0.08015965670347214	-0.01884722337126732	-0.015947559848427773	0.16448166966438293	0.009359411895275116	-0.06761805713176727	-0.028882067650556564	-0.07193989306688309	-0.07250215858221054	0.04543827474117279	-0.015443217009305954	-0.23626163601875305	0.01782657764852047	0.26581284403800964	0.09899436682462692	-0.0811660960316658	0.03123830258846283	-0.20845583081245422	0.1292927861213684	-0.08275807648897171	0.20969314873218536	0.03317504748702049	0.2807557284832001	0.022979537025094032	0.041887007653713226	0.1236206591129303	-0.09564357250928879	-0.09378518164157867	-0.015096466057002544	0.13729622960090637	0.0019495021551847458	-0.08581503480672836	0.06965646892786026	-0.13563735783100128	0.015345461666584015	-0.14986073970794678	0.11783524602651596	-0.1480482965707779	-0.04694536328315735	-0.07334865629673004	0.08888301998376846	0.025236735120415688	-0.05234674736857414	0.24445238709449768	0.06610889732837677	0.2988368570804596	-0.09608327597379684	-0.029729869216680527	-0.01682968996465206	-0.0963536873459816	0.08629350364208221	0.08877281099557877	-0.2548385262489319	0.1682453751564026	-0.01796971820294857	-0.11370789259672165	0.12307143956422806	0.15179064869880676
-0.05415252596139908	-0.09731362015008926	0.05194571241736412	-0.00553659163415432	-0.15175893902778625	-0.012794469483196735	0.0390373170375824	0.004225258249789476	-0.04487108066678047	0.09852460026741028	0.037351448088884354	0.03386569768190384	0.1407393515110016	0.0003388742625247687	-0.15014541149139404	0.014459826052188873	0.057090576738119125	0.10660281032323837	-0.008849105797708035	-0.06075453758239746	0.05968165397644043	-0.024438519030809402	0.004204956814646721	0.08449626713991165	-0.13179434835910797	-0.002134911948814988	-0.07244612276554108	-0.01775633916258812	-0.053626928478479385	0.20001815259456635	-0.020886274054646492	0.017919111996889114	-0.08166221529245377	0.07497729361057281	-0.04814353957772255	0.0029862031806260347	-0.03327608108520508	-0.11444205045700073	0.0047659436240792274	0.013603107072412968	-0.05097266286611557	-0.015266401693224907	-0.026352521032094955	-0.08443218469619751	-0.03778832405805588	-0.06266190111637115	-0.05184037983417511	-0.09949227422475815	-0.05123601853847504	-0.02845887467265129	-0.08347418904304504	-0.10221056640148163	-0.08409161865711212	0.05625427886843681	-0.04349922388792038	-0.011190029792487621	0.08501653373241425	-0.04442061111330986	0.01944071613252163	0.016771839931607246	-0.007248962298035622	-0.07684379816055298	-0.04922841489315033	0.0375390350818634
-0.003464240115135908	0.08831239491701126	-0.1018550843000412	-0.15006157755851746	0.01478763297200203	-0.032335326075553894	0.08015965670347214	-0.01884722337126732	-0.015947559848427773	0.16448166966438293	0.009359411895275116	-0.06761805713176727	-0.028882067650556564	-0.07193989306688309	-0.07250215858221054	0.04543827474117279	-0.015443217009305954	-0.23626163601875305	0.01782657764852047	0.26581284403800964	0.09899436682462692	-0.0811660960316658	0.03123830258846283	-0.20845583081245422	0.1292927861213684	-0.08275807648897171	0.20969314873218536	0.03317504748702049	0.2807557284832001	0.022979537025094032	0.041887007653713226	0.1236206591129303	-0.09564357250928879	-0.09378518164157867	-0.015096466057002544	0.13729622960090637	0.0019495021551847458	-0.08581503480672836	0.06965646892786026	-0.13563735783100128	0.015345461666584015	-0.14986073970794678	0.11783524602651596	-0.1480482965707779	-0.04694536328315735	-0.07334865629673004	0.08888301998376846	0.025236735120415688	-0.05234674736857414	0.24445238709449768	0.06610889732837677	0.2988368570804596	-0.09608327597379684	-0.029729869216680527	-0.01682968996465206	-0.0963536873459816	0.08629350364208221	0.08877281099557877	-0.2548385262489319	0.1682453751564026	-0.01796971820294857	-0.11370789259672165	0.12307143956422806	0.15179064869880676
-0.05415252596139908	-0.09731362015008926	0.05194571241736412	-0.00553659163415432	-0.15175893902778625	-0.012794469483196735	0.0390373170375824	0.004225258249789476	-0.04487108066678047	0.09852460026741028	0.037351448088884354	0.03386569768190384	0.1407393515110016	0.0003388742625247687	-0.15014541149139404	0.014459826052188873	0.057090576738119125	0.10660281032323837	-0.008849105797708035	-0.06075453758239746	0.05968165397644043	-0.024438519030809402	0.004204956814646721	0.08449626713991165	-0.13179434835910797	-0.002134911948814988	-0.07244612276554108	-0.01775633916258812	-0.053626928478479385	0.20001815259456635	-0.020886274054646492	0.017919111996889114	-0.08166221529245377	0.07497729361057281	-0.04814353957772255	0.0029862031806260347	-0.03327608108520508	-0.11444205045700073	0.0047659436240792274	0.013603107072412968	-0.05097266286611557	-0.015266401693224907	-0.026352521032094955	-0.08443218469619751	-0.03778832405805588	-0.06266190111637115	-0.05184037983417511	-0.09949227422475815	-0.05123601853847504	-0.02845887467265129	-0.08347418904304504	-0.10221056640148163	-0.08409161865711212	0.05625427886843681	-0.04349922388792038	-0.011190029792487621	0.08501653373241425	-0.04442061111330986	0.01944071613252163	0.016771839931607246	-0.007248962298035622	-0.07684379816055298	-0.04922841489315033	0.0375390350818634
-0.05415252596139908	-0.09731362015008926	0.05194571241736412	-0.00553659163415432	-0.15175893902778625	-0.012794469483196735	0.0390373170375824	0.004225258249789476	-0.04487108066678047	0.09852460026741028	0.037351448088884354	0.03386569768190384	0.1407393515110016	0.0003388742625247687	-0.15014541149139404	0.014459826052188873	0.057090576738119125	0.10660281032323837	-0.008849105797708035	-0.06075453758239746	0.05968165397644043	-0.024438519030809402	0.004204956814646721	0.08449626713991165	-0.13179434835910797	-0.002134911948814988	-0.07244612276554108	-0.01775633916258812	-0.053626928478479385	0.20001815259456635	-0.020886274054646492	0.017919111996889114	-0.08166221529245377	0.07497729361057281	-0.04814353957772255	0.0029862031806260347	-0.03327608108520508	-0.11444205045700073	0.0047659436240792274	0.013603107072412968	-0.05097266286611557	-0.015266401693224907	-0.026352521032094955	-0.08443218469619751	-0.03778832405805588	-0.06266190111637115	-0.05184037983417511	-0.09949227422475815	-0.05123601853847504	-0.02845887467265129	-0.08347418904304504	-0.10221056640148163	-0.08409161865711212	0.05625427886843681	-0.04349922388792038	-0.011190029792487621	0.08501653373241425	-0.04442061111330986	0.01944071613252163	0.016771839931607246	-0.007248962298035622	-0.07684379816055298	-0.04922841489315033	0.0375390350818634
-0.05415252596139908	-0.09731362015008926	0.05194571241736412	-0.00553659163415432	-0.15175893902778625	-0.012794469483196735	0.0390373170375824	0.004225258249789476	-0.04487108066678047	0.09852460026741028	0.037351448088884354	0.03386569768190384	0.1407393515110016	0.0003388742625247687	-0.15014541149139404	0.014459826052188873	0.057090576738119125	0.10660281032323837	-0.008849105797708035	-0.06075453758239746	0.05968165397644043	-0.024438519030809402	0.004204956814646721	0.08449626713991165	-0.13179434835910797	-0.002134911948814988	-0.07244612276554108	-0.01775633916258812	-0.053626928478479385	0.20001815259456635	-0.020886274054646492	0.017919111996889114	-0.08166221529245377	0.07497729361057281	-0.04814353957772255	0.0029862031806260347	-0.03327608108520508	-0.11444205045700073	0.0047659436240792274	0.013603107072412968	-0.05097266286611557	-0.015266401693224907	-0.026352521032094955	-0.08443218469619751	-0.03778832405805588	-0.06266190111637115	-0.05184037983417511	-0.09949227422475815	-0.05123601853847504	-0.02845887467265129	-0.08347418904304504	-0.10221056640148163	-0.08409161865711212	0.05625427886843681	-0.04349922388792038	-0.011190029792487621	0.08501653373241425	-0.04442061111330986	0.01944071613252163	0.016771839931607246	-0.007248962298035622	-0.07684379816055298	-0.04922841489315033	0.0375390350818634
-0.003464240115135908	0.08831239491701126	-0.1018550843000412	-0.15006157755851746	0.01478763297200203	-0.032335326075553894	0.08015965670347214	-0.01884722337126732	-0.015947559848427773	0.16448166966438293	0.009359411895275116	-0.06761805713176727	-0.028882067650556564	-0.07193989306688309	-0.07250215858221054	0.04543827474117279	-0.015443217009305954	-0.23626163601875305	0.01782657764852047	0.26581284403800964	0.09899436682462692	-0.0811660960316658	0.03123830258846283	-0.20845583081245422	0.1292927861213684	-0.08275807648897171	0.20969314873218536	0.03317504748702049	0.2807557284832001	0.022979537025094032	0.041887007653713226	0.1236206591129303	-0.09564357250928879	-0.09378518164157867	-0.015096466057002544	0.13729622960090637	0.0019495021551847458	-0.08581503480672836	0.06965646892786026	-0.13563735783100128	0.015345461666584015	-0.14986073970794678	0.11783524602651596	-0.1480482965707779	-0.04694536328315735	-0.07334865629673004	0.08888301998376846	0.025236735120415688	-0.05234674736857414	0.24445238709449768	0.06610889732837677	0.2988368570804596	-0.09608327597379684	-0.029729869216680527	-0.01682968996465206	-0.0963536873459816	0.08629350364208221	0.08877281099557877	-0.2548385262489319	0.1682453751564026	-0.01796971820294857	-0.11370789259672165	0.12307143956422806	0.15179064869880676
-0.003464240115135908	0.08831239491701126	-0.1018550843000412	-0.15006157755851746	0.01478763297200203	-0.032335326075553894	0.08015965670347214	-0.01884722337126732	-0.015947559848427773	0.16448166966438293	0.009359411895275116	-0.06761805713176727	-0.028882067650556564	-0.07193989306688309	-0.07250215858221054	0.04543827474117279	-0.015443217009305954	-0.23626163601875305	0.01782657764852047	0.26581284403800964	0.09899436682462692	-0.0811660960316658	0.03123830258846283	-0.20845583081245422	0.1292927861213684	-0.08275807648897171	0.20969314873218536	0.03317504748702049	0.2807557284832001	0.022979537025094032	0.041887007653713226	0.1236206591129303	-0.09564357250928879	-0.09378518164157867	-0.015096466057002544	0.13729622960090637	0.0019495021551847458	-0.08581503480672836	0.06965646892786026	-0.13563735783100128	0.015345461666584015	-0.14986073970794678	0.11783524602651596	-0.1480482965707779	-0.04694536328315735	-0.07334865629673004	0.08888301998376846	0.025236735120415688	-0.05234674736857414	0.24445238709449768	0.06610889732837677	0.2988368570804596	-0.09608327597379684	-0.029729869216680527	-0.01682968996465206	-0.0963536873459816	0.08629350364208221	0.08877281099557877	-0.2548385262489319	0.1682453751564026	-0.01796971820294857	-0.11370789259672165	0.12307143956422806	0.15179064869880676
-0.05415252596139908	-0.09731362015008926	0.05194571241736412	-0.00553659163415432	-0.15175893902778625	-0.012794469483196735	0.0390373170375824	0.004225258249789476	-0.04487108066678047	0.09852460026741028	0.037351448088884354	0.03386569768190384	0.1407393515110016	0.0003388742625247687	-0.15014541149139404	0.014459826052188873	0.057090576738119125	0.10660281032323837	-0.008849105797708035	-0.06075453758239746	0.05968165397644043	-0.024438519030809402	0.004204956814646721	0.08449626713991165	-0.13179434835910797	-0.002134911948814988	-0.07244612276554108	-0.01775633916258812	-0.053626928478479385	0.20001815259456635	-0.020886274054646492	0.017919111996889114	-0.08166221529245377	0.07497729361057281	-0.04814353957772255	0.0029862031806260347	-0.03327608108520508	-0.11444205045700073	0.0047659436240792274	0.013603107072412968	-0.05097266286611557	-0.015266401693224907	-0.026352521032094955	-0.08443218469619751	-0.03778832405805588	-0.06266190111637115	-0.05184037983417511	-0.09949227422475815	-0.05123601853847504	-0.02845887467265129	-0.08347418904304504	-0.10221056640148163	-0.08409161865711212	0.05625427886843681	-0.04349922388792038	-0.011190029792487621	0.08501653373241425	-0.04442061111330986	0.01944071613252163	0.016771839931607246	-0.007248962298035622	-0.07684379816055298	-0.04922841489315033	0.0375390350818634
-0.003464240115135908	0.08831239491701126	-0.1018550843000412	-0.15006157755851746	0.01478763297200203	-0.032335326075553894	0.08015965670347214	-0.01884722337126732	-0.015947559848427773	0.16448166966438293	0.009359411895275116	-0.06761805713176727	-0.028882067650556564	-0.07193989306688309	-0.07250215858221054	0.04543827474117279	-0.015443217009305954	-0.23626163601875305	0.01782657764852047	0.26581284403800964	0.09899436682462692	-0.0811660960316658	0.03123830258846283	-0.20845583081245422	0.1292927861213684	-0.08275807648897171	0.20969314873218536	0.03317504748702049	0.2807557284832001	0.022979537025094032	0.041887007653713226	0.1236206591129303	-0.09564357250928879	-0.09378518164157867	-0.015096466057002544	0.13729622960090637	0.0019495021551847458	-0.08581503480672836	0.06965646892786026	-0.13563735783100128	0.015345461666584015	-0.14986073970794678	0.11783524602651596	-0.1480482965707779	-0.04694536328315735	-0.07334865629673004	0.08888301998376846	0.025236735120415688	-0.05234674736857414	0.24445238709449768	0.06610889732837677	0.2988368570804596	-0.09608327597379684	-0.029729869216680527	-0.01682968996465206	-0.0963536873459816	0.08629350364208221	0.08877281099557877	-0.2548385262489319	0.1682453751564026	-0.01796971820294857	-0.11370789259672165	0.12307143956422806	0.15179064869880676
-0.05415252596139908	-0.09731362015008926	0.05194571241736412	-0.00553659163415432	-0.15175893902778625	-0.012794469483196735	0.0390373170375824	0.004225258249789476	-0.04487108066678047	0.09852460026741028	0.037351448088884354	0.03386569768190384	0.1407393515110016	0.0003388742625247687	-0.15014541149139404	0.014459826052188873	0.057090576738119125	0.10660281032323837	-0.008849105797708035	-0.06075453758239746	0.05968165397644043	-0.024438519030809402	0.004204956814646721	0.08449626713991165	-0.13179434835910797	-0.002134911948814988	-0.07244612276554108	-0.01775633916258812	-0.053626928478479385	0.20001815259456635	-0.020886274054646492	0.017919111996889114	-0.08166221529245377	0.07497729361057281	-0.04814353957772255	0.0029862031806260347	-0.03327608108520508	-0.11444205045700073	0.0047659436240792274	0.013603107072412968	-0.05097266286611557	-0.015266401693224907	-0.026352521032094955	-0.08443218469619751	-0.03778832405805588	-0.06266190111637115	-0.05184037983417511	-0.09949227422475815	-0.05123601853847504	-0.02845887467265129	-0.08347418904304504	-0.10221056640148163	-0.08409161865711212	0.05625427886843681	-0.04349922388792038	-0.011190029792487621	0.08501653373241425	-0.04442061111330986	0.01944071613252163	0.016771839931607246	-0.007248962298035622	-0.07684379816055298	-0.04922841489315033	0.0375390350818634
-0.07583089172840118	0.1548813134431839	-0.023502053692936897	0.046011991798877716	0.09905874729156494	-0.12846434116363525	-0.09718049317598343	-0.012068027630448341	-0.04282863810658455	-0.24094752967357635	-0.0918889120221138	-0.10374733805656433	-0.013719058595597744	0.07049937546253204	-0.26458147168159485	-0.059393465518951416	-0.2310243546962738	0.25690901279449463	-0.1642841398715973	-0.308129221200943	0.14804935455322266	-0.03844616562128067	-0.21360516548156738	0.16822782158851624	-0.004977526143193245	-0.20785857737064362	0.04563566669821739	-0.03671136125922203	-0.12498302757740021	0.16977311670780182	-0.21586531400680542	0.02378316968679428	0.12950335443019867	-0.021169770509004593	-0.04467152804136276	-0.03388182446360588	0.031493861228227615	0.02039790339767933	0.016703100875020027	-0.023359086364507675	-0.21701589226722717	0.13892368972301483	-0.09431672096252441	0.19872047007083893	0.1997494250535965	0.07444683462381363	-0.1734880805015564	-0.01088742446154356	0.0686965361237526	-0.10892776399850845	-0.020133832469582558	-0.0993184968829155	0.033174555748701096	-0.01112400833517313	0.06416906416416168	0.01721571944653988	-0.12926602363586426	-0.0048854900524020195	0.27416375279426575	0.05699137598276138	0.15242566168308258	0.03750953450798988	0.022052280604839325	-0.037245556712150574
-0.05415252596139908	-0.09731362015008926	0.05194571241736412	-0.00553659163415432	-0.15175893902778625	-0.012794469483196735	0.0390373170375824	0.004225258249789476	-0.04487108066678047	0.09852460026741028	0.037351448088884354	0.03386569768190384	0.1407393515110016	0.0003388742625247687	-0.15014541149139404	0.014459826052188873	0.057090576738119125	0.10660281032323837	-0.008849105797708035	-0.06075453758239746	0.05968165397644043	-0.024438519030809402	0.004204956814646721	0.08449626713991165	-0.13179434835910797	-0.002134911948814988	-0.07244612276554108	-0.01775633916258812	-0.053626928478479385	0.20001815259456635	-0.020886274054646492	0.017919111996889114	-0.08166221529245377	0.07497729361057281	-0.04814353957772255	0.0029862031806260347	-0.03327608108520508	-0.11444205045700073	0.0047659436240792274	0.013603107072412968	-0.05097266286611557	-0.015266401693224907	-0.026352521032094955	-0.08443218469619751	-0.03778832405805588	-0.06266190111637115	-0.05184037983417511	-0.09949227422475815	-0.05123601853847504	-0.02845887467265129	-0.08347418904304504	-0.10221056640148163	-0.08409161865711212	0.05625427886843681	-0.04349922388792038	-0.011190029792487621	0.08501653373241425	-0.04442061111330986	0.01944071613252163	0.016771839931607246	-0.007248962298035622	-0.07684379816055298	-0.04922841489315033	0.0375390350818634
-0.003464240115135908	0.08831239491701126	-0.1018550843000412	-0.15006157755851746	0.01478763297200203	-0.032335326075553894	0.08015965670347214	-0.01884722337126732	-0.015947559848427773	0.16448166966438293	0.009359411895275116	-0.06761805713176727	-0.028882067650556564	-0.07193989306688309	-0.07250215858221054	0.04543827474117279	-0.015443217009305954	-0.23626163601875305	0.01782657764852047	0.26581284403800964	0.09899436682462692	-0.0811660960316658	0.03123830258846283	-0.20845583081245422	0.1292927861213684	-0.08275807648897171	0.20969314873218536	0.03317504748702049	0.2807557284832001	0.022979537025094032	0.041887007653713226	0.1236206591129303	-0.09564357250928879	-0.09378518164157867	-0.015096466057002544	0.13729622960090637	0.0019495021551847458	-0.08581503480672836	0.06965646892786026	-0.13563735783100128	0.015345461666584015	-0.14986073970794678	0.11783524602651596	-0.1480482965707779	-0.04694536328315735	-0.07334865629673004	0.08888301998376846	0.025236735120415688	-0.05234674736857414	0.24445238709449768	0.06610889732837677	0.2988368570804596	-0.09608327597379684	-0.029729869216680527	-0.01682968996465206	-0.0963536873459816	0.08629350364208221	0.08877281099557877	-0.2548385262489319	0.1682453751564026	-0.01796971820294857	-0.11370789259672165	0.12307143956422806	0.15179064869880676
-0.003464240115135908	0.08831239491701126	-0.1018550843000412	-0.15006157755851746	0.01478763297200203	-0.032335326075553894	0.08015965670347214	-0.01884722337126732	-0.015947559848427773	0.16448166966438293	0.009359411895275116	-0.06761805713176727	-0.028882067650556564	-0.07193989306688309	-0.07250215858221054	0.04543827474117279	-0.015443217009305954	-0.23626163601875305	0.01782657764852047	0.26581284403800964	0.09899436682462692	-0.0811660960316658	0.03123830258846283	-0.20845583081245422	0.1292927861213684	-0.08275807648897171	0.20969314873218536	0.03317504748702049	0.2807557284832001	0.022979537025094032	0.041887007653713226	0.1236206591129303	-0.09564357250928879	-0.09378518164157867	-0.015096466057002544	0.13729622960090637	0.0019495021551847458	-0.08581503480672836	0.06965646892786026	-0.13563735783100128	0.015345461666584015	-0.14986073970794678	0.11783524602651596	-0.1480482965707779	-0.04694536328315735	-0.07334865629673004	0.08888301998376846	0.025236735120415688	-0.05234674736857414	0.24445238709449768	0.06610889732837677	0.2988368570804596	-0.09608327597379684	-0.029729869216680527	-0.01682968996465206	-0.0963536873459816	0.08629350364208221	0.08877281099557877	-0.2548385262489319	0.1682453751564026	-0.01796971820294857	-0.11370789259672165	0.12307143956422806	0.15179064869880676
-0.003464240115135908	0.08831239491701126	-0.1018550843000412	-0.15006157755851746	0.01478763297200203	-0.032335326075553894	0.08015965670347214	-0.01884722337126732	-0.015947559848427773	0.16448166966438293	0.009359411895275116	-0.06761805713176727	-0.028882067650556564	-0.07193989306688309	-0.07250215858221054	0.04543827474117279	-0.015443217009305954	-0.23626163601875305	0.01782657764852047	0.26581284403800964	0.09899436682462692	-0.0811660960316658	0.03123830258846283	-0.20845583081245422	0.1292927861213684	-0.08275807648897171	0.20969314873218536	0.03317504748702049	0.2807557284832001	0.022979537025094032	0.041887007653713226	0.1236206591129303	-0.09564357250928879	-0.09378518164157867	-0.015096466057002544	0.13729622960090637	0.0019495021551847458	-0.08581503480672836	0.06965646892786026	-0.13563735783100128	0.015345461666584015	-0.14986073970794678	0.11783524602651596	-0.1480482965707779	-0.04694536328315735	-0.07334865629673004	0.08888301998376846	0.025236735120415688	-0.05234674736857414	0.24445238709449768	0.06610889732837677	0.2988368570804596	-0.09608327597379684	-0.029729869216680527	-0.01682968996465206	-0.0963536873459816	0.08629350364208221	0.08877281099557877	-0.2548385262489319	0.1682453751564026	-0.01796971820294857	-0.11370789259672165	0.12307143956422806	0.15179064869880676
-0.05415252596139908	-0.09731362015008926	0.05194571241736412	-0.00553659163415432	-0.15175893902778625	-0.012794469483196735	0.0390373170375824	0.004225258249789476	-0.04487108066678047	0.09852460026741028	0.037351448088884354	0.03386569768190384	0.1407393515110016	0.0003388742625247687	-0.15014541149139404	0.014459826052188873	0.057090576738119125	0.10660281032323837	-0.008849105797708035	-0.06075453758239746	0.05968165397644043	-0.024438519030809402	0.004204956814646721	0.08449626713991165	-0.13179434835910797	-0.002134911948814988	-0.07244612276554108	-0.01775633916258812	-0.053626928478479385	0.20001815259456635	-0.020886274054646492	0.017919111996889114	-0.08166221529245377	0.07497729361057281	-0.04814353957772255	0.0029862031806260347	-0.03327608108520508	-0.11444205045700073	0.0047659436240792274	0.013603107072412968	-0.05097266286611557	-0.015266401693224907	-0.026352521032094955	-0.08443218469619751	-0.03778832405805588	-0.06266190111637115	-0.05184037983417511	-0.09949227422475815	-0.05123601853847504	-0.02845887467265129	-0.08347418904304504	-0.10221056640148163	-0.08409161865711212	0.05625427886843681	-0.04349922388792038	-0.011190029792487621	0.08501653373241425	-0.04442061111330986	0.01944071613252163	0.016771839931607246	-0.007248962298035622	-0.07684379816055298	-0.04922841489315033	0.0375390350818634
-0.07583089172840118	0.1548813134431839	-0.023502053692936897	0.046011991798877716	0.09905874729156494	-0.12846434116363525	-0.09718049317598343	-0.012068027630448341	-0.04282863810658455	-0.24094752967357635	-0.0918889120221138	-0.10374733805656433	-0.013719058595597744	0.07049937546253204	-0.26458147168159485	-0.059393465518951416	-0.2310243546962738	0.25690901279449463	-0.1642841398715973	-0.308129221200943	0.14804935455322266	-0.03844616562128067	-0.21360516548156738	0.16822782158851624	-0.004977526143193245	-0.20785857737064362	0.04563566669821739	-0.03671136125922203	-0.12498302757740021	0.16977311670780182	-0.21586531400680542	0.02378316968679428	0.12950335443019867	-0.021169770509004593	-0.04467152804136276	-0.03388182446360588	0.031493861228227615	0.02039790339767933	0.016703100875020027	-0.023359086364507675	-0.21701589226722717	0.13892368972301483	-0.09431672096252441	0.19872047007083893	0.1997494250535965	0.07444683462381363	-0.1734880805015564	-0.01088742446154356	0.0686965361237526	-0.10892776399850845	-0.020133832469582558	-0.0993184968829155	0.033174555748701096	-0.01112400833517313	0.06416906416416168	0.01721571944653988	-0.12926602363586426	-0.0048854900524020195	0.27416375279426575	0.05699137598276138	0.15242566168308258	0.03750953450798988	0.022052280604839325	-0.037245556712150574
-0.05415252596139908	-0.09731362015008926	0.05194571241736412	-0.00553659163415432	-0.15175893902778625	-0.012794469483196735	0.0390373170375824	0.004225258249789476	-0.04487108066678047	0.09852460026741028	0.037351448088884354	0.03386569768190384	0.1407393515110016	0.0003388742625247687	-0.15014541149139404	0.014459826052188873	0.057090576738119125	0.10660281032323837	-0.008849105797708035	-0.06075453758239746	0.05968165397644043	-0.024438519030809402	0.004204956814646721	0.08449626713991165	-0.13179434835910797	-0.002134911948814988	-0.07244612276554108	-0.01775633916258812	-0.053626928478479385	0.20001815259456635	-0.020886274054646492	0.017919111996889114	-0.08166221529245377	0.07497729361057281	-0.04814353957772255	0.0029862031806260347	-0.03327608108520508	-0.11444205045700073	0.0047659436240792274	0.013603107072412968	-0.05097266286611557	-0.015266401693224907	-0.026352521032094955	-0.08443218469619751	-0.03778832405805588	-0.06266190111637115	-0.05184037983417511	-0.09949227422475815	-0.05123601853847504	-0.02845887467265129	-0.08347418904304504	-0.10221056640148163	-0.08409161865711212	0.05625427886843681	-0.04349922388792038	-0.011190029792487621	0.08501653373241425	-0.04442061111330986	0.01944071613252163	0.016771839931607246	-0.007248962298035622	-0.07684379816055298	-0.04922841489315033	0.0375390350818634
0.08038521558046341	0.0005135754472576082	-0.03376169502735138	0.23375463485717773	0.1294708102941513	0.14429903030395508	-0.07833225280046463	0.06580182909965515	-0.11050254851579666	0.1977536976337433	-0.12655436992645264	-0.30332252383232117	-0.07545731216669083	-0.2094477117061615	0.27855631709098816	0.05201869457960129	-0.21266701817512512	0.06642396748065948	-0.24257884919643402	0.31215059757232666	-0.14309075474739075	0.09932616353034973	0.08049463480710983	0.04576275497674942	0.22676925361156464	0.26980677247047424	-0.007524337153881788	0.31235137581825256	0.1862468272447586	-0.36587899923324585	0.021694915369153023	0.15989486873149872	0.003825615392997861	0.00021981954341754317	-0.04099944978952408	-0.0265986118465662	0.11322177946567535	0.21519088745117188	-0.0234165508300066	0.09166724979877472	0.21209150552749634	0.12371693551540375	0.08245421946048737	0.05577344074845314	0.12155060470104218	-0.11637064814567566	0.18642176687717438	0.16492027044296265	-0.19432726502418518	-0.125377357006073	0.07976943254470825	0.09477081149816513	0.1760140061378479	0.0550137497484684	-0.005199932027608156	-0.07530691474676132	-0.039003636687994	0.03430863097310066	-0.11450127512216568	-0.06632666289806366	0.08638633042573929	-0.14672110974788666	0.10121762752532959	0.058468081057071686
-0.003464240115135908	0.08831239491701126	-0.1018550843000412	-0.15006157755851746	0.01478763297200203	-0.032335326075553894	0.08015965670347214	-0.01884722337126732	-0.015947559848427773	0.16448166966438293	0.009359411895275116	-0.06761805713176727	-0.028882067650556564	-0.07193989306688309	-0.07250215858221054	0.04543827474117279	-0.015443217009305954	-0.23626163601875305	0.01782657764852047	0.26581284403800964	0.09899436682462692	-0.0811660960316658	0.03123830258846283	-0.20845583081245422	0.1292927861213684	-0.08275807648897171	0.20969314873218536	0.03317504748702049	0.2807557284832001	0.022979537025094032	0.041887007653713226	0.1236206591129303	-0.09564357250928879	-0.09378518164157867	-0.015096466057002544	0.13729622960090637	0.0019495021551847458	-0.08581503480672836	0.06965646892786026	-0.13563735783100128	0.015345461666584015	-0.14986073970794678	0.11783524602651596	-0.1480482965707779	-0.04694536328315735	-0.07334865629673004	0.08888301998376846	0.025236735120415688	-0.05234674736857414	0.24445238709449768	0.06610889732837677	0.2988368570804596	-0.09608327597379684	-0.029729869216680527	-0.01682968996465206	-0.0963536873459816	0.08629350364208221	0.08877281099557877	-0.2548385262489319	0.1682453751564026	-0.01796971820294857	-0.11370789259672165	0.12307143956422806	0.15179064869880676
-0.07583089172840118	0.1548813134431839	-0.023502053692936897	0.046011991798877716	0.09905874729156494	-0.12846434116363525	-0.09718049317598343	-0.012068027630448341	-0.04282863810658455	-0.24094752967357635	-0.0918889120221138	-0.10374733805656433	-0.013719058595597744	0.07049937546253204	-0.26458147168159485	-0.059393465518951416	-0.2310243546962738	0.25690901279449463	-0.1642841398715973	-0.308129221200943	0.14804935455322266	-0.03844616562128067	-0.21360516548156738	0.16822782158851624	-0.004977526143193245	-0.20785857737064362	0.04563566669821739	-0.03671136125922203	-0.12498302757740021	0.16977311670780182	-0.21586531400680542	0.02378316968679428	0.12950335443019867	-0.021169770509004593	-0.04467152804136276	-0.03388182446360588	0.031493861228227615	0.02039790339767933	0.016703100875020027	-0.023359086364507675	-0.21701589226722717	0.13892368972301483	-0.09431672096252441	0.19872047007083893	0.1997494250535965	0.07444683462381363	-0.1734880805015564	-0.01088742446154356	0.0686965361237526	-0.10892776399850845	-0.020133832469582558	-0.0993184968829155	0.033174555748701096	-0.01112400833517313	0.06416906416416168	0.01721571944653988	-0.12926602363586426	-0.0048854900524020195	0.27416375279426575	0.05699137598276138	0.15242566168308258	0.03750953450798988	0.022052280604839325	-0.037245556712150574
-0.003464240115135908	0.08831239491701126	-0.1018550843000412	-0.15006157755851746	0.01478763297200203	-0.032335326075553894	0.08015965670347214	-0.01884722337126732	-0.015947559848427773	0.16448166966438293	0.009359411895275116	-0.06761805713176727	-0.028882067650556564	-0.07193989306688309	-0.07250215858221054	0.04543827474117279	-0.015443217009305954	-0.23626163601875305	0.01782657764852047	0.26581284403800964	0.09899436682462692	-0.0811660960316658	0.03123830258846283	-0.20845583081245422	0.1292927861213684	-0.08275807648897171	0.20969314873218536	0.03317504748702049	0.2807557284832001	0.022979537025094032	0.041887007653713226	0.1236206591129303	-0.09564357250928879	-0.09378518164157867	-0.015096466057002544	0.13729622960090637	0.0019495021551847458	-0.08581503480672836	0.06965646892786026	-0.13563735783100128	0.015345461666584015	-0.14986073970794678	0.11783524602651596	-0.1480482965707779	-0.04694536328315735	-0.07334865629673004	0.08888301998376846	0.025236735120415688	-0.05234674736857414	0.24445238709449768	0.06610889732837677	0.2988368570804596	-0.09608327597379684	-0.029729869216680527	-0.01682968996465206	-0.0963536873459816	0.08629350364208221	0.08877281099557877	-0.2548385262489319	0.1682453751564026	-0.01796971820294857	-0.11370789259672165	0.12307143956422806	0.15179064869880676
-0.05415252596139908	-0.09731362015008926	0.05194571241736412	-0.00553659163415432	-0.15175893902778625	-0.012794469483196735	0.0390373170375824	0.004225258249789476	-0.04487108066678047	0.09852460026741028	0.037351448088884354	0.03386569768190384	0.1407393515110016	0.0003388742625247687	-0.15014541149139404	0.014459826052188873	0.057090576738119125	0.10660281032323837	-0.008849105797708035	-0.06075453758239746	0.05968165397644043	-0.024438519030809402	0.004204956814646721	0.08449626713991165	-0.13179434835910797	-0.002134911948814988	-0.07244612276554108	-0.01775633916258812	-0.053626928478479385	0.20001815259456635	-0.020886274054646492	0.017919111996889114	-0.08166221529245377	0.07497729361057281	-0.04814353957772255	0.0029862031806260347	-0.03327608108520508	-0.11444205045700073	0.0047659436240792274	0.013603107072412968	-0.05097266286611557	-0.015266401693224907	-0.026352521032094955	-0.08443218469619751	-0.03778832405805588	-0.06266190111637115	-0.05184037983417511	-0.09949227422475815	-0.05123601853847504	-0.02845887467265129	-0.08347418904304504	-0.10221056640148163	-0.08409161865711212	0.05625427886843681	-0.04349922388792038	-0.011190029792487621	0.08501653373241425	-0.04442061111330986	0.01944071613252163	0.016771839931607246	-0.007248962298035622	-0.07684379816055298	-0.04922841489315033	0.0375390350818634
-0.003464240115135908	0.08831239491701126	-0.1018550843000412	-0.15006157755851746	0.01478763297200203	-0.032335326075553894	0.08015965670347214	-0.01884722337126732	-0.015947559848427773	0.16448166966438293	0.009359411895275116	-0.06761805713176727	-0.028882067650556564	-0.07193989306688309	-0.07250215858221054	0.04543827474117279	-0.015443217009305954	-0.23626163601875305	0.01782657764852047	0.26581284403800964	0.09899436682462692	-0.0811660960316658	0.03123830258846283	-0.20845583081245422	0.1292927861213684	-0.08275807648897171	0.20969314873218536	0.03317504748702049	0.2807557284832001	0.022979537025094032	0.041887007653713226	0.1236206591129303	-0.09564357250928879	-0.09378518164157867	-0.015096466057002544	0.13729622960090637	0.0019495021551847458	-0.08581503480672836	0.06965646892786026	-0.13563735783100128	0.015345461666584015	-0.14986073970794678	0.11783524602651596	-0.1480482965707779	-0.04694536328315735	-0.07334865629673004	0.08888301998376846	0.025236735120415688	-0.05234674736857414	0.24445238709449768	0.06610889732837677	0.2988368570804596	-0.09608327597379684	-0.029729869216680527	-0.01682968996465206	-0.0963536873459816	0.08629350364208221	0.08877281099557877	-0.2548385262489319	0.1682453751564026	-0.01796971820294857	-0.11370789259672165	0.12307143956422806	0.15179064869880676
-0.05415252596139908	-0.09731362015008926	0.05194571241736412	-0.00553659163415432	-0.15175893902778625	-0.012794469483196735	0.0390373170375824	0.004225258249789476	-0.04487108066678047	0.09852460026741028	0.037351448088884354	0.03386569768190384	0.1407393515110016	0.0003388742625247687	-0.15014541149139404	0.014459826052188873	0.057090576738119125	0.10660281032323837	-0.008849105797708035	-0.06075453758239746	0.05968165397644043	-0.024438519030809402	0.004204956814646721	0.08449626713991165	-0.13179434835910797	-0.002134911948814988	-0.07244612276554108	-0.01775633916258812	-0.053626928478479385	0.20001815259456635	-0.020886274054646492	0.017919111996889114	-0.08166221529245377	0.07497729361057281	-0.04814353957772255	0.0029862031806260347	-0.03327608108520508	-0.11444205045700073	0.0047659436240792274	0.013603107072412968	-0.05097266286611557	-0.015266401693224907	-0.026352521032094955	-0.08443218469619751	-0.03778832405805588	-0.06266190111637115	-0.05184037983417511	-0.09949227422475815	-0.05123601853847504	-0.02845887467265129	-0.08347418904304504	-0.10221056640148163	-0.08409161865711212	0.05625427886843681	-0.04349922388792038	-0.011190029792487621	0.08501653373241425	-0.04442061111330986	0.01944071613252163	0.016771839931607246	-0.007248962298035622	-0.07684379816055298	-0.04922841489315033	0.0375390350818634
-0.003464240115135908	0.08831239491701126	-0.1018550843000412	-0.15006157755851746	0.01478763297200203	-0.032335326075553894	0.08015965670347214	-0.01884722337126732	-0.015947559848427773	0.16448166966438293	0.009359411895275116	-0.06761805713176727	-0.028882067650556564	-0.07193989306688309	-0.07250215858221054	0.04543827474117279	-0.015443217009305954	-0.23626163601875305	0.01782657764852047	0.26581284403800964	0.09899436682462692	-0.0811660960316658	0.03123830258846283	-0.20845583081245422	0.1292927861213684	-0.08275807648897171	0.20969314873218536	0.03317504748702049	0.2807557284832001	0.022979537025094032	0.041887007653713226	0.1236206591129303	-0.09564357250928879	-0.09378518164157867	-0.015096466057002544	0.13729622960090637	0.0019495021551847458	-0.08581503480672836	0.06965646892786026	-0.13563735783100128	0.015345461666584015	-0.14986073970794678	0.11783524602651596	-0.1480482965707779	-0.04694536328315735	-0.07334865629673004	0.08888301998376846	0.025236735120415688	-0.05234674736857414	0.24445238709449768	0.06610889732837677	0.2988368570804596	-0.09608327597379684	-0.029729869216680527	-0.01682968996465206	-0.0963536873459816	0.08629350364208221	0.08877281099557877	-0.2548385262489319	0.1682453751564026	-0.01796971820294857	-0.11370789259672165	0.12307143956422806	0.15179064869880676
-0.003464240115135908	0.08831239491701126	-0.1018550843000412	-0.15006157755851746	0.01478763297200203	-0.032335326075553894	0.08015965670347214	-0.01884722337126732	-0.015947559848427773	0.16448166966438293	0.009359411895275116	-0.06761805713176727	-0.028882067650556564	-0.07193989306688309	-0.07250215858221054	0.04543827474117279	-0.015443217009305954	-0.23626163601875305	0.01782657764852047	0.26581284403800964	0.09899436682462692	-0.0811660960316658	0.03123830258846283	-0.20845583081245422	0.1292927861213684	-0.08275807648897171	0.20969314873218536	0.03317504748702049	0.2807557284832001	0.022979537025094032	0.041887007653713226	0.1236206591129303	-0.09564357250928879	-0.09378518164157867	-0.015096466057002544	0.13729622960090637	0.0019495021551847458	-0.08581503480672836	0.06965646892786026	-0.13563735783100128	0.015345461666584015	-0.14986073970794678	0.11783524602651596	-0.1480482965707779	-0.04694536328315735	-0.07334865629673004	0.08888301998376846	0.025236735120415688	-0.05234674736857414	0.24445238709449768	0.06610889732837677	0.2988368570804596	-0.09608327597379684	-0.029729869216680527	-0.01682968996465206	-0.0963536873459816	0.08629350364208221	0.08877281099557877	-0.2548385262489319	0.1682453751564026	-0.01796971820294857	-0.11370789259672165	0.12307143956422806	0.15179064869880676
-0.003464240115135908	0.08831239491701126	-0.1018550843000412	-0.15006157755851746	0.01478763297200203	-0.032335326075553894	0.08015965670347214	-0.01884722337126732	-0.015947559848427773	0.16448166966438293	0.009359411895275116	-0.06761805713176727	-0.028882067650556564	-0.07193989306688309	-0.07250215858221054	0.04543827474117279	-0.015443217009305954	-0.23626163601875305	0.01782657764852047	0.26581284403800964	0.09899436682462692	-0.0811660960316658	0.03123830258846283	-0.20845583081245422	0.1292927861213684	-0.08275807648897171	0.20969314873218536	0.03317504748702049	0.2807557284832001	0.022979537025094032	0.041887007653713226	0.1236206591129303	-0.09564357250928879	-0.09378518164157867	-0.015096466057002544	0.13729622960090637	0.0019495021551847458	-0.08581503480672836	0.06965646892786026	-0.13563735783100128	0.015345461666584015	-0.14986073970794678	0.11783524602651596	-0.1480482965707779	-0.04694536328315735	-0.07334865629673004	0.08888301998376846	0.025236735120415688	-0.05234674736857414	0.24445238709449768	0.06610889732837677	0.2988368570804596	-0.09608327597379684	-0.029729869216680527	-0.01682968996465206	-0.0963536873459816	0.08629350364208221	0.08877281099557877	-0.2548385262489319	0.1682453751564026	-0.01796971820294857	-0.11370789259672165	0.12307143956422806	0.15179064869880676
-0.05415252596139908	-0.09731362015008926	0.05194571241736412	-0.00553659163415432	-0.15175893902778625	-0.012794469483196735	0.0390373170375824	0.004225258249789476	-0.04487108066678047	0.09852460026741028	0.037351448088884354	0.03386569768190384	0.1407393515110016	0.0003388742625247687	-0.15014541149139404	0.014459826052188873	0.057090576738119125	0.10660281032323837	-0.008849105797708035	-0.06075453758239746	0.05968165397644043	-0.024438519030809402	0.004204956814646721	0.08449626713991165	-0.13179434835910797	-0.002134911948814988	-0.07244612276554108	-0.01775633916258812	-0.053626928478479385	0.20001815259456635	-0.020886274054646492	0.017919111996889114	-0.08166221529245377	0.07497729361057281	-0.04814353957772255	0.0029862031806260347	-0.03327608108520508	-0.11444205045700073	0.0047659436240792274	0.013603107072412968	-0.05097266286611557	-0.015266401693224907	-0.026352521032094955	-0.08443218469619751	-0.03778832405805588	-0.06266190111637115	-0.05184037983417511	-0.09949227422475815	-0.05123601853847504	-0.02845887467265129	-0.08347418904304504	-0.10221056640148163	-0.08409161865711212	0.05625427886843681	-0.04349922388792038	-0.011190029792487621	0.08501653373241425	-0.04442061111330986	0.01944071613252163	0.016771839931607246	-0.007248962298035622	-0.07684379816055298	-0.04922841489315033	0.0375390350818634
-0.05415252596139908	-0.09731362015008926	0.05194571241736412	-0.00553659163415432	-0.15175893902778625	-0.012794469483196735	0.0390373170375824	0.004225258249789476	-0.04487108066678047	0.09852460026741028	0.037351448088884354	0.03386569768190384	0.1407393515110016	0.0003388742625247687	-0.15014541149139404	0.014459826052188873	0.057090576738119125	0.10660281032323837	-0.008849105797708035	-0.06075453758239746	0.05968165397644043	-0.024438519030809402	0.004204956814646721	0.08449626713991165	-0.13179434835910797	-0.002134911948814988	-0.07244612276554108	-0.01775633916258812	-0.053626928478479385	0.20001815259456635	-0.020886274054646492	0.017919111996889114	-0.08166221529245377	0.07497729361057281	-0.04814353957772255	0.0029862031806260347	-0.03327608108520508	-0.11444205045700073	0.0047659436240792274	0.013603107072412968	-0.05097266286611557	-0.015266401693224907	-0.026352521032094955	-0.08443218469619751	-0.03778832405805588	-0.06266190111637115	-0.05184037983417511	-0.09949227422475815	-0.05123601853847504	-0.02845887467265129	-0.08347418904304504	-0.10221056640148163	-0.08409161865711212	0.05625427886843681	-0.04349922388792038	-0.011190029792487621	0.08501653373241425	-0.04442061111330986	0.01944071613252163	0.016771839931607246	-0.007248962298035622	-0.07684379816055298	-0.04922841489315033	0.0375390350818634
-0.05415252596139908	-0.09731362015008926	0.05194571241736412	-0.00553659163415432	-0.15175893902778625	-0.012794469483196735	0.0390373170375824	0.004225258249789476	-0.04487108066678047	0.09852460026741028	0.037351448088884354	0.03386569768190384	0.1407393515110016	0.0003388742625247687	-0.15014541149139404	0.014459826052188873	0.057090576738119125	0.10660281032323837	-0.008849105797708035	-0.06075453758239746	0.05968165397644043	-0.024438519030809402	0.004204956814646721	0.08449626713991165	-0.13179434835910797	-0.002134911948814988	-0.07244612276554108	-0.01775633916258812	-0.053626928478479385	0.20001815259456635	-0.020886274054646492	0.017919111996889114	-0.08166221529245377	0.07497729361057281	-0.04814353957772255	0.0029862031806260347	-0.03327608108520508	-0.11444205045700073	0.0047659436240792274	0.013603107072412968	-0.05097266286611557	-0.015266401693224907	-0.026352521032094955	-0.08443218469619751	-0.03778832405805588	-0.06266190111637115	-0.05184037983417511	-0.09949227422475815	-0.05123601853847504	-0.02845887467265129	-0.08347418904304504	-0.10221056640148163	-0.08409161865711212	0.05625427886843681	-0.04349922388792038	-0.011190029792487621	0.08501653373241425	-0.04442061111330986	0.01944071613252163	0.016771839931607246	-0.007248962298035622	-0.07684379816055298	-0.04922841489315033	0.0375390350818634
-0.05415252596139908	-0.09731362015008926	0.05194571241736412	-0.00553659163415432	-0.15175893902778625	-0.012794469483196735	0.0390373170375824	0.004225258249789476	-0.04487108066678047	0.09852460026741028	0.037351448088884354	0.03386569768190384	0.1407393515110016	0.0003388742625247687	-0.15014541149139404	0.014459826052188873	0.057090576738119125	0.10660281032323837	-0.008849105797708035	-0.06075453758239746	0.05968165397644043	-0.024438519030809402	0.004204956814646721	0.08449626713991165	-0.13179434835910797	-0.002134911948814988	-0.07244612276554108	-0.01775633916258812	-0.053626928478479385	0.20001815259456635	-0.020886274054646492	0.017919111996889114	-0.08166221529245377	0.07497729361057281	-0.04814353957772255	0.0029862031806260347	-0.03327608108520508	-0.11444205045700073	0.0047659436240792274	0.013603107072412968	-0.05097266286611557	-0.015266401693224907	-0.026352521032094955	-0.08443218469619751	-0.03778832405805588	-0.06266190111637115	-0.05184037983417511	-0.09949227422475815	-0.05123601853847504	-0.02845887467265129	-0.08347418904304504	-0.10221056640148163	-0.08409161865711212	0.05625427886843681	-0.04349922388792038	-0.011190029792487621	0.08501653373241425	-0.04442061111330986	0.01944071613252163	0.016771839931607246	-0.007248962298035622	-0.07684379816055298	-0.04922841489315033	0.0375390350818634
-0.003464240115135908	0.08831239491701126	-0.1018550843000412	-0.15006157755851746	0.01478763297200203	-0.032335326075553894	0.08015965670347214	-0.01884722337126732	-0.015947559848427773	0.16448166966438293	0.009359411895275116	-0.06761805713176727	-0.028882067650556564	-0.07193989306688309	-0.07250215858221054	0.04543827474117279	-0.015443217009305954	-0.23626163601875305	0.01782657764852047	0.26581284403800964	0.09899436682462692	-0.0811660960316658	0.03123830258846283	-0.20845583081245422	0.1292927861213684	-0.08275807648897171	0.20969314873218536	0.03317504748702049	0.2807557284832001	0.022979537025094032	0.041887007653713226	0.1236206591129303	-0.09564357250928879	-0.09378518164157867	-0.015096466057002544	0.13729622960090637	0.0019495021551847458	-0.08581503480672836	0.06965646892786026	-0.13563735783100128	0.015345461666584015	-0.14986073970794678	0.11783524602651596	-0.1480482965707779	-0.04694536328315735	-0.07334865629673004	0.08888301998376846	0.025236735120415688	-0.05234674736857414	0.24445238709449768	0.06610889732837677	0.2988368570804596	-0.09608327597379684	-0.029729869216680527	-0.01682968996465206	-0.0963536873459816	0.08629350364208221	0.08877281099557877	-0.2548385262489319	0.1682453751564026	-0.01796971820294857	-0.11370789259672165	0.12307143956422806	0.15179064869880676
-0.003464240115135908	0.08831239491701126	-0.1018550843000412	-0.15006157755851746	0.01478763297200203	-0.032335326075553894	0.08015965670347214	-0.01884722337126732	-0.015947559848427773	0.16448166966438293	0.009359411895275116	-0.06761805713176727	-0.028882067650556564	-0.07193989306688309	-0.07250215858221054	0.04543827474117279	-0.015443217009305954	-0.23626163601875305	0.01782657764852047	0.26581284403800964	0.09899436682462692	-0.0811660960316658	0.03123830258846283	-0.20845583081245422	0.1292927861213684	-0.08275807648897171	0.20969314873218536	0.03317504748702049	0.2807557284832001	0.022979537025094032	0.041887007653713226	0.1236206591129303	-0.09564357250928879	-0.09378518164157867	-0.015096466057002544	0.13729622960090637	0.0019495021551847458	-0.08581503480672836	0.06965646892786026	-0.13563735783100128	0.015345461666584015	-0.14986073970794678	0.11783524602651596	-0.1480482965707779	-0.04694536328315735	-0.07334865629673004	0.08888301998376846	0.025236735120415688	-0.05234674736857414	0.24445238709449768	0.06610889732837677	0.2988368570804596	-0.09608327597379684	-0.029729869216680527	-0.01682968996465206	-0.0963536873459816	0.08629350364208221	0.08877281099557877	-0.2548385262489319	0.1682453751564026	-0.01796971820294857	-0.11370789259672165	0.12307143956422806	0.15179064869880676
-0.05415252596139908	-0.09731362015008926	0.05194571241736412	-0.00553659163415432	-0.15175893902778625	-0.012794469483196735	0.0390373170375824	0.004225258249789476	-0.04487108066678047	0.09852460026741028	0.037351448088884354	0.03386569768190384	0.1407393515110016	0.0003388742625247687	-0.15014541149139404	0.014459826052188873	0.057090576738119125	0.10660281032323837	-0.008849105797708035	-0.06075453758239746	0.05968165397644043	-0.024438519030809402	0.004204956814646721	0.08449626713991165	-0.13179434835910797	-0.002134911948814988	-0.07244612276554108	-0.01775633916258812	-0.053626928478479385	0.20001815259456635	-0.020886274054646492	0.017919111996889114	-0.08166221529245377	0.07497729361057281	-0.04814353957772255	0.0029862031806260347	-0.03327608108520508	-0.11444205045700073	0.0047659436240792274	0.013603107072412968	-0.05097266286611557	-0.015266401693224907	-0.026352521032094955	-0.08443218469619751	-0.03778832405805588	-0.06266190111637115	-0.05184037983417511	-0.09949227422475815	-0.05123601853847504	-0.02845887467265129	-0.08347418904304504	-0.10221056640148163	-0.08409161865711212	0.05625427886843681	-0.04349922388792038	-0.011190029792487621	0.08501653373241425	-0.04442061111330986	0.01944071613252163	0.016771839931607246	-0.007248962298035622	-0.07684379816055298	-0.04922841489315033	0.0375390350818634
0.0018514028051868081	0.11328211426734924	0.05344918370246887	-0.004046923015266657	0.08266754448413849	-0.06648490577936172	-0.07230626046657562	0.12365542352199554	0.02293311059474945	-0.10998935997486115	0.022657882422208786	0.030075185000896454	-0.04746422544121742	0.016057088971138	0.023385774344205856	0.00765840383246541	-0.05613330006599426	-0.17502257227897644	0.045762866735458374	-0.23528790473937988	0.058267515152692795	-0.032522737979888916	-0.036832600831985474	-0.13222073018550873	-0.11858516931533813	-0.2811451256275177	-0.1042243167757988	-0.19501109421253204	-0.13811789453029633	-0.029889928176999092	-0.1785094439983368	0.00203124457038939	0.08209681510925293	-0.14856106042861938	0.11313872784376144	-0.09366440773010254	-0.10780429095029831	-0.06410732865333557	-0.08783255517482758	0.09634910523891449	-0.053974639624357224	0.06041334196925163	-0.03139685094356537	-0.023543374612927437	0.0629095658659935	-0.03406220301985741	-0.05682852864265442	0.05941826105117798	-0.00045474423677660525	0.02140909805893898	-0.1524900496006012	-0.09228654205799103	0.14573417603969574	-0.015750238671898842	0.12338367849588394	0.052041035145521164	-0.13938377797603607	0.0022348721977323294	0.18074361979961395	-0.0013945653336122632	0.06844683736562729	0.16830310225486755	-0.001240418991073966	-0.15712019801139832
-0.05415252596139908	-0.09731362015008926	0.05194571241736412	-0.00553659163415432	-0.15175893902778625	-0.012794469483196735	0.0390373170375824	0.004225258249789476	-0.04487108066678047	0.09852460026741028	0.037351448088884354	0.03386569768190384	0.1407393515110016	0.0003388742625247687	-0.15014541149139404	0.014459826052188873	0.057090576738119125	0.10660281032323837	-0.008849105797708035	-0.06075453758239746	0.05968165397644043	-0.024438519030809402	0.004204956814646721	0.08449626713991165	-0.13179434835910797	-0.002134911948814988	-0.07244612276554108	-0.01775633916258812	-0.053626928478479385	0.20001815259456635	-0.020886274054646492	0.017919111996889114	-0.08166221529245377	0.07497729361057281	-0.04814353957772255	0.0029862031806260347	-0.03327608108520508	-0.11444205045700073	0.0047659436240792274	0.013603107072412968	-0.05097266286611557	-0.015266401693224907	-0.026352521032094955	-0.08443218469619751	-0.03778832405805588	-0.06266190111637115	-0.05184037983417511	-0.09949227422475815	-0.05123601853847504	-0.02845887467265129	-0.08347418904304504	-0.10221056640148163	-0.08409161865711212	0.05625427886843681	-0.04349922388792038	-0.011190029792487621	0.08501653373241425	-0.04442061111330986	0.01944071613252163	0.016771839931607246	-0.007248962298035622	-0.07684379816055298	-0.04922841489315033	0.0375390350818634
-0.05415252596139908	-0.09731362015008926	0.05194571241736412	-0.00553659163415432	-0.15175893902778625	-0.012794469483196735	0.0390373170375824	0.004225258249789476	-0.04487108066678047	0.09852460026741028	0.037351448088884354	0.03386569768190384	0.1407393515110016	0.0003388742625247687	-0.15014541149139404	0.014459826052188873	0.057090576738119125	0.10660281032323837	-0.008849105797708035	-0.06075453758239746	0.05968165397644043	-0.024438519030809402	0.004204956814646721	0.08449626713991165	-0.13179434835910797	-0.002134911948814988	-0.07244612276554108	-0.01775633916258812	-0.053626928478479385	0.20001815259456635	-0.020886274054646492	0.017919111996889114	-0.08166221529245377	0.07497729361057281	-0.04814353957772255	0.0029862031806260347	-0.03327608108520508	-0.11444205045700073	0.0047659436240792274	0.013603107072412968	-0.05097266286611557	-0.015266401693224907	-0.026352521032094955	-0.08443218469619751	-0.03778832405805588	-0.06266190111637115	-0.05184037983417511	-0.09949227422475815	-0.05123601853847504	-0.02845887467265129	-0.08347418904304504	-0.10221056640148163	-0.08409161865711212	0.05625427886843681	-0.04349922388792038	-0.011190029792487621	0.08501653373241425	-0.04442061111330986	0.01944071613252163	0.016771839931607246	-0.007248962298035622	-0.07684379816055298	-0.04922841489315033	0.0375390350818634
-0.003464240115135908	0.08831239491701126	-0.1018550843000412	-0.15006157755851746	0.01478763297200203	-0.032335326075553894	0.08015965670347214	-0.01884722337126732	-0.015947559848427773	0.16448166966438293	0.009359411895275116	-0.06761805713176727	-0.028882067650556564	-0.07193989306688309	-0.07250215858221054	0.04543827474117279	-0.015443217009305954	-0.23626163601875305	0.01782657764852047	0.26581284403800964	0.09899436682462692	-0.0811660960316658	0.03123830258846283	-0.20845583081245422	0.1292927861213684	-0.08275807648897171	0.20969314873218536	0.03317504748702049	0.2807557284832001	0.022979537025094032	0.041887007653713226	0.1236206591129303	-0.09564357250928879	-0.09378518164157867	-0.015096466057002544	0.13729622960090637	0.0019495021551847458	-0.08581503480672836	0.06965646892786026	-0.13563735783100128	0.015345461666584015	-0.14986073970794678	0.11783524602651596	-0.1480482965707779	-0.04694536328315735	-0.07334865629673004	0.08888301998376846	0.025236735120415688	-0.05234674736857414	0.24445238709449768	0.06610889732837677	0.2988368570804596	-0.09608327597379684	-0.029729869216680527	-0.01682968996465206	-0.0963536873459816	0.08629350364208221	0.08877281099557877	-0.2548385262489319	0.1682453751564026	-0.01796971820294857	-0.11370789259672165	0.12307143956422806	0.15179064869880676
-0.003464240115135908	0.08831239491701126	-0.1018550843000412	-0.15006157755851746	0.01478763297200203	-0.032335326075553894	0.08015965670347214	-0.01884722337126732	-0.015947559848427773	0.16448166966438293	0.009359411895275116	-0.06761805713176727	-0.028882067650556564	-0.07193989306688309	-0.07250215858221054	0.04543827474117279	-0.015443217009305954	-0.23626163601875305	0.01782657764852047	0.26581284403800964	0.09899436682462692	-0.0811660960316658	0.03123830258846283	-0.20845583081245422	0.1292927861213684	-0.08275807648897171	0.20969314873218536	0.03317504748702049	0.2807557284832001	0.022979537025094032	0.041887007653713226	0.1236206591129303	-0.09564357250928879	-0.09378518164157867	-0.015096466057002544	0.13729622960090637	0.0019495021551847458	-0.08581503480672836	0.06965646892786026	-0.13563735783100128	0.015345461666584015	-0.14986073970794678	0.11783524602651596	-0.1480482965707779	-0.04694536328315735	-0.07334865629673004	0.08888301998376846	0.025236735120415688	-0.05234674736857414	0.24445238709449768	0.06610889732837677	0.2988368570804596	-0.09608327597379684	-0.029729869216680527	-0.01682968996465206	-0.0963536873459816	0.08629350364208221	0.08877281099557877	-0.2548385262489319	0.1682453751564026	-0.01796971820294857	-0.11370789259672165	0.12307143956422806	0.15179064869880676
-0.05415252596139908	-0.09731362015008926	0.05194571241736412	-0.00553659163415432	-0.15175893902778625	-0.012794469483196735	0.0390373170375824	0.004225258249789476	-0.04487108066678047	0.09852460026741028	0.037351448088884354	0.03386569768190384	0.1407393515110016	0.0003388742625247687	-0.15014541149139404	0.014459826052188873	0.057090576738119125	0.10660281032323837	-0.008849105797708035	-0.06075453758239746	0.05968165397644043	-0.024438519030809402	0.004204956814646721	0.08449626713991165	-0.13179434835910797	-0.002134911948814988	-0.07244612276554108	-0.01775633916258812	-0.053626928478479385	0.20001815259456635	-0.020886274054646492	0.017919111996889114	-0.08166221529245377	0.07497729361057281	-0.04814353957772255	0.0029862031806260347	-0.03327608108520508	-0.11444205045700073	0.0047659436240792274	0.013603107072412968	-0.05097266286611557	-0.015266401693224907	-0.026352521032094955	-0.08443218469619751	-0.03778832405805588	-0.06266190111637115	-0.05184037983417511	-0.09949227422475815	-0.05123601853847504	-0.02845887467265129	-0.08347418904304504	-0.10221056640148163	-0.08409161865711212	0.05625427886843681	-0.04349922388792038	-0.011190029792487621	0.08501653373241425	-0.04442061111330986	0.01944071613252163	0.016771839931607246	-0.007248962298035622	-0.07684379816055298	-0.04922841489315033	0.0375390350818634
-0.003464240115135908	0.08831239491701126	-0.1018550843000412	-0.15006157755851746	0.01478763297200203	-0.032335326075553894	0.08015965670347214	-0.01884722337126732	-0.015947559848427773	0.16448166966438293	0.009359411895275116	-0.06761805713176727	-0.028882067650556564	-0.07193989306688309	-0.07250215858221054	0.04543827474117279	-0.015443217009305954	-0.23626163601875305	0.01782657764852047	0.26581284403800964	0.09899436682462692	-0.0811660960316658	0.03123830258846283	-0.20845583081245422	0.1292927861213684	-0.08275807648897171	0.20969314873218536	0.03317504748702049	0.2807557284832001	0.022979537025094032	0.041887007653713226	0.1236206591129303	-0.09564357250928879	-0.09378518164157867	-0.015096466057002544	0.13729622960090637	0.0019495021551847458	-0.08581503480672836	0.06965646892786026	-0.13563735783100128	0.015345461666584015	-0.14986073970794678	0.11783524602651596	-0.1480482965707779	-0.04694536328315735	-0.07334865629673004	0.08888301998376846	0.025236735120415688	-0.05234674736857414	0.24445238709449768	0.06610889732837677	0.2988368570804596	-0.09608327597379684	-0.029729869216680527	-0.01682968996465206	-0.0963536873459816	0.08629350364208221	0.08877281099557877	-0.2548385262489319	0.1682453751564026	-0.01796971820294857	-0.11370789259672165	0.12307143956422806	0.15179064869880676
-0.003464240115135908	0.08831239491701126	-0.1018550843000412	-0.15006157755851746	0.01478763297200203	-0.032335326075553894	0.08015965670347214	-0.01884722337126732	-0.015947559848427773	0.16448166966438293	0.009359411895275116	-0.06761805713176727	-0.028882067650556564	-0.07193989306688309	-0.07250215858221054	0.04543827474117279	-0.015443217009305954	-0.23626163601875305	0.01782657764852047	0.26581284403800964	0.09899436682462692	-0.0811660960316658	0.03123830258846283	-0.20845583081245422	0.1292927861213684	-0.08275807648897171	0.20969314873218536	0.03317504748702049	0.2807557284832001	0.022979537025094032	0.041887007653713226	0.1236206591129303	-0.09564357250928879	-0.09378518164157867	-0.015096466057002544	0.13729622960090637	0.0019495021551847458	-0.08581503480672836	0.06965646892786026	-0.13563735783100128	0.015345461666584015	-0.14986073970794678	0.11783524602651596	-0.1480482965707779	-0.04694536328315735	-0.07334865629673004	0.08888301998376846	0.025236735120415688	-0.05234674736857414	0.24445238709449768	0.06610889732837677	0.2988368570804596	-0.09608327597379684	-0.029729869216680527	-0.01682968996465206	-0.0963536873459816	0.08629350364208221	0.08877281099557877	-0.2548385262489319	0.1682453751564026	-0.01796971820294857	-0.11370789259672165	0.12307143956422806	0.15179064869880676
-0.003464240115135908	0.08831239491701126	-0.1018550843000412	-0.15006157755851746	0.01478763297200203	-0.032335326075553894	0.08015965670347214	-0.01884722337126732	-0.015947559848427773	0.16448166966438293	0.009359411895275116	-0.06761805713176727	-0.028882067650556564	-0.07193989306688309	-0.07250215858221054	0.04543827474117279	-0.015443217009305954	-0.23626163601875305	0.01782657764852047	0.26581284403800964	0.09899436682462692	-0.0811660960316658	0.03123830258846283	-0.20845583081245422	0.1292927861213684	-0.08275807648897171	0.20969314873218536	0.03317504748702049	0.2807557284832001	0.022979537025094032	0.041887007653713226	0.1236206591129303	-0.09564357250928879	-0.09378518164157867	-0.015096466057002544	0.13729622960090637	0.0019495021551847458	-0.08581503480672836	0.06965646892786026	-0.13563735783100128	0.015345461666584015	-0.14986073970794678	0.11783524602651596	-0.1480482965707779	-0.04694536328315735	-0.07334865629673004	0.08888301998376846	0.025236735120415688	-0.05234674736857414	0.24445238709449768	0.06610889732837677	0.2988368570804596	-0.09608327597379684	-0.029729869216680527	-0.01682968996465206	-0.0963536873459816	0.08629350364208221	0.08877281099557877	-0.2548385262489319	0.1682453751564026	-0.01796971820294857	-0.11370789259672165	0.12307143956422806	0.15179064869880676
-0.05415252596139908	-0.09731362015008926	0.05194571241736412	-0.00553659163415432	-0.15175893902778625	-0.012794469483196735	0.0390373170375824	0.004225258249789476	-0.04487108066678047	0.09852460026741028	0.037351448088884354	0.03386569768190384	0.1407393515110016	0.0003388742625247687	-0.15014541149139404	0.014459826052188873	0.057090576738119125	0.10660281032323837	-0.008849105797708035	-0.06075453758239746	0.05968165397644043	-0.024438519030809402	0.004204956814646721	0.08449626713991165	-0.13179434835910797	-0.002134911948814988	-0.07244612276554108	-0.01775633916258812	-0.053626928478479385	0.20001815259456635	-0.020886274054646492	0.017919111996889114	-0.08166221529245377	0.07497729361057281	-0.04814353957772255	0.0029862031806260347	-0.03327608108520508	-0.11444205045700073	0.0047659436240792274	0.013603107072412968	-0.05097266286611557	-0.015266401693224907	-0.026352521032094955	-0.08443218469619751	-0.03778832405805588	-0.06266190111637115	-0.05184037983417511	-0.09949227422475815	-0.05123601853847504	-0.02845887467265129	-0.08347418904304504	-0.10221056640148163	-0.08409161865711212	0.05625427886843681	-0.04349922388792038	-0.011190029792487621	0.08501653373241425	-0.04442061111330986	0.01944071613252163	0.016771839931607246	-0.007248962298035622	-0.07684379816055298	-0.04922841489315033	0.0375390350818634
-0.003464240115135908	0.08831239491701126	-0.1018550843000412	-0.15006157755851746	0.01478763297200203	-0.032335326075553894	0.08015965670347214	-0.01884722337126732	-0.015947559848427773	0.16448166966438293	0.009359411895275116	-0.06761805713176727	-0.028882067650556564	-0.07193989306688309	-0.07250215858221054	0.04543827474117279	-0.015443217009305954	-0.23626163601875305	0.01782657764852047	0.26581284403800964	0.09899436682462692	-0.0811660960316658	0.03123830258846283	-0.20845583081245422	0.1292927861213684	-0.08275807648897171	0.20969314873218536	0.03317504748702049	0.2807557284832001	0.022979537025094032	0.041887007653713226	0.1236206591129303	-0.09564357250928879	-0.09378518164157867	-0.015096466057002544	0.13729622960090637	0.0019495021551847458	-0.08581503480672836	0.06965646892786026	-0.13563735783100128	0.015345461666584015	-0.14986073970794678	0.11783524602651596	-0.1480482965707779	-0.04694536328315735	-0.07334865629673004	0.08888301998376846	0.025236735120415688	-0.05234674736857414	0.24445238709449768	0.06610889732837677	0.2988368570804596	-0.09608327597379684	-0.029729869216680527	-0.01682968996465206	-0.0963536873459816	0.08629350364208221	0.08877281099557877	-0.2548385262489319	0.1682453751564026	-0.01796971820294857	-0.11370789259672165	0.12307143956422806	0.15179064869880676
-0.003464240115135908	0.08831239491701126	-0.1018550843000412	-0.15006157755851746	0.01478763297200203	-0.032335326075553894	0.08015965670347214	-0.01884722337126732	-0.015947559848427773	0.16448166966438293	0.009359411895275116	-0.06761805713176727	-0.028882067650556564	-0.07193989306688309	-0.07250215858221054	0.04543827474117279	-0.015443217009305954	-0.23626163601875305	0.01782657764852047	0.26581284403800964	0.09899436682462692	-0.0811660960316658	0.03123830258846283	-0.20845583081245422	0.1292927861213684	-0.08275807648897171	0.20969314873218536	0.03317504748702049	0.2807557284832001	0.022979537025094032	0.041887007653713226	0.1236206591129303	-0.09564357250928879	-0.09378518164157867	-0.015096466057002544	0.13729622960090637	0.0019495021551847458	-0.08581503480672836	0.06965646892786026	-0.13563735783100128	0.015345461666584015	-0.14986073970794678	0.11783524602651596	-0.1480482965707779	-0.04694536328315735	-0.07334865629673004	0.08888301998376846	0.025236735120415688	-0.05234674736857414	0.24445238709449768	0.06610889732837677	0.2988368570804596	-0.09608327597379684	-0.029729869216680527	-0.01682968996465206	-0.0963536873459816	0.08629350364208221	0.08877281099557877	-0.2548385262489319	0.1682453751564026	-0.01796971820294857	-0.11370789259672165	0.12307143956422806	0.15179064869880676
-0.003464240115135908	0.08831239491701126	-0.1018550843000412	-0.15006157755851746	0.01478763297200203	-0.032335326075553894	0.08015965670347214	-0.01884722337126732	-0.015947559848427773	0.16448166966438293	0.009359411895275116	-0.06761805713176727	-0.028882067650556564	-0.07193989306688309	-0.07250215858221054	0.04543827474117279	-0.015443217009305954	-0.23626163601875305	0.01782657764852047	0.26581284403800964	0.09899436682462692	-0.0811660960316658	0.03123830258846283	-0.20845583081245422	0.1292927861213684	-0.08275807648897171	0.20969314873218536	0.03317504748702049	0.2807557284832001	0.022979537025094032	0.041887007653713226	0.1236206591129303	-0.09564357250928879	-0.09378518164157867	-0.015096466057002544	0.13729622960090637	0.0019495021551847458	-0.08581503480672836	0.06965646892786026	-0.13563735783100128	0.015345461666584015	-0.14986073970794678	0.11783524602651596	-0.1480482965707779	-0.04694536328315735	-0.07334865629673004	0.08888301998376846	0.025236735120415688	-0.05234674736857414	0.24445238709449768	0.06610889732837677	0.2988368570804596	-0.09608327597379684	-0.029729869216680527	-0.01682968996465206	-0.0963536873459816	0.08629350364208221	0.08877281099557877	-0.2548385262489319	0.1682453751564026	-0.01796971820294857	-0.11370789259672165	0.12307143956422806	0.15179064869880676
-0.05415252596139908	-0.09731362015008926	0.05194571241736412	-0.00553659163415432	-0.15175893902778625	-0.012794469483196735	0.0390373170375824	0.004225258249789476	-0.04487108066678047	0.09852460026741028	0.037351448088884354	0.03386569768190384	0.1407393515110016	0.0003388742625247687	-0.15014541149139404	0.014459826052188873	0.057090576738119125	0.10660281032323837	-0.008849105797708035	-0.06075453758239746	0.05968165397644043	-0.024438519030809402	0.004204956814646721	0.08449626713991165	-0.13179434835910797	-0.002134911948814988	-0.07244612276554108	-0.01775633916258812	-0.053626928478479385	0.20001815259456635	-0.020886274054646492	0.017919111996889114	-0.08166221529245377	0.07497729361057281	-0.04814353957772255	0.0029862031806260347	-0.03327608108520508	-0.11444205045700073	0.0047659436240792274	0.013603107072412968	-0.05097266286611557	-0.015266401693224907	-0.026352521032094955	-0.08443218469619751	-0.03778832405805588	-0.06266190111637115	-0.05184037983417511	-0.09949227422475815	-0.05123601853847504	-0.02845887467265129	-0.08347418904304504	-0.10221056640148163	-0.08409161865711212	0.05625427886843681	-0.04349922388792038	-0.011190029792487621	0.08501653373241425	-0.04442061111330986	0.01944071613252163	0.016771839931607246	-0.007248962298035622	-0.07684379816055298	-0.04922841489315033	0.0375390350818634
-0.003464240115135908	0.08831239491701126	-0.1018550843000412	-0.15006157755851746	0.01478763297200203	-0.032335326075553894	0.08015965670347214	-0.01884722337126732	-0.015947559848427773	0.16448166966438293	0.009359411895275116	-0.06761805713176727	-0.028882067650556564	-0.07193989306688309	-0.07250215858221054	0.04543827474117279	-0.015443217009305954	-0.23626163601875305	0.01782657764852047	0.26581284403800964	0.09899436682462692	-0.0811660960316658	0.03123830258846283	-0.20845583081245422	0.1292927861213684	-0.08275807648897171	0.20969314873218536	0.03317504748702049	0.2807557284832001	0.022979537025094032	0.041887007653713226	0.1236206591129303	-0.09564357250928879	-0.09378518164157867	-0.015096466057002544	0.13729622960090637	0.0019495021551847458	-0.08581503480672836	0.06965646892786026	-0.13563735783100128	0.015345461666584015	-0.14986073970794678	0.11783524602651596	-0.1480482965707779	-0.04694536328315735	-0.07334865629673004	0.08888301998376846	0.025236735120415688	-0.05234674736857414	0.24445238709449768	0.06610889732837677	0.2988368570804596	-0.09608327597379684	-0.029729869216680527	-0.01682968996465206	-0.0963536873459816	0.08629350364208221	0.08877281099557877	-0.2548385262489319	0.1682453751564026	-0.01796971820294857	-0.11370789259672165	0.12307143956422806	0.15179064869880676
-0.05415252596139908	-0.09731362015008926	0.05194571241736412	-0.00553659163415432	-0.15175893902778625	-0.012794469483196735	0.0390373170375824	0.004225258249789476	-0.04487108066678047	0.09852460026741028	0.037351448088884354	0.03386569768190384	0.1407393515110016	0.0003388742625247687	-0.15014541149139404	0.014459826052188873	0.057090576738119125	0.10660281032323837	-0.008849105797708035	-0.06075453758239746	0.05968165397644043	-0.024438519030809402	0.004204956814646721	0.08449626713991165	-0.13179434835910797	-0.002134911948814988	-0.07244612276554108	-0.01775633916258812	-0.053626928478479385	0.20001815259456635	-0.020886274054646492	0.017919111996889114	-0.08166221529245377	0.07497729361057281	-0.04814353957772255	0.0029862031806260347	-0.03327608108520508	-0.11444205045700073	0.0047659436240792274	0.013603107072412968	-0.05097266286611557	-0.015266401693224907	-0.026352521032094955	-0.08443218469619751	-0.03778832405805588	-0.06266190111637115	-0.05184037983417511	-0.09949227422475815	-0.05123601853847504	-0.02845887467265129	-0.08347418904304504	-0.10221056640148163	-0.08409161865711212	0.05625427886843681	-0.04349922388792038	-0.011190029792487621	0.08501653373241425	-0.04442061111330986	0.01944071613252163	0.016771839931607246	-0.007248962298035622	-0.07684379816055298	-0.04922841489315033	0.0375390350818634
-0.05415252596139908	-0.09731362015008926	0.05194571241736412	-0.00553659163415432	-0.15175893902778625	-0.012794469483196735	0.0390373170375824	0.004225258249789476	-0.04487108066678047	0.09852460026741028	0.037351448088884354	0.03386569768190384	0.1407393515110016	0.0003388742625247687	-0.15014541149139404	0.014459826052188873	0.057090576738119125	0.10660281032323837	-0.008849105797708035	-0.06075453758239746	0.05968165397644043	-0.024438519030809402	0.004204956814646721	0.08449626713991165	-0.13179434835910797	-0.002134911948814988	-0.07244612276554108	-0.01775633916258812	-0.053626928478479385	0.20001815259456635	-0.020886274054646492	0.017919111996889114	-0.08166221529245377	0.07497729361057281	-0.04814353957772255	0.0029862031806260347	-0.03327608108520508	-0.11444205045700073	0.0047659436240792274	0.013603107072412968	-0.05097266286611557	-0.015266401693224907	-0.026352521032094955	-0.08443218469619751	-0.03778832405805588	-0.06266190111637115	-0.05184037983417511	-0.09949227422475815	-0.05123601853847504	-0.02845887467265129	-0.08347418904304504	-0.10221056640148163	-0.08409161865711212	0.05625427886843681	-0.04349922388792038	-0.011190029792487621	0.08501653373241425	-0.04442061111330986	0.01944071613252163	0.016771839931607246	-0.007248962298035622	-0.07684379816055298	-0.04922841489315033	0.0375390350818634
-0.003464240115135908	0.08831239491701126	-0.1018550843000412	-0.15006157755851746	0.01478763297200203	-0.032335326075553894	0.08015965670347214	-0.01884722337126732	-0.015947559848427773	0.16448166966438293	0.009359411895275116	-0.06761805713176727	-0.028882067650556564	-0.07193989306688309	-0.07250215858221054	0.04543827474117279	-0.015443217009305954	-0.23626163601875305	0.01782657764852047	0.26581284403800964	0.09899436682462692	-0.0811660960316658	0.03123830258846283	-0.20845583081245422	0.1292927861213684	-0.08275807648897171	0.20969314873218536	0.03317504748702049	0.2807557284832001	0.022979537025094032	0.041887007653713226	0.1236206591129303	-0.09564357250928879	-0.09378518164157867	-0.015096466057002544	0.13729622960090637	0.0019495021551847458	-0.08581503480672836	0.06965646892786026	-0.13563735783100128	0.015345461666584015	-0.14986073970794678	0.11783524602651596	-0.1480482965707779	-0.04694536328315735	-0.07334865629673004	0.08888301998376846	0.025236735120415688	-0.05234674736857414	0.24445238709449768	0.06610889732837677	0.2988368570804596	-0.09608327597379684	-0.029729869216680527	-0.01682968996465206	-0.0963536873459816	0.08629350364208221	0.08877281099557877	-0.2548385262489319	0.1682453751564026	-0.01796971820294857	-0.11370789259672165	0.12307143956422806	0.15179064869880676
-0.07583089172840118	0.1548813134431839	-0.023502053692936897	0.046011991798877716	0.09905874729156494	-0.12846434116363525	-0.09718049317598343	-0.012068027630448341	-0.04282863810658455	-0.24094752967357635	-0.0918889120221138	-0.10374733805656433	-0.013719058595597744	0.07049937546253204	-0.26458147168159485	-0.059393465518951416	-0.2310243546962738	0.25690901279449463	-0.1642841398715973	-0.308129221200943	0.14804935455322266	-0.03844616562128067	-0.21360516548156738	0.16822782158851624	-0.004977526143193245	-0.20785857737064362	0.04563566669821739	-0.03671136125922203	-0.12498302757740021	0.16977311670780182	-0.21586531400680542	0.02378316968679428	0.12950335443019867	-0.021169770509004593	-0.04467152804136276	-0.03388182446360588	0.031493861228227615	0.02039790339767933	0.016703100875020027	-0.023359086364507675	-0.21701589226722717	0.13892368972301483	-0.09431672096252441	0.19872047007083893	0.1997494250535965	0.07444683462381363	-0.1734880805015564	-0.01088742446154356	0.0686965361237526	-0.10892776399850845	-0.020133832469582558	-0.0993184968829155	0.033174555748701096	-0.01112400833517313	0.06416906416416168	0.01721571944653988	-0.12926602363586426	-0.0048854900524020195	0.27416375279426575	0.05699137598276138	0.15242566168308258	0.03750953450798988	0.022052280604839325	-0.037245556712150574
-0.05415252596139908	-0.09731362015008926	0.05194571241736412	-0.00553659163415432	-0.15175893902778625	-0.012794469483196735	0.0390373170375824	0.004225258249789476	-0.04487108066678047	0.09852460026741028	0.037351448088884354	0.03386569768190384	0.1407393515110016	0.0003388742625247687	-0.15014541149139404	0.014459826052188873	0.057090576738119125	0.10660281032323837	-0.008849105797708035	-0.06075453758239746	0.05968165397644043	-0.024438519030809402	0.004204956814646721	0.08449626713991165	-0.13179434835910797	-0.002134911948814988	-0.07244612276554108	-0.01775633916258812	-0.053626928478479385	0.20001815259456635	-0.020886274054646492	0.017919111996889114	-0.08166221529245377	0.07497729361057281	-0.04814353957772255	0.0029862031806260347	-0.03327608108520508	-0.11444205045700073	0.0047659436240792274	0.013603107072412968	-0.05097266286611557	-0.015266401693224907	-0.026352521032094955	-0.08443218469619751	-0.03778832405805588	-0.06266190111637115	-0.05184037983417511	-0.09949227422475815	-0.05123601853847504	-0.02845887467265129	-0.08347418904304504	-0.10221056640148163	-0.08409161865711212	0.05625427886843681	-0.04349922388792038	-0.011190029792487621	0.08501653373241425	-0.04442061111330986	0.01944071613252163	0.016771839931607246	-0.007248962298035622	-0.07684379816055298	-0.04922841489315033	0.0375390350818634
-0.05415252596139908	-0.09731362015008926	0.05194571241736412	-0.00553659163415432	-0.15175893902778625	-0.012794469483196735	0.0390373170375824	0.004225258249789476	-0.04487108066678047	0.09852460026741028	0.037351448088884354	0.03386569768190384	0.1407393515110016	0.0003388742625247687	-0.15014541149139404	0.014459826052188873	0.057090576738119125	0.10660281032323837	-0.008849105797708035	-0.06075453758239746	0.05968165397644043	-0.024438519030809402	0.004204956814646721	0.08449626713991165	-0.13179434835910797	-0.002134911948814988	-0.07244612276554108	-0.01775633916258812	-0.053626928478479385	0.20001815259456635	-0.020886274054646492	0.017919111996889114	-0.08166221529245377	0.07497729361057281	-0.04814353957772255	0.0029862031806260347	-0.03327608108520508	-0.11444205045700073	0.0047659436240792274	0.013603107072412968	-0.05097266286611557	-0.015266401693224907	-0.026352521032094955	-0.08443218469619751	-0.03778832405805588	-0.06266190111637115	-0.05184037983417511	-0.09949227422475815	-0.05123601853847504	-0.02845887467265129	-0.08347418904304504	-0.10221056640148163	-0.08409161865711212	0.05625427886843681	-0.04349922388792038	-0.011190029792487621	0.08501653373241425	-0.04442061111330986	0.01944071613252163	0.016771839931607246	-0.007248962298035622	-0.07684379816055298	-0.04922841489315033	0.0375390350818634
-0.05415252596139908	-0.09731362015008926	0.05194571241736412	-0.00553659163415432	-0.15175893902778625	-0.012794469483196735	0.0390373170375824	0.004225258249789476	-0.04487108066678047	0.09852460026741028	0.037351448088884354	0.03386569768190384	0.1407393515110016	0.0003388742625247687	-0.15014541149139404	0.014459826052188873	0.057090576738119125	0.10660281032323837	-0.008849105797708035	-0.06075453758239746	0.05968165397644043	-0.024438519030809402	0.004204956814646721	0.08449626713991165	-0.13179434835910797	-0.002134911948814988	-0.07244612276554108	-0.01775633916258812	-0.053626928478479385	0.20001815259456635	-0.020886274054646492	0.017919111996889114	-0.08166221529245377	0.07497729361057281	-0.04814353957772255	0.0029862031806260347	-0.03327608108520508	-0.11444205045700073	0.0047659436240792274	0.013603107072412968	-0.05097266286611557	-0.015266401693224907	-0.026352521032094955	-0.08443218469619751	-0.03778832405805588	-0.06266190111637115	-0.05184037983417511	-0.09949227422475815	-0.05123601853847504	-0.02845887467265129	-0.08347418904304504	-0.10221056640148163	-0.08409161865711212	0.05625427886843681	-0.04349922388792038	-0.011190029792487621	0.08501653373241425	-0.04442061111330986	0.01944071613252163	0.016771839931607246	-0.007248962298035622	-0.07684379816055298	-0.04922841489315033	0.0375390350818634
0.11929653584957123	-0.0013416704023256898	0.06346648931503296	0.07859935611486435	0.18602889776229858	-0.09999958425760269	-0.09204372018575668	-0.07183012366294861	0.02568877674639225	-0.03807350620627403	0.13054995238780975	-0.07965318113565445	-0.29279208183288574	0.17273642122745514	0.3825731575489044	-0.07860445976257324	-0.1594419628381729	-0.19594918191432953	0.35280442237854004	0.07716010510921478	-0.1617400050163269	-0.12103654444217682	0.10447199642658234	0.015289222821593285	0.12317374348640442	0.18608412146568298	-0.1169435977935791	-0.018949195742607117	0.07766702026128769	-0.30611807107925415	0.00857866182923317	-0.08885952085256577	0.2663250267505646	-0.07047044485807419	-0.015217375010251999	-0.04293941333889961	-0.03440077230334282	0.05162651091814041	0.047778308391571045	-0.10578722506761551	0.16154342889785767	0.03795325383543968	0.12309648841619492	0.21467114984989166	-0.13590018451213837	0.15221019089221954	0.013507218100130558	0.13001225888729095	0.22255493700504303	-0.15607072412967682	0.020780721679329872	-0.08676879853010178	0.0879824161529541	-0.2628805339336395	0.14090432226657867	-0.0421048067510128	-0.1764722317457199	-0.07714303582906723	0.012470999732613564	-0.2303338348865509	0.03822740167379379	0.1674206703901291	-0.05803913250565529	0.15890569984912872
-0.05415252596139908	-0.09731362015008926	0.05194571241736412	-0.00553659163415432	-0.15175893902778625	-0.012794469483196735	0.0390373170375824	0.004225258249789476	-0.04487108066678047	0.09852460026741028	0.037351448088884354	0.03386569768190384	0.1407393515110016	0.0003388742625247687	-0.15014541149139404	0.014459826052188873	0.057090576738119125	0.10660281032323837	-0.008849105797708035	-0.06075453758239746	0.05968165397644043	-0.024438519030809402	0.004204956814646721	0.08449626713991165	-0.13179434835910797	-0.002134911948814988	-0.07244612276554108	-0.01775633916258812	-0.053626928478479385	0.20001815259456635	-0.020886274054646492	0.017919111996889114	-0.08166221529245377	0.07497729361057281	-0.04814353957772255	0.0029862031806260347	-0.03327608108520508	-0.11444205045700073	0.0047659436240792274	0.013603107072412968	-0.05097266286611557	-0.015266401693224907	-0.026352521032094955	-0.08443218469619751	-0.03778832405805588	-0.06266190111637115	-0.05184037983417511	-0.09949227422475815	-0.05123601853847504	-0.02845887467265129	-0.08347418904304504	-0.10221056640148163	-0.08409161865711212	0.05625427886843681	-0.04349922388792038	-0.011190029792487621	0.08501653373241425	-0.04442061111330986	0.01944071613252163	0.016771839931607246	-0.007248962298035622	-0.07684379816055298	-0.04922841489315033	0.0375390350818634
-0.003464240115135908	0.08831239491701126	-0.1018550843000412	-0.15006157755851746	0.01478763297200203	-0.032335326075553894	0.08015965670347214	-0.01884722337126732	-0.015947559848427773	0.16448166966438293	0.009359411895275116	-0.06761805713176727	-0.028882067650556564	-0.07193989306688309	-0.07250215858221054	0.04543827474117279	-0.015443217009305954	-0.23626163601875305	0.01782657764852047	0.26581284403800964	0.09899436682462692	-0.0811660960316658	0.03123830258846283	-0.20845583081245422	0.1292927861213684	-0.08275807648897171	0.20969314873218536	0.03317504748702049	0.2807557284832001	0.022979537025094032	0.041887007653713226	0.1236206591129303	-0.09564357250928879	-0.09378518164157867	-0.015096466057002544	0.13729622960090637	0.0019495021551847458	-0.08581503480672836	0.06965646892786026	-0.13563735783100128	0.015345461666584015	-0.14986073970794678	0.11783524602651596	-0.1480482965707779	-0.04694536328315735	-0.07334865629673004	0.08888301998376846	0.025236735120415688	-0.05234674736857414	0.24445238709449768	0.06610889732837677	0.2988368570804596	-0.09608327597379684	-0.029729869216680527	-0.01682968996465206	-0.0963536873459816	0.08629350364208221	0.08877281099557877	-0.2548385262489319	0.1682453751564026	-0.01796971820294857	-0.11370789259672165	0.12307143956422806	0.15179064869880676
-0.05415252596139908	-0.09731362015008926	0.05194571241736412	-0.00553659163415432	-0.15175893902778625	-0.012794469483196735	0.0390373170375824	0.004225258249789476	-0.04487108066678047	0.09852460026741028	0.037351448088884354	0.03386569768190384	0.1407393515110016	0.0003388742625247687	-0.15014541149139404	0.014459826052188873	0.057090576738119125	0.10660281032323837	-0.008849105797708035	-0.06075453758239746	0.05968165397644043	-0.024438519030809402	0.004204956814646721	0.08449626713991165	-0.13179434835910797	-0.002134911948814988	-0.07244612276554108	-0.01775633916258812	-0.053626928478479385	0.20001815259456635	-0.020886274054646492	0.017919111996889114	-0.08166221529245377	0.07497729361057281	-0.04814353957772255	0.0029862031806260347	-0.03327608108520508	-0.11444205045700073	0.0047659436240792274	0.013603107072412968	-0.05097266286611557	-0.015266401693224907	-0.026352521032094955	-0.08443218469619751	-0.03778832405805588	-0.06266190111637115	-0.05184037983417511	-0.09949227422475815	-0.05123601853847504	-0.02845887467265129	-0.08347418904304504	-0.10221056640148163	-0.08409161865711212	0.05625427886843681	-0.04349922388792038	-0.011190029792487621	0.08501653373241425	-0.04442061111330986	0.01944071613252163	0.016771839931607246	-0.007248962298035622	-0.07684379816055298	-0.04922841489315033	0.0375390350818634
-0.003464240115135908	0.08831239491701126	-0.1018550843000412	-0.15006157755851746	0.01478763297200203	-0.032335326075553894	0.08015965670347214	-0.01884722337126732	-0.015947559848427773	0.16448166966438293	0.009359411895275116	-0.06761805713176727	-0.028882067650556564	-0.07193989306688309	-0.07250215858221054	0.04543827474117279	-0.015443217009305954	-0.23626163601875305	0.01782657764852047	0.26581284403800964	0.09899436682462692	-0.0811660960316658	0.03123830258846283	-0.20845583081245422	0.1292927861213684	-0.08275807648897171	0.20969314873218536	0.03317504748702049	0.2807557284832001	0.022979537025094032	0.041887007653713226	0.1236206591129303	-0.09564357250928879	-0.09378518164157867	-0.015096466057002544	0.13729622960090637	0.0019495021551847458	-0.08581503480672836	0.06965646892786026	-0.13563735783100128	0.015345461666584015	-0.14986073970794678	0.11783524602651596	-0.1480482965707779	-0.04694536328315735	-0.07334865629673004	0.08888301998376846	0.025236735120415688	-0.05234674736857414	0.24445238709449768	0.06610889732837677	0.2988368570804596	-0.09608327597379684	-0.029729869216680527	-0.01682968996465206	-0.0963536873459816	0.08629350364208221	0.08877281099557877	-0.2548385262489319	0.1682453751564026	-0.01796971820294857	-0.11370789259672165	0.12307143956422806	0.15179064869880676
-0.003464240115135908	0.08831239491701126	-0.1018550843000412	-0.15006157755851746	0.01478763297200203	-0.032335326075553894	0.08015965670347214	-0.01884722337126732	-0.015947559848427773	0.16448166966438293	0.009359411895275116	-0.06761805713176727	-0.028882067650556564	-0.07193989306688309	-0.07250215858221054	0.04543827474117279	-0.015443217009305954	-0.23626163601875305	0.01782657764852047	0.26581284403800964	0.09899436682462692	-0.0811660960316658	0.03123830258846283	-0.20845583081245422	0.1292927861213684	-0.08275807648897171	0.20969314873218536	0.03317504748702049	0.2807557284832001	0.022979537025094032	0.041887007653713226	0.1236206591129303	-0.09564357250928879	-0.09378518164157867	-0.015096466057002544	0.13729622960090637	0.0019495021551847458	-0.08581503480672836	0.06965646892786026	-0.13563735783100128	0.015345461666584015	-0.14986073970794678	0.11783524602651596	-0.1480482965707779	-0.04694536328315735	-0.07334865629673004	0.08888301998376846	0.025236735120415688	-0.05234674736857414	0.24445238709449768	0.06610889732837677	0.2988368570804596	-0.09608327597379684	-0.029729869216680527	-0.01682968996465206	-0.0963536873459816	0.08629350364208221	0.08877281099557877	-0.2548385262489319	0.1682453751564026	-0.01796971820294857	-0.11370789259672165	0.12307143956422806	0.15179064869880676
-0.003464240115135908	0.08831239491701126	-0.1018550843000412	-0.15006157755851746	0.01478763297200203	-0.032335326075553894	0.08015965670347214	-0.01884722337126732	-0.015947559848427773	0.16448166966438293	0.009359411895275116	-0.06761805713176727	-0.028882067650556564	-0.07193989306688309	-0.07250215858221054	0.04543827474117279	-0.015443217009305954	-0.23626163601875305	0.01782657764852047	0.26581284403800964	0.09899436682462692	-0.0811660960316658	0.03123830258846283	-0.20845583081245422	0.1292927861213684	-0.08275807648897171	0.20969314873218536	0.03317504748702049	0.2807557284832001	0.022979537025094032	0.041887007653713226	0.1236206591129303	-0.09564357250928879	-0.09378518164157867	-0.015096466057002544	0.13729622960090637	0.0019495021551847458	-0.08581503480672836	0.06965646892786026	-0.13563735783100128	0.015345461666584015	-0.14986073970794678	0.11783524602651596	-0.1480482965707779	-0.04694536328315735	-0.07334865629673004	0.08888301998376846	0.025236735120415688	-0.05234674736857414	0.24445238709449768	0.06610889732837677	0.2988368570804596	-0.09608327597379684	-0.029729869216680527	-0.01682968996465206	-0.0963536873459816	0.08629350364208221	0.08877281099557877	-0.2548385262489319	0.1682453751564026	-0.01796971820294857	-0.11370789259672165	0.12307143956422806	0.15179064869880676
-0.003464240115135908	0.08831239491701126	-0.1018550843000412	-0.15006157755851746	0.01478763297200203	-0.032335326075553894	0.08015965670347214	-0.01884722337126732	-0.015947559848427773	0.16448166966438293	0.009359411895275116	-0.06761805713176727	-0.028882067650556564	-0.07193989306688309	-0.07250215858221054	0.04543827474117279	-0.015443217009305954	-0.23626163601875305	0.01782657764852047	0.26581284403800964	0.09899436682462692	-0.0811660960316658	0.03123830258846283	-0.20845583081245422	0.1292927861213684	-0.08275807648897171	0.20969314873218536	0.03317504748702049	0.2807557284832001	0.022979537025094032	0.041887007653713226	0.1236206591129303	-0.09564357250928879	-0.09378518164157867	-0.015096466057002544	0.13729622960090637	0.0019495021551847458	-0.08581503480672836	0.06965646892786026	-0.13563735783100128	0.015345461666584015	-0.14986073970794678	0.11783524602651596	-0.1480482965707779	-0.04694536328315735	-0.07334865629673004	0.08888301998376846	0.025236735120415688	-0.05234674736857414	0.24445238709449768	0.06610889732837677	0.2988368570804596	-0.09608327597379684	-0.029729869216680527	-0.01682968996465206	-0.0963536873459816	0.08629350364208221	0.08877281099557877	-0.2548385262489319	0.1682453751564026	-0.01796971820294857	-0.11370789259672165	0.12307143956422806	0.15179064869880676
-0.003464240115135908	0.08831239491701126	-0.1018550843000412	-0.15006157755851746	0.01478763297200203	-0.032335326075553894	0.08015965670347214	-0.01884722337126732	-0.015947559848427773	0.16448166966438293	0.009359411895275116	-0.06761805713176727	-0.028882067650556564	-0.07193989306688309	-0.07250215858221054	0.04543827474117279	-0.015443217009305954	-0.23626163601875305	0.01782657764852047	0.26581284403800964	0.09899436682462692	-0.0811660960316658	0.03123830258846283	-0.20845583081245422	0.1292927861213684	-0.08275807648897171	0.20969314873218536	0.03317504748702049	0.2807557284832001	0.022979537025094032	0.041887007653713226	0.1236206591129303	-0.09564357250928879	-0.09378518164157867	-0.015096466057002544	0.13729622960090637	0.0019495021551847458	-0.08581503480672836	0.06965646892786026	-0.13563735783100128	0.015345461666584015	-0.14986073970794678	0.11783524602651596	-0.1480482965707779	-0.04694536328315735	-0.07334865629673004	0.08888301998376846	0.025236735120415688	-0.05234674736857414	0.24445238709449768	0.06610889732837677	0.2988368570804596	-0.09608327597379684	-0.029729869216680527	-0.01682968996465206	-0.0963536873459816	0.08629350364208221	0.08877281099557877	-0.2548385262489319	0.1682453751564026	-0.01796971820294857	-0.11370789259672165	0.12307143956422806	0.15179064869880676
-0.05415252596139908	-0.09731362015008926	0.05194571241736412	-0.00553659163415432	-0.15175893902778625	-0.012794469483196735	0.0390373170375824	0.004225258249789476	-0.04487108066678047	0.09852460026741028	0.037351448088884354	0.03386569768190384	0.1407393515110016	0.0003388742625247687	-0.15014541149139404	0.014459826052188873	0.057090576738119125	0.10660281032323837	-0.008849105797708035	-0.06075453758239746	0.05968165397644043	-0.024438519030809402	0.004204956814646721	0.08449626713991165	-0.13179434835910797	-0.002134911948814988	-0.07244612276554108	-0.01775633916258812	-0.053626928478479385	0.20001815259456635	-0.020886274054646492	0.017919111996889114	-0.08166221529245377	0.07497729361057281	-0.04814353957772255	0.0029862031806260347	-0.03327608108520508	-0.11444205045700073	0.0047659436240792274	0.013603107072412968	-0.05097266286611557	-0.015266401693224907	-0.026352521032094955	-0.08443218469619751	-0.03778832405805588	-0.06266190111637115	-0.05184037983417511	-0.09949227422475815	-0.05123601853847504	-0.02845887467265129	-0.08347418904304504	-0.10221056640148163	-0.08409161865711212	0.05625427886843681	-0.04349922388792038	-0.011190029792487621	0.08501653373241425	-0.04442061111330986	0.01944071613252163	0.016771839931607246	-0.007248962298035622	-0.07684379816055298	-0.04922841489315033	0.0375390350818634
-0.003464240115135908	0.08831239491701126	-0.1018550843000412	-0.15006157755851746	0.01478763297200203	-0.032335326075553894	0.08015965670347214	-0.01884722337126732	-0.015947559848427773	0.16448166966438293	0.009359411895275116	-0.06761805713176727	-0.028882067650556564	-0.07193989306688309	-0.07250215858221054	0.04543827474117279	-0.015443217009305954	-0.23626163601875305	0.01782657764852047	0.26581284403800964	0.09899436682462692	-0.0811660960316658	0.03123830258846283	-0.20845583081245422	0.1292927861213684	-0.08275807648897171	0.20969314873218536	0.03317504748702049	0.2807557284832001	0.022979537025094032	0.041887007653713226	0.1236206591129303	-0.09564357250928879	-0.09378518164157867	-0.015096466057002544	0.13729622960090637	0.0019495021551847458	-0.08581503480672836	0.06965646892786026	-0.13563735783100128	0.015345461666584015	-0.14986073970794678	0.11783524602651596	-0.1480482965707779	-0.04694536328315735	-0.07334865629673004	0.08888301998376846	0.025236735120415688	-0.05234674736857414	0.24445238709449768	0.06610889732837677	0.2988368570804596	-0.09608327597379684	-0.029729869216680527	-0.01682968996465206	-0.0963536873459816	0.08629350364208221	0.08877281099557877	-0.2548385262489319	0.1682453751564026	-0.01796971820294857	-0.11370789259672165	0.12307143956422806	0.15179064869880676
-0.05415252596139908	-0.09731362015008926	0.05194571241736412	-0.00553659163415432	-0.15175893902778625	-0.012794469483196735	0.0390373170375824	0.004225258249789476	-0.04487108066678047	0.09852460026741028	0.037351448088884354	0.03386569768190384	0.1407393515110016	0.0003388742625247687	-0.15014541149139404	0.014459826052188873	0.057090576738119125	0.10660281032323837	-0.008849105797708035	-0.06075453758239746	0.05968165397644043	-0.024438519030809402	0.004204956814646721	0.08449626713991165	-0.13179434835910797	-0.002134911948814988	-0.07244612276554108	-0.01775633916258812	-0.053626928478479385	0.20001815259456635	-0.020886274054646492	0.017919111996889114	-0.08166221529245377	0.07497729361057281	-0.04814353957772255	0.0029862031806260347	-0.03327608108520508	-0.11444205045700073	0.0047659436240792274	0.013603107072412968	-0.05097266286611557	-0.015266401693224907	-0.026352521032094955	-0.08443218469619751	-0.03778832405805588	-0.06266190111637115	-0.05184037983417511	-0.09949227422475815	-0.05123601853847504	-0.02845887467265129	-0.08347418904304504	-0.10221056640148163	-0.08409161865711212	0.05625427886843681	-0.04349922388792038	-0.011190029792487621	0.08501653373241425	-0.04442061111330986	0.01944071613252163	0.016771839931607246	-0.007248962298035622	-0.07684379816055298	-0.04922841489315033	0.0375390350818634
-0.003464240115135908	0.08831239491701126	-0.1018550843000412	-0.15006157755851746	0.01478763297200203	-0.032335326075553894	0.08015965670347214	-0.01884722337126732	-0.015947559848427773	0.16448166966438293	0.009359411895275116	-0.06761805713176727	-0.028882067650556564	-0.07193989306688309	-0.07250215858221054	0.04543827474117279	-0.015443217009305954	-0.23626163601875305	0.01782657764852047	0.26581284403800964	0.09899436682462692	-0.0811660960316658	0.03123830258846283	-0.20845583081245422	0.1292927861213684	-0.08275807648897171	0.20969314873218536	0.03317504748702049	0.2807557284832001	0.022979537025094032	0.041887007653713226	0.1236206591129303	-0.09564357250928879	-0.09378518164157867	-0.015096466057002544	0.13729622960090637	0.0019495021551847458	-0.08581503480672836	0.06965646892786026	-0.13563735783100128	0.015345461666584015	-0.14986073970794678	0.11783524602651596	-0.1480482965707779	-0.04694536328315735	-0.07334865629673004	0.08888301998376846	0.025236735120415688	-0.05234674736857414	0.24445238709449768	0.06610889732837677	0.2988368570804596	-0.09608327597379684	-0.029729869216680527	-0.01682968996465206	-0.0963536873459816	0.08629350364208221	0.08877281099557877	-0.2548385262489319	0.1682453751564026	-0.01796971820294857	-0.11370789259672165	0.12307143956422806	0.15179064869880676
-0.05415252596139908	-0.09731362015008926	0.05194571241736412	-0.00553659163415432	-0.15175893902778625	-0.012794469483196735	0.0390373170375824	0.004225258249789476	-0.04487108066678047	0.09852460026741028	0.037351448088884354	0.03386569768190384	0.1407393515110016	0.0003388742625247687	-0.15014541149139404	0.014459826052188873	0.057090576738119125	0.10660281032323837	-0.008849105797708035	-0.06075453758239746	0.05968165397644043	-0.024438519030809402	0.004204956814646721	0.08449626713991165	-0.13179434835910797	-0.002134911948814988	-0.07244612276554108	-0.01775633916258812	-0.053626928478479385	0.20001815259456635	-0.020886274054646492	0.017919111996889114	-0.08166221529245377	0.07497729361057281	-0.04814353957772255	0.0029862031806260347	-0.03327608108520508	-0.11444205045700073	0.0047659436240792274	0.013603107072412968	-0.05097266286611557	-0.015266401693224907	-0.026352521032094955	-0.08443218469619751	-0.03778832405805588	-0.06266190111637115	-0.05184037983417511	-0.09949227422475815	-0.05123601853847504	-0.02845887467265129	-0.08347418904304504	-0.10221056640148163	-0.08409161865711212	0.05625427886843681	-0.04349922388792038	-0.011190029792487621	0.08501653373241425	-0.04442061111330986	0.01944071613252163	0.016771839931607246	-0.007248962298035622	-0.07684379816055298	-0.04922841489315033	0.0375390350818634
-0.05415252596139908	-0.09731362015008926	0.05194571241736412	-0.00553659163415432	-0.15175893902778625	-0.012794469483196735	0.0390373170375824	0.004225258249789476	-0.04487108066678047	0.09852460026741028	0.037351448088884354	0.03386569768190384	0.1407393515110016	0.0003388742625247687	-0.15014541149139404	0.014459826052188873	0.057090576738119125	0.10660281032323837	-0.008849105797708035	-0.06075453758239746	0.05968165397644043	-0.024438519030809402	0.004204956814646721	0.08449626713991165	-0.13179434835910797	-0.002134911948814988	-0.07244612276554108	-0.01775633916258812	-0.053626928478479385	0.20001815259456635	-0.020886274054646492	0.017919111996889114	-0.08166221529245377	0.07497729361057281	-0.04814353957772255	0.0029862031806260347	-0.03327608108520508	-0.11444205045700073	0.0047659436240792274	0.013603107072412968	-0.05097266286611557	-0.015266401693224907	-0.026352521032094955	-0.08443218469619751	-0.03778832405805588	-0.06266190111637115	-0.05184037983417511	-0.09949227422475815	-0.05123601853847504	-0.02845887467265129	-0.08347418904304504	-0.10221056640148163	-0.08409161865711212	0.05625427886843681	-0.04349922388792038	-0.011190029792487621	0.08501653373241425	-0.04442061111330986	0.01944071613252163	0.016771839931607246	-0.007248962298035622	-0.07684379816055298	-0.04922841489315033	0.0375390350818634
-0.003464240115135908	0.08831239491701126	-0.1018550843000412	-0.15006157755851746	0.01478763297200203	-0.032335326075553894	0.08015965670347214	-0.01884722337126732	-0.015947559848427773	0.16448166966438293	0.009359411895275116	-0.06761805713176727	-0.028882067650556564	-0.07193989306688309	-0.07250215858221054	0.04543827474117279	-0.015443217009305954	-0.23626163601875305	0.01782657764852047	0.26581284403800964	0.09899436682462692	-0.0811660960316658	0.03123830258846283	-0.20845583081245422	0.1292927861213684	-0.08275807648897171	0.20969314873218536	0.03317504748702049	0.2807557284832001	0.022979537025094032	0.041887007653713226	0.1236206591129303	-0.09564357250928879	-0.09378518164157867	-0.015096466057002544	0.13729622960090637	0.0019495021551847458	-0.08581503480672836	0.06965646892786026	-0.13563735783100128	0.015345461666584015	-0.14986073970794678	0.11783524602651596	-0.1480482965707779	-0.04694536328315735	-0.07334865629673004	0.08888301998376846	0.025236735120415688	-0.05234674736857414	0.24445238709449768	0.06610889732837677	0.2988368570804596	-0.09608327597379684	-0.029729869216680527	-0.01682968996465206	-0.0963536873459816	0.08629350364208221	0.08877281099557877	-0.2548385262489319	0.1682453751564026	-0.01796971820294857	-0.11370789259672165	0.12307143956422806	0.15179064869880676
0.08038521558046341	0.0005135754472576082	-0.03376169502735138	0.23375463485717773	0.1294708102941513	0.14429903030395508	-0.07833225280046463	0.06580182909965515	-0.11050254851579666	0.1977536976337433	-0.12655436992645264	-0.30332252383232117	-0.07545731216669083	-0.2094477117061615	0.27855631709098816	0.05201869457960129	-0.21266701817512512	0.06642396748065948	-0.24257884919643402	0.31215059757232666	-0.14309075474739075	0.09932616353034973	0.08049463480710983	0.04576275497674942	0.22676925361156464	0.26980677247047424	-0.007524337153881788	0.31235137581825256	0.1862468272447586	-0.36587899923324585	0.021694915369153023	0.15989486873149872	0.003825615392997861	0.00021981954341754317	-0.04099944978952408	-0.0265986118465662	0.11322177946567535	0.21519088745117188	-0.0234165508300066	0.09166724979877472	0.21209150552749634	0.12371693551540375	0.08245421946048737	0.05577344074845314	0.12155060470104218	-0.11637064814567566	0.18642176687717438	0.16492027044296265	-0.19432726502418518	-0.125377357006073	0.07976943254470825	0.09477081149816513	0.1760140061378479	0.0550137497484684	-0.005199932027608156	-0.07530691474676132	-0.039003636687994	0.03430863097310066	-0.11450127512216568	-0.06632666289806366	0.08638633042573929	-0.14672110974788666	0.10121762752532959	0.058468081057071686
-0.05415252596139908	-0.09731362015008926	0.05194571241736412	-0.00553659163415432	-0.15175893902778625	-0.012794469483196735	0.0390373170375824	0.004225258249789476	-0.04487108066678047	0.09852460026741028	0.037351448088884354	0.03386569768190384	0.1407393515110016	0.0003388742625247687	-0.15014541149139404	0.014459826052188873	0.057090576738119125	0.10660281032323837	-0.008849105797708035	-0.06075453758239746	0.05968165397644043	-0.024438519030809402	0.004204956814646721	0.08449626713991165	-0.13179434835910797	-0.002134911948814988	-0.07244612276554108	-0.01775633916258812	-0.053626928478479385	0.20001815259456635	-0.020886274054646492	0.017919111996889114	-0.08166221529245377	0.07497729361057281	-0.04814353957772255	0.0029862031806260347	-0.03327608108520508	-0.11444205045700073	0.0047659436240792274	0.013603107072412968	-0.05097266286611557	-0.015266401693224907	-0.026352521032094955	-0.08443218469619751	-0.03778832405805588	-0.06266190111637115	-0.05184037983417511	-0.09949227422475815	-0.05123601853847504	-0.02845887467265129	-0.08347418904304504	-0.10221056640148163	-0.08409161865711212	0.05625427886843681	-0.04349922388792038	-0.011190029792487621	0.08501653373241425	-0.04442061111330986	0.01944071613252163	0.016771839931607246	-0.007248962298035622	-0.07684379816055298	-0.04922841489315033	0.0375390350818634
-0.07583089172840118	0.1548813134431839	-0.023502053692936897	0.046011991798877716	0.09905874729156494	-0.12846434116363525	-0.09718049317598343	-0.012068027630448341	-0.04282863810658455	-0.24094752967357635	-0.0918889120221138	-0.10374733805656433	-0.013719058595597744	0.07049937546253204	-0.26458147168159485	-0.059393465518951416	-0.2310243546962738	0.25690901279449463	-0.1642841398715973	-0.308129221200943	0.14804935455322266	-0.03844616562128067	-0.21360516548156738	0.16822782158851624	-0.004977526143193245	-0.20785857737064362	0.04563566669821739	-0.03671136125922203	-0.12498302757740021	0.16977311670780182	-0.21586531400680542	0.02378316968679428	0.12950335443019867	-0.021169770509004593	-0.04467152804136276	-0.03388182446360588	0.031493861228227615	0.02039790339767933	0.016703100875020027	-0.023359086364507675	-0.21701589226722717	0.13892368972301483	-0.09431672096252441	0.19872047007083893	0.1997494250535965	0.07444683462381363	-0.1734880805015564	-0.01088742446154356	0.0686965361237526	-0.10892776399850845	-0.020133832469582558	-0.0993184968829155	0.033174555748701096	-0.01112400833517313	0.06416906416416168	0.01721571944653988	-0.12926602363586426	-0.0048854900524020195	0.27416375279426575	0.05699137598276138	0.15242566168308258	0.03750953450798988	0.022052280604839325	-0.037245556712150574
-0.05415252596139908	-0.09731362015008926	0.05194571241736412	-0.00553659163415432	-0.15175893902778625	-0.012794469483196735	0.0390373170375824	0.004225258249789476	-0.04487108066678047	0.09852460026741028	0.037351448088884354	0.03386569768190384	0.1407393515110016	0.0003388742625247687	-0.15014541149139404	0.014459826052188873	0.057090576738119125	0.10660281032323837	-0.008849105797708035	-0.06075453758239746	0.05968165397644043	-0.024438519030809402	0.004204956814646721	0.08449626713991165	-0.13179434835910797	-0.002134911948814988	-0.07244612276554108	-0.01775633916258812	-0.053626928478479385	0.20001815259456635	-0.020886274054646492	0.017919111996889114	-0.08166221529245377	0.07497729361057281	-0.04814353957772255	0.0029862031806260347	-0.03327608108520508	-0.11444205045700073	0.0047659436240792274	0.013603107072412968	-0.05097266286611557	-0.015266401693224907	-0.026352521032094955	-0.08443218469619751	-0.03778832405805588	-0.06266190111637115	-0.05184037983417511	-0.09949227422475815	-0.05123601853847504	-0.02845887467265129	-0.08347418904304504	-0.10221056640148163	-0.08409161865711212	0.05625427886843681	-0.04349922388792038	-0.011190029792487621	0.08501653373241425	-0.04442061111330986	0.01944071613252163	0.016771839931607246	-0.007248962298035622	-0.07684379816055298	-0.04922841489315033	0.0375390350818634
0.07451340556144714	-0.1302158385515213	-0.045159127563238144	-0.07461479306221008	-0.07400742918252945	0.013103063218295574	-0.12426639348268509	-0.12178903818130493	0.03863939642906189	-0.09348297119140625	0.01893361657857895	0.22222331166267395	0.025319594889879227	0.18991588056087494	0.1271955817937851	0.027260133996605873	0.15950407087802887	-0.09192687273025513	0.10910259187221527	-0.09660732001066208	-0.11986425518989563	0.14745497703552246	-0.025035033002495766	-0.1561252325773239	-0.10498674213886261	0.0496516227722168	-0.10097085684537888	-0.201327845454216	-0.14734335243701935	-0.056778136640787125	0.08707039803266525	-0.1442296802997589	0.15687334537506104	0.09631402790546417	0.003906262572854757	-0.040699947625398636	-0.08437643200159073	-0.05379484221339226	-0.07886885851621628	-0.06739917397499084	0.12578672170639038	-0.14818508923053741	-0.024317879229784012	0.0371248722076416	-0.1066737025976181	0.05503492057323456	-0.05130891129374504	0.050206467509269714	0.060299165546894073	0.057288408279418945	-0.03430918976664543	-0.09074319154024124	-0.005368830636143684	0.02087130770087242	-0.01475684903562069	0.21005770564079285	-0.008122469298541546	-0.040997330099344254	-0.07412511110305786	-0.02632245421409607	-0.1914938986301422	0.21789172291755676	-0.05756014212965965	-0.07012733817100525
-0.05415252596139908	-0.09731362015008926	0.05194571241736412	-0.00553659163415432	-0.15175893902778625	-0.012794469483196735	0.0390373170375824	0.004225258249789476	-0.04487108066678047	0.09852460026741028	0.037351448088884354	0.03386569768190384	0.1407393515110016	0.0003388742625247687	-0.15014541149139404	0.014459826052188873	0.057090576738119125	0.10660281032323837	-0.008849105797708035	-0.06075453758239746	0.05968165397644043	-0.024438519030809402	0.004204956814646721	0.08449626713991165	-0.13179434835910797	-0.002134911948814988	-0.07244612276554108	-0.01775633916258812	-0.053626928478479385	0.20001815259456635	-0.020886274054646492	0.017919111996889114	-0.08166221529245377	0.07497729361057281	-0.04814353957772255	0.0029862031806260347	-0.03327608108520508	-0.11444205045700073	0.0047659436240792274	0.013603107072412968	-0.05097266286611557	-0.015266401693224907	-0.026352521032094955	-0.08443218469619751	-0.03778832405805588	-0.06266190111637115	-0.05184037983417511	-0.09949227422475815	-0.05123601853847504	-0.02845887467265129	-0.08347418904304504	-0.10221056640148163	-0.08409161865711212	0.05625427886843681	-0.04349922388792038	-0.011190029792487621	0.08501653373241425	-0.04442061111330986	0.01944071613252163	0.016771839931607246	-0.007248962298035622	-0.07684379816055298	-0.04922841489315033	0.0375390350818634
-0.003464240115135908	0.08831239491701126	-0.1018550843000412	-0.15006157755851746	0.01478763297200203	-0.032335326075553894	0.08015965670347214	-0.01884722337126732	-0.015947559848427773	0.16448166966438293	0.009359411895275116	-0.06761805713176727	-0.028882067650556564	-0.07193989306688309	-0.07250215858221054	0.04543827474117279	-0.015443217009305954	-0.23626163601875305	0.01782657764852047	0.26581284403800964	0.09899436682462692	-0.0811660960316658	0.03123830258846283	-0.20845583081245422	0.1292927861213684	-0.08275807648897171	0.20969314873218536	0.03317504748702049	0.2807557284832001	0.022979537025094032	0.041887007653713226	0.1236206591129303	-0.09564357250928879	-0.09378518164157867	-0.015096466057002544	0.13729622960090637	0.0019495021551847458	-0.08581503480672836	0.06965646892786026	-0.13563735783100128	0.015345461666584015	-0.14986073970794678	0.11783524602651596	-0.1480482965707779	-0.04694536328315735	-0.07334865629673004	0.08888301998376846	0.025236735120415688	-0.05234674736857414	0.24445238709449768	0.06610889732837677	0.2988368570804596	-0.09608327597379684	-0.029729869216680527	-0.01682968996465206	-0.0963536873459816	0.08629350364208221	0.08877281099557877	-0.2548385262489319	0.1682453751564026	-0.01796971820294857	-0.11370789259672165	0.12307143956422806	0.15179064869880676
-0.07583089172840118	0.1548813134431839	-0.023502053692936897	0.046011991798877716	0.09905874729156494	-0.12846434116363525	-0.09718049317598343	-0.012068027630448341	-0.04282863810658455	-0.24094752967357635	-0.0918889120221138	-0.10374733805656433	-0.013719058595597744	0.07049937546253204	-0.26458147168159485	-0.059393465518951416	-0.2310243546962738	0.25690901279449463	-0.1642841398715973	-0.308129221200943	0.14804935455322266	-0.03844616562128067	-0.21360516548156738	0.16822782158851624	-0.004977526143193245	-0.20785857737064362	0.04563566669821739	-0.03671136125922203	-0.12498302757740021	0.16977311670780182	-0.21586531400680542	0.02378316968679428	0.12950335443019867	-0.021169770509004593	-0.04467152804136276	-0.03388182446360588	0.031493861228227615	0.02039790339767933	0.016703100875020027	-0.023359086364507675	-0.21701589226722717	0.13892368972301483	-0.09431672096252441	0.19872047007083893	0.1997494250535965	0.07444683462381363	-0.1734880805015564	-0.01088742446154356	0.0686965361237526	-0.10892776399850845	-0.020133832469582558	-0.0993184968829155	0.033174555748701096	-0.01112400833517313	0.06416906416416168	0.01721571944653988	-0.12926602363586426	-0.0048854900524020195	0.27416375279426575	0.05699137598276138	0.15242566168308258	0.03750953450798988	0.022052280604839325	-0.037245556712150574
-0.003464240115135908	0.08831239491701126	-0.1018550843000412	-0.15006157755851746	0.01478763297200203	-0.032335326075553894	0.08015965670347214	-0.01884722337126732	-0.015947559848427773	0.16448166966438293	0.009359411895275116	-0.06761805713176727	-0.028882067650556564	-0.07193989306688309	-0.07250215858221054	0.04543827474117279	-0.015443217009305954	-0.23626163601875305	0.01782657764852047	0.26581284403800964	0.09899436682462692	-0.0811660960316658	0.03123830258846283	-0.20845583081245422	0.1292927861213684	-0.08275807648897171	0.20969314873218536	0.03317504748702049	0.2807557284832001	0.022979537025094032	0.041887007653713226	0.1236206591129303	-0.09564357250928879	-0.09378518164157867	-0.015096466057002544	0.13729622960090637	0.0019495021551847458	-0.08581503480672836	0.06965646892786026	-0.13563735783100128	0.015345461666584015	-0.14986073970794678	0.11783524602651596	-0.1480482965707779	-0.04694536328315735	-0.07334865629673004	0.08888301998376846	0.025236735120415688	-0.05234674736857414	0.24445238709449768	0.06610889732837677	0.2988368570804596	-0.09608327597379684	-0.029729869216680527	-0.01682968996465206	-0.0963536873459816	0.08629350364208221	0.08877281099557877	-0.2548385262489319	0.1682453751564026	-0.01796971820294857	-0.11370789259672165	0.12307143956422806	0.15179064869880676
-0.05415252596139908	-0.09731362015008926	0.05194571241736412	-0.00553659163415432	-0.15175893902778625	-0.012794469483196735	0.0390373170375824	0.004225258249789476	-0.04487108066678047	0.09852460026741028	0.037351448088884354	0.03386569768190384	0.1407393515110016	0.0003388742625247687	-0.15014541149139404	0.014459826052188873	0.057090576738119125	0.10660281032323837	-0.008849105797708035	-0.06075453758239746	0.05968165397644043	-0.024438519030809402	0.004204956814646721	0.08449626713991165	-0.13179434835910797	-0.002134911948814988	-0.07244612276554108	-0.01775633916258812	-0.053626928478479385	0.20001815259456635	-0.020886274054646492	0.017919111996889114	-0.08166221529245377	0.07497729361057281	-0.04814353957772255	0.0029862031806260347	-0.03327608108520508	-0.11444205045700073	0.0047659436240792274	0.013603107072412968	-0.05097266286611557	-0.015266401693224907	-0.026352521032094955	-0.08443218469619751	-0.03778832405805588	-0.06266190111637115	-0.05184037983417511	-0.09949227422475815	-0.05123601853847504	-0.02845887467265129	-0.08347418904304504	-0.10221056640148163	-0.08409161865711212	0.05625427886843681	-0.04349922388792038	-0.011190029792487621	0.08501653373241425	-0.04442061111330986	0.01944071613252163	0.016771839931607246	-0.007248962298035622	-0.07684379816055298	-0.04922841489315033	0.0375390350818634
-0.003464240115135908	0.08831239491701126	-0.1018550843000412	-0.15006157755851746	0.01478763297200203	-0.032335326075553894	0.08015965670347214	-0.01884722337126732	-0.015947559848427773	0.16448166966438293	0.009359411895275116	-0.06761805713176727	-0.028882067650556564	-0.07193989306688309	-0.07250215858221054	0.04543827474117279	-0.015443217009305954	-0.23626163601875305	0.01782657764852047	0.26581284403800964	0.09899436682462692	-0.0811660960316658	0.03123830258846283	-0.20845583081245422	0.1292927861213684	-0.08275807648897171	0.20969314873218536	0.03317504748702049	0.2807557284832001	0.022979537025094032	0.041887007653713226	0.1236206591129303	-0.09564357250928879	-0.09378518164157867	-0.015096466057002544	0.13729622960090637	0.0019495021551847458	-0.08581503480672836	0.06965646892786026	-0.13563735783100128	0.015345461666584015	-0.14986073970794678	0.11783524602651596	-0.1480482965707779	-0.04694536328315735	-0.07334865629673004	0.08888301998376846	0.025236735120415688	-0.05234674736857414	0.24445238709449768	0.06610889732837677	0.2988368570804596	-0.09608327597379684	-0.029729869216680527	-0.01682968996465206	-0.0963536873459816	0.08629350364208221	0.08877281099557877	-0.2548385262489319	0.1682453751564026	-0.01796971820294857	-0.11370789259672165	0.12307143956422806	0.15179064869880676
-0.003464240115135908	0.08831239491701126	-0.1018550843000412	-0.15006157755851746	0.01478763297200203	-0.032335326075553894	0.08015965670347214	-0.01884722337126732	-0.015947559848427773	0.16448166966438293	0.009359411895275116	-0.06761805713176727	-0.028882067650556564	-0.07193989306688309	-0.07250215858221054	0.04543827474117279	-0.015443217009305954	-0.23626163601875305	0.01782657764852047	0.26581284403800964	0.09899436682462692	-0.0811660960316658	0.03123830258846283	-0.20845583081245422	0.1292927861213684	-0.08275807648897171	0.20969314873218536	0.03317504748702049	0.2807557284832001	0.022979537025094032	0.041887007653713226	0.1236206591129303	-0.09564357250928879	-0.09378518164157867	-0.015096466057002544	0.13729622960090637	0.0019495021551847458	-0.08581503480672836	0.06965646892786026	-0.13563735783100128	0.015345461666584015	-0.14986073970794678	0.11783524602651596	-0.1480482965707779	-0.04694536328315735	-0.07334865629673004	0.08888301998376846	0.025236735120415688	-0.05234674736857414	0.24445238709449768	0.06610889732837677	0.2988368570804596	-0.09608327597379684	-0.029729869216680527	-0.01682968996465206	-0.0963536873459816	0.08629350364208221	0.08877281099557877	-0.2548385262489319	0.1682453751564026	-0.01796971820294857	-0.11370789259672165	0.12307143956422806	0.15179064869880676
-0.003464240115135908	0.08831239491701126	-0.1018550843000412	-0.15006157755851746	0.01478763297200203	-0.032335326075553894	0.08015965670347214	-0.01884722337126732	-0.015947559848427773	0.16448166966438293	0.009359411895275116	-0.06761805713176727	-0.028882067650556564	-0.07193989306688309	-0.07250215858221054	0.04543827474117279	-0.015443217009305954	-0.23626163601875305	0.01782657764852047	0.26581284403800964	0.09899436682462692	-0.0811660960316658	0.03123830258846283	-0.20845583081245422	0.1292927861213684	-0.08275807648897171	0.20969314873218536	0.03317504748702049	0.2807557284832001	0.022979537025094032	0.041887007653713226	0.1236206591129303	-0.09564357250928879	-0.09378518164157867	-0.015096466057002544	0.13729622960090637	0.0019495021551847458	-0.08581503480672836	0.06965646892786026	-0.13563735783100128	0.015345461666584015	-0.14986073970794678	0.11783524602651596	-0.1480482965707779	-0.04694536328315735	-0.07334865629673004	0.08888301998376846	0.025236735120415688	-0.05234674736857414	0.24445238709449768	0.06610889732837677	0.2988368570804596	-0.09608327597379684	-0.029729869216680527	-0.01682968996465206	-0.0963536873459816	0.08629350364208221	0.08877281099557877	-0.2548385262489319	0.1682453751564026	-0.01796971820294857	-0.11370789259672165	0.12307143956422806	0.15179064869880676
0.08038521558046341	0.0005135754472576082	-0.03376169502735138	0.23375463485717773	0.1294708102941513	0.14429903030395508	-0.07833225280046463	0.06580182909965515	-0.11050254851579666	0.1977536976337433	-0.12655436992645264	-0.30332252383232117	-0.07545731216669083	-0.2094477117061615	0.27855631709098816	0.05201869457960129	-0.21266701817512512	0.06642396748065948	-0.24257884919643402	0.31215059757232666	-0.14309075474739075	0.09932616353034973	0.08049463480710983	0.04576275497674942	0.22676925361156464	0.26980677247047424	-0.007524337153881788	0.31235137581825256	0.1862468272447586	-0.36587899923324585	0.021694915369153023	0.15989486873149872	0.003825615392997861	0.00021981954341754317	-0.04099944978952408	-0.0265986118465662	0.11322177946567535	0.21519088745117188	-0.0234165508300066	0.09166724979877472	0.21209150552749634	0.12371693551540375	0.08245421946048737	0.05577344074845314	0.12155060470104218	-0.11637064814567566	0.18642176687717438	0.16492027044296265	-0.19432726502418518	-0.125377357006073	0.07976943254470825	0.09477081149816513	0.1760140061378479	0.0550137497484684	-0.005199932027608156	-0.07530691474676132	-0.039003636687994	0.03430863097310066	-0.11450127512216568	-0.06632666289806366	0.08638633042573929	-0.14672110974788666	0.10121762752532959	0.058468081057071686
-0.003464240115135908	0.08831239491701126	-0.1018550843000412	-0.15006157755851746	0.01478763297200203	-0.032335326075553894	0.08015965670347214	-0.01884722337126732	-0.015947559848427773	0.16448166966438293	0.009359411895275116	-0.06761805713176727	-0.028882067650556564	-0.07193989306688309	-0.07250215858221054	0.04543827474117279	-0.015443217009305954	-0.23626163601875305	0.01782657764852047	0.26581284403800964	0.09899436682462692	-0.0811660960316658	0.03123830258846283	-0.20845583081245422	0.1292927861213684	-0.08275807648897171	0.20969314873218536	0.03317504748702049	0.2807557284832001	0.022979537025094032	0.041887007653713226	0.1236206591129303	-0.09564357250928879	-0.09378518164157867	-0.015096466057002544	0.13729622960090637	0.0019495021551847458	-0.08581503480672836	0.06965646892786026	-0.13563735783100128	0.015345461666584015	-0.14986073970794678	0.11783524602651596	-0.1480482965707779	-0.04694536328315735	-0.07334865629673004	0.08888301998376846	0.025236735120415688	-0.05234674736857414	0.24445238709449768	0.06610889732837677	0.2988368570804596	-0.09608327597379684	-0.029729869216680527	-0.01682968996465206	-0.0963536873459816	0.08629350364208221	0.08877281099557877	-0.2548385262489319	0.1682453751564026	-0.01796971820294857	-0.11370789259672165	0.12307143956422806	0.15179064869880676
-0.05415252596139908	-0.09731362015008926	0.05194571241736412	-0.00553659163415432	-0.15175893902778625	-0.012794469483196735	0.0390373170375824	0.004225258249789476	-0.04487108066678047	0.09852460026741028	0.037351448088884354	0.03386569768190384	0.1407393515110016	0.0003388742625247687	-0.15014541149139404	0.014459826052188873	0.057090576738119125	0.10660281032323837	-0.008849105797708035	-0.06075453758239746	0.05968165397644043	-0.024438519030809402	0.004204956814646721	0.08449626713991165	-0.13179434835910797	-0.002134911948814988	-0.07244612276554108	-0.01775633916258812	-0.053626928478479385	0.20001815259456635	-0.020886274054646492	0.017919111996889114	-0.08166221529245377	0.07497729361057281	-0.04814353957772255	0.0029862031806260347	-0.03327608108520508	-0.11444205045700073	0.0047659436240792274	0.013603107072412968	-0.05097266286611557	-0.015266401693224907	-0.026352521032094955	-0.08443218469619751	-0.03778832405805588	-0.06266190111637115	-0.05184037983417511	-0.09949227422475815	-0.05123601853847504	-0.02845887467265129	-0.08347418904304504	-0.10221056640148163	-0.08409161865711212	0.05625427886843681	-0.04349922388792038	-0.011190029792487621	0.08501653373241425	-0.04442061111330986	0.01944071613252163	0.016771839931607246	-0.007248962298035622	-0.07684379816055298	-0.04922841489315033	0.0375390350818634
-0.003464240115135908	0.08831239491701126	-0.1018550843000412	-0.15006157755851746	0.01478763297200203	-0.032335326075553894	0.08015965670347214	-0.01884722337126732	-0.015947559848427773	0.16448166966438293	0.009359411895275116	-0.06761805713176727	-0.028882067650556564	-0.07193989306688309	-0.07250215858221054	0.04543827474117279	-0.015443217009305954	-0.23626163601875305	0.01782657764852047	0.26581284403800964	0.09899436682462692	-0.0811660960316658	0.03123830258846283	-0.20845583081245422	0.1292927861213684	-0.08275807648897171	0.20969314873218536	0.03317504748702049	0.2807557284832001	0.022979537025094032	0.041887007653713226	0.1236206591129303	-0.09564357250928879	-0.09378518164157867	-0.015096466057002544	0.13729622960090637	0.0019495021551847458	-0.08581503480672836	0.06965646892786026	-0.13563735783100128	0.015345461666584015	-0.14986073970794678	0.11783524602651596	-0.1480482965707779	-0.04694536328315735	-0.07334865629673004	0.08888301998376846	0.025236735120415688	-0.05234674736857414	0.24445238709449768	0.06610889732837677	0.2988368570804596	-0.09608327597379684	-0.029729869216680527	-0.01682968996465206	-0.0963536873459816	0.08629350364208221	0.08877281099557877	-0.2548385262489319	0.1682453751564026	-0.01796971820294857	-0.11370789259672165	0.12307143956422806	0.15179064869880676
-0.05415252596139908	-0.09731362015008926	0.05194571241736412	-0.00553659163415432	-0.15175893902778625	-0.012794469483196735	0.0390373170375824	0.004225258249789476	-0.04487108066678047	0.09852460026741028	0.037351448088884354	0.03386569768190384	0.1407393515110016	0.0003388742625247687	-0.15014541149139404	0.014459826052188873	0.057090576738119125	0.10660281032323837	-0.008849105797708035	-0.06075453758239746	0.05968165397644043	-0.024438519030809402	0.004204956814646721	0.08449626713991165	-0.13179434835910797	-0.002134911948814988	-0.07244612276554108	-0.01775633916258812	-0.053626928478479385	0.20001815259456635	-0.020886274054646492	0.017919111996889114	-0.08166221529245377	0.07497729361057281	-0.04814353957772255	0.0029862031806260347	-0.03327608108520508	-0.11444205045700073	0.0047659436240792274	0.013603107072412968	-0.05097266286611557	-0.015266401693224907	-0.026352521032094955	-0.08443218469619751	-0.03778832405805588	-0.06266190111637115	-0.05184037983417511	-0.09949227422475815	-0.05123601853847504	-0.02845887467265129	-0.08347418904304504	-0.10221056640148163	-0.08409161865711212	0.05625427886843681	-0.04349922388792038	-0.011190029792487621	0.08501653373241425	-0.04442061111330986	0.01944071613252163	0.016771839931607246	-0.007248962298035622	-0.07684379816055298	-0.04922841489315033	0.0375390350818634
-0.003464240115135908	0.08831239491701126	-0.1018550843000412	-0.15006157755851746	0.01478763297200203	-0.032335326075553894	0.08015965670347214	-0.01884722337126732	-0.015947559848427773	0.16448166966438293	0.009359411895275116	-0.06761805713176727	-0.028882067650556564	-0.07193989306688309	-0.07250215858221054	0.04543827474117279	-0.015443217009305954	-0.23626163601875305	0.01782657764852047	0.26581284403800964	0.09899436682462692	-0.0811660960316658	0.03123830258846283	-0.20845583081245422	0.1292927861213684	-0.08275807648897171	0.20969314873218536	0.03317504748702049	0.2807557284832001	0.022979537025094032	0.041887007653713226	0.1236206591129303	-0.09564357250928879	-0.09378518164157867	-0.015096466057002544	0.13729622960090637	0.0019495021551847458	-0.08581503480672836	0.06965646892786026	-0.13563735783100128	0.015345461666584015	-0.14986073970794678	0.11783524602651596	-0.1480482965707779	-0.04694536328315735	-0.07334865629673004	0.08888301998376846	0.025236735120415688	-0.05234674736857414	0.24445238709449768	0.06610889732837677	0.2988368570804596	-0.09608327597379684	-0.029729869216680527	-0.01682968996465206	-0.0963536873459816	0.08629350364208221	0.08877281099557877	-0.2548385262489319	0.1682453751564026	-0.01796971820294857	-0.11370789259672165	0.12307143956422806	0.15179064869880676
-0.003464240115135908	0.08831239491701126	-0.1018550843000412	-0.15006157755851746	0.01478763297200203	-0.032335326075553894	0.08015965670347214	-0.01884722337126732	-0.015947559848427773	0.16448166966438293	0.009359411895275116	-0.06761805713176727	-0.028882067650556564	-0.07193989306688309	-0.07250215858221054	0.04543827474117279	-0.015443217009305954	-0.23626163601875305	0.01782657764852047	0.26581284403800964	0.09899436682462692	-0.0811660960316658	0.03123830258846283	-0.20845583081245422	0.1292927861213684	-0.08275807648897171	0.20969314873218536	0.03317504748702049	0.2807557284832001	0.022979537025094032	0.041887007653713226	0.1236206591129303	-0.09564357250928879	-0.09378518164157867	-0.015096466057002544	0.13729622960090637	0.0019495021551847458	-0.08581503480672836	0.06965646892786026	-0.13563735783100128	0.015345461666584015	-0.14986073970794678	0.11783524602651596	-0.1480482965707779	-0.04694536328315735	-0.07334865629673004	0.08888301998376846	0.025236735120415688	-0.05234674736857414	0.24445238709449768	0.06610889732837677	0.2988368570804596	-0.09608327597379684	-0.029729869216680527	-0.01682968996465206	-0.0963536873459816	0.08629350364208221	0.08877281099557877	-0.2548385262489319	0.1682453751564026	-0.01796971820294857	-0.11370789259672165	0.12307143956422806	0.15179064869880676
-0.003464240115135908	0.08831239491701126	-0.1018550843000412	-0.15006157755851746	0.01478763297200203	-0.032335326075553894	0.08015965670347214	-0.01884722337126732	-0.015947559848427773	0.16448166966438293	0.009359411895275116	-0.06761805713176727	-0.028882067650556564	-0.07193989306688309	-0.07250215858221054	0.04543827474117279	-0.015443217009305954	-0.23626163601875305	0.01782657764852047	0.26581284403800964	0.09899436682462692	-0.0811660960316658	0.03123830258846283	-0.20845583081245422	0.1292927861213684	-0.08275807648897171	0.20969314873218536	0.03317504748702049	0.2807557284832001	0.022979537025094032	0.041887007653713226	0.1236206591129303	-0.09564357250928879	-0.09378518164157867	-0.015096466057002544	0.13729622960090637	0.0019495021551847458	-0.08581503480672836	0.06965646892786026	-0.13563735783100128	0.015345461666584015	-0.14986073970794678	0.11783524602651596	-0.1480482965707779	-0.04694536328315735	-0.07334865629673004	0.08888301998376846	0.025236735120415688	-0.05234674736857414	0.24445238709449768	0.06610889732837677	0.2988368570804596	-0.09608327597379684	-0.029729869216680527	-0.01682968996465206	-0.0963536873459816	0.08629350364208221	0.08877281099557877	-0.2548385262489319	0.1682453751564026	-0.01796971820294857	-0.11370789259672165	0.12307143956422806	0.15179064869880676
-0.05415252596139908	-0.09731362015008926	0.05194571241736412	-0.00553659163415432	-0.15175893902778625	-0.012794469483196735	0.0390373170375824	0.004225258249789476	-0.04487108066678047	0.09852460026741028	0.037351448088884354	0.03386569768190384	0.1407393515110016	0.0003388742625247687	-0.15014541149139404	0.014459826052188873	0.057090576738119125	0.10660281032323837	-0.008849105797708035	-0.06075453758239746	0.05968165397644043	-0.024438519030809402	0.004204956814646721	0.08449626713991165	-0.13179434835910797	-0.002134911948814988	-0.07244612276554108	-0.01775633916258812	-0.053626928478479385	0.20001815259456635	-0.020886274054646492	0.017919111996889114	-0.08166221529245377	0.07497729361057281	-0.04814353957772255	0.0029862031806260347	-0.03327608108520508	-0.11444205045700073	0.0047659436240792274	0.013603107072412968	-0.05097266286611557	-0.015266401693224907	-0.026352521032094955	-0.08443218469619751	-0.03778832405805588	-0.06266190111637115	-0.05184037983417511	-0.09949227422475815	-0.05123601853847504	-0.02845887467265129	-0.08347418904304504	-0.10221056640148163	-0.08409161865711212	0.05625427886843681	-0.04349922388792038	-0.011190029792487621	0.08501653373241425	-0.04442061111330986	0.01944071613252163	0.016771839931607246	-0.007248962298035622	-0.07684379816055298	-0.04922841489315033	0.0375390350818634
-0.05415252596139908	-0.09731362015008926	0.05194571241736412	-0.00553659163415432	-0.15175893902778625	-0.012794469483196735	0.0390373170375824	0.004225258249789476	-0.04487108066678047	0.09852460026741028	0.037351448088884354	0.03386569768190384	0.1407393515110016	0.0003388742625247687	-0.15014541149139404	0.014459826052188873	0.057090576738119125	0.10660281032323837	-0.008849105797708035	-0.06075453758239746	0.05968165397644043	-0.024438519030809402	0.004204956814646721	0.08449626713991165	-0.13179434835910797	-0.002134911948814988	-0.07244612276554108	-0.01775633916258812	-0.053626928478479385	0.20001815259456635	-0.020886274054646492	0.017919111996889114	-0.08166221529245377	0.07497729361057281	-0.04814353957772255	0.0029862031806260347	-0.03327608108520508	-0.11444205045700073	0.0047659436240792274	0.013603107072412968	-0.05097266286611557	-0.015266401693224907	-0.026352521032094955	-0.08443218469619751	-0.03778832405805588	-0.06266190111637115	-0.05184037983417511	-0.09949227422475815	-0.05123601853847504	-0.02845887467265129	-0.08347418904304504	-0.10221056640148163	-0.08409161865711212	0.05625427886843681	-0.04349922388792038	-0.011190029792487621	0.08501653373241425	-0.04442061111330986	0.01944071613252163	0.016771839931607246	-0.007248962298035622	-0.07684379816055298	-0.04922841489315033	0.0375390350818634
-0.003464240115135908	0.08831239491701126	-0.1018550843000412	-0.15006157755851746	0.01478763297200203	-0.032335326075553894	0.08015965670347214	-0.01884722337126732	-0.015947559848427773	0.16448166966438293	0.009359411895275116	-0.06761805713176727	-0.028882067650556564	-0.07193989306688309	-0.07250215858221054	0.04543827474117279	-0.015443217009305954	-0.23626163601875305	0.01782657764852047	0.26581284403800964	0.09899436682462692	-0.0811660960316658	0.03123830258846283	-0.20845583081245422	0.1292927861213684	-0.08275807648897171	0.20969314873218536	0.03317504748702049	0.2807557284832001	0.022979537025094032	0.041887007653713226	0.1236206591129303	-0.09564357250928879	-0.09378518164157867	-0.015096466057002544	0.13729622960090637	0.0019495021551847458	-0.08581503480672836	0.06965646892786026	-0.13563735783100128	0.015345461666584015	-0.14986073970794678	0.11783524602651596	-0.1480482965707779	-0.04694536328315735	-0.07334865629673004	0.08888301998376846	0.025236735120415688	-0.05234674736857414	0.24445238709449768	0.06610889732837677	0.2988368570804596	-0.09608327597379684	-0.029729869216680527	-0.01682968996465206	-0.0963536873459816	0.08629350364208221	0.08877281099557877	-0.2548385262489319	0.1682453751564026	-0.01796971820294857	-0.11370789259672165	0.12307143956422806	0.15179064869880676
0.11929653584957123	-0.0013416704023256898	0.06346648931503296	0.07859935611486435	0.18602889776229858	-0.09999958425760269	-0.09204372018575668	-0.07183012366294861	0.02568877674639225	-0.03807350620627403	0.13054995238780975	-0.07965318113565445	-0.29279208183288574	0.17273642122745514	0.3825731575489044	-0.07860445976257324	-0.1594419628381729	-0.19594918191432953	0.35280442237854004	0.07716010510921478	-0.1617400050163269	-0.12103654444217682	0.10447199642658234	0.015289222821593285	0.12317374348640442	0.18608412146568298	-0.1169435977935791	-0.018949195742607117	0.07766702026128769	-0.30611807107925415	0.00857866182923317	-0.08885952085256577	0.2663250267505646	-0.07047044485807419	-0.015217375010251999	-0.04293941333889961	-0.03440077230334282	0.05162651091814041	0.047778308391571045	-0.10578722506761551	0.16154342889785767	0.03795325383543968	0.12309648841619492	0.21467114984989166	-0.13590018451213837	0.15221019089221954	0.013507218100130558	0.13001225888729095	0.22255493700504303	-0.15607072412967682	0.020780721679329872	-0.08676879853010178	0.0879824161529541	-0.2628805339336395	0.14090432226657867	-0.0421048067510128	-0.1764722317457199	-0.07714303582906723	0.012470999732613564	-0.2303338348865509	0.03822740167379379	0.1674206703901291	-0.05803913250565529	0.15890569984912872
-0.05415252596139908	-0.09731362015008926	0.05194571241736412	-0.00553659163415432	-0.15175893902778625	-0.012794469483196735	0.0390373170375824	0.004225258249789476	-0.04487108066678047	0.09852460026741028	0.037351448088884354	0.03386569768190384	0.1407393515110016	0.0003388742625247687	-0.15014541149139404	0.014459826052188873	0.057090576738119125	0.10660281032323837	-0.008849105797708035	-0.06075453758239746	0.05968165397644043	-0.024438519030809402	0.004204956814646721	0.08449626713991165	-0.13179434835910797	-0.002134911948814988	-0.07244612276554108	-0.01775633916258812	-0.053626928478479385	0.20001815259456635	-0.020886274054646492	0.017919111996889114	-0.08166221529245377	0.07497729361057281	-0.04814353957772255	0.0029862031806260347	-0.03327608108520508	-0.11444205045700073	0.0047659436240792274	0.013603107072412968	-0.05097266286611557	-0.015266401693224907	-0.026352521032094955	-0.08443218469619751	-0.03778832405805588	-0.06266190111637115	-0.05184037983417511	-0.09949227422475815	-0.05123601853847504	-0.02845887467265129	-0.08347418904304504	-0.10221056640148163	-0.08409161865711212	0.05625427886843681	-0.04349922388792038	-0.011190029792487621	0.08501653373241425	-0.04442061111330986	0.01944071613252163	0.016771839931607246	-0.007248962298035622	-0.07684379816055298	-0.04922841489315033	0.0375390350818634
-0.003464240115135908	0.08831239491701126	-0.1018550843000412	-0.15006157755851746	0.01478763297200203	-0.032335326075553894	0.08015965670347214	-0.01884722337126732	-0.015947559848427773	0.16448166966438293	0.009359411895275116	-0.06761805713176727	-0.028882067650556564	-0.07193989306688309	-0.07250215858221054	0.04543827474117279	-0.015443217009305954	-0.23626163601875305	0.01782657764852047	0.26581284403800964	0.09899436682462692	-0.0811660960316658	0.03123830258846283	-0.20845583081245422	0.1292927861213684	-0.08275807648897171	0.20969314873218536	0.03317504748702049	0.2807557284832001	0.022979537025094032	0.041887007653713226	0.1236206591129303	-0.09564357250928879	-0.09378518164157867	-0.015096466057002544	0.13729622960090637	0.0019495021551847458	-0.08581503480672836	0.06965646892786026	-0.13563735783100128	0.015345461666584015	-0.14986073970794678	0.11783524602651596	-0.1480482965707779	-0.04694536328315735	-0.07334865629673004	0.08888301998376846	0.025236735120415688	-0.05234674736857414	0.24445238709449768	0.06610889732837677	0.2988368570804596	-0.09608327597379684	-0.029729869216680527	-0.01682968996465206	-0.0963536873459816	0.08629350364208221	0.08877281099557877	-0.2548385262489319	0.1682453751564026	-0.01796971820294857	-0.11370789259672165	0.12307143956422806	0.15179064869880676
-0.05415252596139908	-0.09731362015008926	0.05194571241736412	-0.00553659163415432	-0.15175893902778625	-0.012794469483196735	0.0390373170375824	0.004225258249789476	-0.04487108066678047	0.09852460026741028	0.037351448088884354	0.03386569768190384	0.1407393515110016	0.0003388742625247687	-0.15014541149139404	0.014459826052188873	0.057090576738119125	0.10660281032323837	-0.008849105797708035	-0.06075453758239746	0.05968165397644043	-0.024438519030809402	0.004204956814646721	0.08449626713991165	-0.13179434835910797	-0.002134911948814988	-0.07244612276554108	-0.01775633916258812	-0.053626928478479385	0.20001815259456635	-0.020886274054646492	0.017919111996889114	-0.08166221529245377	0.07497729361057281	-0.04814353957772255	0.0029862031806260347	-0.03327608108520508	-0.11444205045700073	0.0047659436240792274	0.013603107072412968	-0.05097266286611557	-0.015266401693224907	-0.026352521032094955	-0.08443218469619751	-0.03778832405805588	-0.06266190111637115	-0.05184037983417511	-0.09949227422475815	-0.05123601853847504	-0.02845887467265129	-0.08347418904304504	-0.10221056640148163	-0.08409161865711212	0.05625427886843681	-0.04349922388792038	-0.011190029792487621	0.08501653373241425	-0.04442061111330986	0.01944071613252163	0.016771839931607246	-0.007248962298035622	-0.07684379816055298	-0.04922841489315033	0.0375390350818634
-0.003464240115135908	0.08831239491701126	-0.1018550843000412	-0.15006157755851746	0.01478763297200203	-0.032335326075553894	0.08015965670347214	-0.01884722337126732	-0.015947559848427773	0.16448166966438293	0.009359411895275116	-0.06761805713176727	-0.028882067650556564	-0.07193989306688309	-0.07250215858221054	0.04543827474117279	-0.015443217009305954	-0.23626163601875305	0.01782657764852047	0.26581284403800964	0.09899436682462692	-0.0811660960316658	0.03123830258846283	-0.20845583081245422	0.1292927861213684	-0.08275807648897171	0.20969314873218536	0.03317504748702049	0.2807557284832001	0.022979537025094032	0.041887007653713226	0.1236206591129303	-0.09564357250928879	-0.09378518164157867	-0.015096466057002544	0.13729622960090637	0.0019495021551847458	-0.08581503480672836	0.06965646892786026	-0.13563735783100128	0.015345461666584015	-0.14986073970794678	0.11783524602651596	-0.1480482965707779	-0.04694536328315735	-0.07334865629673004	0.08888301998376846	0.025236735120415688	-0.05234674736857414	0.24445238709449768	0.06610889732837677	0.2988368570804596	-0.09608327597379684	-0.029729869216680527	-0.01682968996465206	-0.0963536873459816	0.08629350364208221	0.08877281099557877	-0.2548385262489319	0.1682453751564026	-0.01796971820294857	-0.11370789259672165	0.12307143956422806	0.15179064869880676
-0.07583089172840118	0.1548813134431839	-0.023502053692936897	0.046011991798877716	0.09905874729156494	-0.12846434116363525	-0.09718049317598343	-0.012068027630448341	-0.04282863810658455	-0.24094752967357635	-0.0918889120221138	-0.10374733805656433	-0.013719058595597744	0.07049937546253204	-0.26458147168159485	-0.059393465518951416	-0.2310243546962738	0.25690901279449463	-0.1642841398715973	-0.308129221200943	0.14804935455322266	-0.03844616562128067	-0.21360516548156738	0.16822782158851624	-0.004977526143193245	-0.20785857737064362	0.04563566669821739	-0.03671136125922203	-0.12498302757740021	0.16977311670780182	-0.21586531400680542	0.02378316968679428	0.12950335443019867	-0.021169770509004593	-0.04467152804136276	-0.03388182446360588	0.031493861228227615	0.02039790339767933	0.016703100875020027	-0.023359086364507675	-0.21701589226722717	0.13892368972301483	-0.09431672096252441	0.19872047007083893	0.1997494250535965	0.07444683462381363	-0.1734880805015564	-0.01088742446154356	0.0686965361237526	-0.10892776399850845	-0.020133832469582558	-0.0993184968829155	0.033174555748701096	-0.01112400833517313	0.06416906416416168	0.01721571944653988	-0.12926602363586426	-0.0048854900524020195	0.27416375279426575	0.05699137598276138	0.15242566168308258	0.03750953450798988	0.022052280604839325	-0.037245556712150574
-0.003464240115135908	0.08831239491701126	-0.1018550843000412	-0.15006157755851746	0.01478763297200203	-0.032335326075553894	0.08015965670347214	-0.01884722337126732	-0.015947559848427773	0.16448166966438293	0.009359411895275116	-0.06761805713176727	-0.028882067650556564	-0.07193989306688309	-0.07250215858221054	0.04543827474117279	-0.015443217009305954	-0.23626163601875305	0.01782657764852047	0.26581284403800964	0.09899436682462692	-0.0811660960316658	0.03123830258846283	-0.20845583081245422	0.1292927861213684	-0.08275807648897171	0.20969314873218536	0.03317504748702049	0.2807557284832001	0.022979537025094032	0.041887007653713226	0.1236206591129303	-0.09564357250928879	-0.09378518164157867	-0.015096466057002544	0.13729622960090637	0.0019495021551847458	-0.08581503480672836	0.06965646892786026	-0.13563735783100128	0.015345461666584015	-0.14986073970794678	0.11783524602651596	-0.1480482965707779	-0.04694536328315735	-0.07334865629673004	0.08888301998376846	0.025236735120415688	-0.05234674736857414	0.24445238709449768	0.06610889732837677	0.2988368570804596	-0.09608327597379684	-0.029729869216680527	-0.01682968996465206	-0.0963536873459816	0.08629350364208221	0.08877281099557877	-0.2548385262489319	0.1682453751564026	-0.01796971820294857	-0.11370789259672165	0.12307143956422806	0.15179064869880676
-0.003464240115135908	0.08831239491701126	-0.1018550843000412	-0.15006157755851746	0.01478763297200203	-0.032335326075553894	0.08015965670347214	-0.01884722337126732	-0.015947559848427773	0.16448166966438293	0.009359411895275116	-0.06761805713176727	-0.028882067650556564	-0.07193989306688309	-0.07250215858221054	0.04543827474117279	-0.015443217009305954	-0.23626163601875305	0.01782657764852047	0.26581284403800964	0.09899436682462692	-0.0811660960316658	0.03123830258846283	-0.20845583081245422	0.1292927861213684	-0.08275807648897171	0.20969314873218536	0.03317504748702049	0.2807557284832001	0.022979537025094032	0.041887007653713226	0.1236206591129303	-0.09564357250928879	-0.09378518164157867	-0.015096466057002544	0.13729622960090637	0.0019495021551847458	-0.08581503480672836	0.06965646892786026	-0.13563735783100128	0.015345461666584015	-0.14986073970794678	0.11783524602651596	-0.1480482965707779	-0.04694536328315735	-0.07334865629673004	0.08888301998376846	0.025236735120415688	-0.05234674736857414	0.24445238709449768	0.06610889732837677	0.2988368570804596	-0.09608327597379684	-0.029729869216680527	-0.01682968996465206	-0.0963536873459816	0.08629350364208221	0.08877281099557877	-0.2548385262489319	0.1682453751564026	-0.01796971820294857	-0.11370789259672165	0.12307143956422806	0.15179064869880676
-0.003464240115135908	0.08831239491701126	-0.1018550843000412	-0.15006157755851746	0.01478763297200203	-0.032335326075553894	0.08015965670347214	-0.01884722337126732	-0.015947559848427773	0.16448166966438293	0.009359411895275116	-0.06761805713176727	-0.028882067650556564	-0.07193989306688309	-0.07250215858221054	0.04543827474117279	-0.015443217009305954	-0.23626163601875305	0.01782657764852047	0.26581284403800964	0.09899436682462692	-0.0811660960316658	0.03123830258846283	-0.20845583081245422	0.1292927861213684	-0.08275807648897171	0.20969314873218536	0.03317504748702049	0.2807557284832001	0.022979537025094032	0.041887007653713226	0.1236206591129303	-0.09564357250928879	-0.09378518164157867	-0.015096466057002544	0.13729622960090637	0.0019495021551847458	-0.08581503480672836	0.06965646892786026	-0.13563735783100128	0.015345461666584015	-0.14986073970794678	0.11783524602651596	-0.1480482965707779	-0.04694536328315735	-0.07334865629673004	0.08888301998376846	0.025236735120415688	-0.05234674736857414	0.24445238709449768	0.06610889732837677	0.2988368570804596	-0.09608327597379684	-0.029729869216680527	-0.01682968996465206	-0.0963536873459816	0.08629350364208221	0.08877281099557877	-0.2548385262489319	0.1682453751564026	-0.01796971820294857	-0.11370789259672165	0.12307143956422806	0.15179064869880676
-0.003464240115135908	0.08831239491701126	-0.1018550843000412	-0.15006157755851746	0.01478763297200203	-0.032335326075553894	0.08015965670347214	-0.01884722337126732	-0.015947559848427773	0.16448166966438293	0.009359411895275116	-0.06761805713176727	-0.028882067650556564	-0.07193989306688309	-0.07250215858221054	0.04543827474117279	-0.015443217009305954	-0.23626163601875305	0.01782657764852047	0.26581284403800964	0.09899436682462692	-0.0811660960316658	0.03123830258846283	-0.20845583081245422	0.1292927861213684	-0.08275807648897171	0.20969314873218536	0.03317504748702049	0.2807557284832001	0.022979537025094032	0.041887007653713226	0.1236206591129303	-0.09564357250928879	-0.09378518164157867	-0.015096466057002544	0.13729622960090637	0.0019495021551847458	-0.08581503480672836	0.06965646892786026	-0.13563735783100128	0.015345461666584015	-0.14986073970794678	0.11783524602651596	-0.1480482965707779	-0.04694536328315735	-0.07334865629673004	0.08888301998376846	0.025236735120415688	-0.05234674736857414	0.24445238709449768	0.06610889732837677	0.2988368570804596	-0.09608327597379684	-0.029729869216680527	-0.01682968996465206	-0.0963536873459816	0.08629350364208221	0.08877281099557877	-0.2548385262489319	0.1682453751564026	-0.01796971820294857	-0.11370789259672165	0.12307143956422806	0.15179064869880676
-0.05415252596139908	-0.09731362015008926	0.05194571241736412	-0.00553659163415432	-0.15175893902778625	-0.012794469483196735	0.0390373170375824	0.004225258249789476	-0.04487108066678047	0.09852460026741028	0.037351448088884354	0.03386569768190384	0.1407393515110016	0.0003388742625247687	-0.15014541149139404	0.014459826052188873	0.057090576738119125	0.10660281032323837	-0.008849105797708035	-0.06075453758239746	0.05968165397644043	-0.024438519030809402	0.004204956814646721	0.08449626713991165	-0.13179434835910797	-0.002134911948814988	-0.07244612276554108	-0.01775633916258812	-0.053626928478479385	0.20001815259456635	-0.020886274054646492	0.017919111996889114	-0.08166221529245377	0.07497729361057281	-0.04814353957772255	0.0029862031806260347	-0.03327608108520508	-0.11444205045700073	0.0047659436240792274	0.013603107072412968	-0.05097266286611557	-0.015266401693224907	-0.026352521032094955	-0.08443218469619751	-0.03778832405805588	-0.06266190111637115	-0.05184037983417511	-0.09949227422475815	-0.05123601853847504	-0.02845887467265129	-0.08347418904304504	-0.10221056640148163	-0.08409161865711212	0.05625427886843681	-0.04349922388792038	-0.011190029792487621	0.08501653373241425	-0.04442061111330986	0.01944071613252163	0.016771839931607246	-0.007248962298035622	-0.07684379816055298	-0.04922841489315033	0.0375390350818634
-0.05415252596139908	-0.09731362015008926	0.05194571241736412	-0.00553659163415432	-0.15175893902778625	-0.012794469483196735	0.0390373170375824	0.004225258249789476	-0.04487108066678047	0.09852460026741028	0.037351448088884354	0.03386569768190384	0.1407393515110016	0.0003388742625247687	-0.15014541149139404	0.014459826052188873	0.057090576738119125	0.10660281032323837	-0.008849105797708035	-0.06075453758239746	0.05968165397644043	-0.024438519030809402	0.004204956814646721	0.08449626713991165	-0.13179434835910797	-0.002134911948814988	-0.07244612276554108	-0.01775633916258812	-0.053626928478479385	0.20001815259456635	-0.020886274054646492	0.017919111996889114	-0.08166221529245377	0.07497729361057281	-0.04814353957772255	0.0029862031806260347	-0.03327608108520508	-0.11444205045700073	0.0047659436240792274	0.013603107072412968	-0.05097266286611557	-0.015266401693224907	-0.026352521032094955	-0.08443218469619751	-0.03778832405805588	-0.06266190111637115	-0.05184037983417511	-0.09949227422475815	-0.05123601853847504	-0.02845887467265129	-0.08347418904304504	-0.10221056640148163	-0.08409161865711212	0.05625427886843681	-0.04349922388792038	-0.011190029792487621	0.08501653373241425	-0.04442061111330986	0.01944071613252163	0.016771839931607246	-0.007248962298035622	-0.07684379816055298	-0.04922841489315033	0.0375390350818634
-0.003464240115135908	0.08831239491701126	-0.1018550843000412	-0.15006157755851746	0.01478763297200203	-0.032335326075553894	0.08015965670347214	-0.01884722337126732	-0.015947559848427773	0.16448166966438293	0.009359411895275116	-0.06761805713176727	-0.028882067650556564	-0.07193989306688309	-0.07250215858221054	0.04543827474117279	-0.015443217009305954	-0.23626163601875305	0.01782657764852047	0.26581284403800964	0.09899436682462692	-0.0811660960316658	0.03123830258846283	-0.20845583081245422	0.1292927861213684	-0.08275807648897171	0.20969314873218536	0.03317504748702049	0.2807557284832001	0.022979537025094032	0.041887007653713226	0.1236206591129303	-0.09564357250928879	-0.09378518164157867	-0.015096466057002544	0.13729622960090637	0.0019495021551847458	-0.08581503480672836	0.06965646892786026	-0.13563735783100128	0.015345461666584015	-0.14986073970794678	0.11783524602651596	-0.1480482965707779	-0.04694536328315735	-0.07334865629673004	0.08888301998376846	0.025236735120415688	-0.05234674736857414	0.24445238709449768	0.06610889732837677	0.2988368570804596	-0.09608327597379684	-0.029729869216680527	-0.01682968996465206	-0.0963536873459816	0.08629350364208221	0.08877281099557877	-0.2548385262489319	0.1682453751564026	-0.01796971820294857	-0.11370789259672165	0.12307143956422806	0.15179064869880676
-0.07583089172840118	0.1548813134431839	-0.023502053692936897	0.046011991798877716	0.09905874729156494	-0.12846434116363525	-0.09718049317598343	-0.012068027630448341	-0.04282863810658455	-0.24094752967357635	-0.0918889120221138	-0.10374733805656433	-0.013719058595597744	0.07049937546253204	-0.26458147168159485	-0.059393465518951416	-0.2310243546962738	0.25690901279449463	-0.1642841398715973	-0.308129221200943	0.14804935455322266	-0.03844616562128067	-0.21360516548156738	0.16822782158851624	-0.004977526143193245	-0.20785857737064362	0.04563566669821739	-0.03671136125922203	-0.12498302757740021	0.16977311670780182	-0.21586531400680542	0.02378316968679428	0.12950335443019867	-0.021169770509004593	-0.04467152804136276	-0.03388182446360588	0.031493861228227615	0.02039790339767933	0.016703100875020027	-0.023359086364507675	-0.21701589226722717	0.13892368972301483	-0.09431672096252441	0.19872047007083893	0.1997494250535965	0.07444683462381363	-0.1734880805015564	-0.01088742446154356	0.0686965361237526	-0.10892776399850845	-0.020133832469582558	-0.0993184968829155	0.033174555748701096	-0.01112400833517313	0.06416906416416168	0.01721571944653988	-0.12926602363586426	-0.0048854900524020195	0.27416375279426575	0.05699137598276138	0.15242566168308258	0.03750953450798988	0.022052280604839325	-0.037245556712150574
-0.003464240115135908	0.08831239491701126	-0.1018550843000412	-0.15006157755851746	0.01478763297200203	-0.032335326075553894	0.08015965670347214	-0.01884722337126732	-0.015947559848427773	0.16448166966438293	0.009359411895275116	-0.06761805713176727	-0.028882067650556564	-0.07193989306688309	-0.07250215858221054	0.04543827474117279	-0.015443217009305954	-0.23626163601875305	0.01782657764852047	0.26581284403800964	0.09899436682462692	-0.0811660960316658	0.03123830258846283	-0.20845583081245422	0.1292927861213684	-0.08275807648897171	0.20969314873218536	0.03317504748702049	0.2807557284832001	0.022979537025094032	0.041887007653713226	0.1236206591129303	-0.09564357250928879	-0.09378518164157867	-0.015096466057002544	0.13729622960090637	0.0019495021551847458	-0.08581503480672836	0.06965646892786026	-0.13563735783100128	0.015345461666584015	-0.14986073970794678	0.11783524602651596	-0.1480482965707779	-0.04694536328315735	-0.07334865629673004	0.08888301998376846	0.025236735120415688	-0.05234674736857414	0.24445238709449768	0.06610889732837677	0.2988368570804596	-0.09608327597379684	-0.029729869216680527	-0.01682968996465206	-0.0963536873459816	0.08629350364208221	0.08877281099557877	-0.2548385262489319	0.1682453751564026	-0.01796971820294857	-0.11370789259672165	0.12307143956422806	0.15179064869880676
-0.003464240115135908	0.08831239491701126	-0.1018550843000412	-0.15006157755851746	0.01478763297200203	-0.032335326075553894	0.08015965670347214	-0.01884722337126732	-0.015947559848427773	0.16448166966438293	0.009359411895275116	-0.06761805713176727	-0.028882067650556564	-0.07193989306688309	-0.07250215858221054	0.04543827474117279	-0.015443217009305954	-0.23626163601875305	0.01782657764852047	0.26581284403800964	0.09899436682462692	-0.0811660960316658	0.03123830258846283	-0.20845583081245422	0.1292927861213684	-0.08275807648897171	0.20969314873218536	0.03317504748702049	0.2807557284832001	0.022979537025094032	0.041887007653713226	0.1236206591129303	-0.09564357250928879	-0.09378518164157867	-0.015096466057002544	0.13729622960090637	0.0019495021551847458	-0.08581503480672836	0.06965646892786026	-0.13563735783100128	0.015345461666584015	-0.14986073970794678	0.11783524602651596	-0.1480482965707779	-0.04694536328315735	-0.07334865629673004	0.08888301998376846	0.025236735120415688	-0.05234674736857414	0.24445238709449768	0.06610889732837677	0.2988368570804596	-0.09608327597379684	-0.029729869216680527	-0.01682968996465206	-0.0963536873459816	0.08629350364208221	0.08877281099557877	-0.2548385262489319	0.1682453751564026	-0.01796971820294857	-0.11370789259672165	0.12307143956422806	0.15179064869880676
-0.05415252596139908	-0.09731362015008926	0.05194571241736412	-0.00553659163415432	-0.15175893902778625	-0.012794469483196735	0.0390373170375824	0.004225258249789476	-0.04487108066678047	0.09852460026741028	0.037351448088884354	0.03386569768190384	0.1407393515110016	0.0003388742625247687	-0.15014541149139404	0.014459826052188873	0.057090576738119125	0.10660281032323837	-0.008849105797708035	-0.06075453758239746	0.05968165397644043	-0.024438519030809402	0.004204956814646721	0.08449626713991165	-0.13179434835910797	-0.002134911948814988	-0.07244612276554108	-0.01775633916258812	-0.053626928478479385	0.20001815259456635	-0.020886274054646492	0.017919111996889114	-0.08166221529245377	0.07497729361057281	-0.04814353957772255	0.0029862031806260347	-0.03327608108520508	-0.11444205045700073	0.0047659436240792274	0.013603107072412968	-0.05097266286611557	-0.015266401693224907	-0.026352521032094955	-0.08443218469619751	-0.03778832405805588	-0.06266190111637115	-0.05184037983417511	-0.09949227422475815	-0.05123601853847504	-0.02845887467265129	-0.08347418904304504	-0.10221056640148163	-0.08409161865711212	0.05625427886843681	-0.04349922388792038	-0.011190029792487621	0.08501653373241425	-0.04442061111330986	0.01944071613252163	0.016771839931607246	-0.007248962298035622	-0.07684379816055298	-0.04922841489315033	0.0375390350818634
-0.05415252596139908	-0.09731362015008926	0.05194571241736412	-0.00553659163415432	-0.15175893902778625	-0.012794469483196735	0.0390373170375824	0.004225258249789476	-0.04487108066678047	0.09852460026741028	0.037351448088884354	0.03386569768190384	0.1407393515110016	0.0003388742625247687	-0.15014541149139404	0.014459826052188873	0.057090576738119125	0.10660281032323837	-0.008849105797708035	-0.06075453758239746	0.05968165397644043	-0.024438519030809402	0.004204956814646721	0.08449626713991165	-0.13179434835910797	-0.002134911948814988	-0.07244612276554108	-0.01775633916258812	-0.053626928478479385	0.20001815259456635	-0.020886274054646492	0.017919111996889114	-0.08166221529245377	0.07497729361057281	-0.04814353957772255	0.0029862031806260347	-0.03327608108520508	-0.11444205045700073	0.0047659436240792274	0.013603107072412968	-0.05097266286611557	-0.015266401693224907	-0.026352521032094955	-0.08443218469619751	-0.03778832405805588	-0.06266190111637115	-0.05184037983417511	-0.09949227422475815	-0.05123601853847504	-0.02845887467265129	-0.08347418904304504	-0.10221056640148163	-0.08409161865711212	0.05625427886843681	-0.04349922388792038	-0.011190029792487621	0.08501653373241425	-0.04442061111330986	0.01944071613252163	0.016771839931607246	-0.007248962298035622	-0.07684379816055298	-0.04922841489315033	0.0375390350818634
-0.07583089172840118	0.1548813134431839	-0.023502053692936897	0.046011991798877716	0.09905874729156494	-0.12846434116363525	-0.09718049317598343	-0.012068027630448341	-0.04282863810658455	-0.24094752967357635	-0.0918889120221138	-0.10374733805656433	-0.013719058595597744	0.07049937546253204	-0.26458147168159485	-0.059393465518951416	-0.2310243546962738	0.25690901279449463	-0.1642841398715973	-0.308129221200943	0.14804935455322266	-0.03844616562128067	-0.21360516548156738	0.16822782158851624	-0.004977526143193245	-0.20785857737064362	0.04563566669821739	-0.03671136125922203	-0.12498302757740021	0.16977311670780182	-0.21586531400680542	0.02378316968679428	0.12950335443019867	-0.021169770509004593	-0.04467152804136276	-0.03388182446360588	0.031493861228227615	0.02039790339767933	0.016703100875020027	-0.023359086364507675	-0.21701589226722717	0.13892368972301483	-0.09431672096252441	0.19872047007083893	0.1997494250535965	0.07444683462381363	-0.1734880805015564	-0.01088742446154356	0.0686965361237526	-0.10892776399850845	-0.020133832469582558	-0.0993184968829155	0.033174555748701096	-0.01112400833517313	0.06416906416416168	0.01721571944653988	-0.12926602363586426	-0.0048854900524020195	0.27416375279426575	0.05699137598276138	0.15242566168308258	0.03750953450798988	0.022052280604839325	-0.037245556712150574
-0.003464240115135908	0.08831239491701126	-0.1018550843000412	-0.15006157755851746	0.01478763297200203	-0.032335326075553894	0.08015965670347214	-0.01884722337126732	-0.015947559848427773	0.16448166966438293	0.009359411895275116	-0.06761805713176727	-0.028882067650556564	-0.07193989306688309	-0.07250215858221054	0.04543827474117279	-0.015443217009305954	-0.23626163601875305	0.01782657764852047	0.26581284403800964	0.09899436682462692	-0.0811660960316658	0.03123830258846283	-0.20845583081245422	0.1292927861213684	-0.08275807648897171	0.20969314873218536	0.03317504748702049	0.2807557284832001	0.022979537025094032	0.041887007653713226	0.1236206591129303	-0.09564357250928879	-0.09378518164157867	-0.015096466057002544	0.13729622960090637	0.0019495021551847458	-0.08581503480672836	0.06965646892786026	-0.13563735783100128	0.015345461666584015	-0.14986073970794678	0.11783524602651596	-0.1480482965707779	-0.04694536328315735	-0.07334865629673004	0.08888301998376846	0.025236735120415688	-0.05234674736857414	0.24445238709449768	0.06610889732837677	0.2988368570804596	-0.09608327597379684	-0.029729869216680527	-0.01682968996465206	-0.0963536873459816	0.08629350364208221	0.08877281099557877	-0.2548385262489319	0.1682453751564026	-0.01796971820294857	-0.11370789259672165	0.12307143956422806	0.15179064869880676
0.07451340556144714	-0.1302158385515213	-0.045159127563238144	-0.07461479306221008	-0.07400742918252945	0.013103063218295574	-0.12426639348268509	-0.12178903818130493	0.03863939642906189	-0.09348297119140625	0.01893361657857895	0.22222331166267395	0.025319594889879227	0.18991588056087494	0.1271955817937851	0.027260133996605873	0.15950407087802887	-0.09192687273025513	0.10910259187221527	-0.09660732001066208	-0.11986425518989563	0.14745497703552246	-0.025035033002495766	-0.1561252325773239	-0.10498674213886261	0.0496516227722168	-0.10097085684537888	-0.201327845454216	-0.14734335243701935	-0.056778136640787125	0.08707039803266525	-0.1442296802997589	0.15687334537506104	0.09631402790546417	0.003906262572854757	-0.040699947625398636	-0.08437643200159073	-0.05379484221339226	-0.07886885851621628	-0.06739917397499084	0.12578672170639038	-0.14818508923053741	-0.024317879229784012	0.0371248722076416	-0.1066737025976181	0.05503492057323456	-0.05130891129374504	0.050206467509269714	0.060299165546894073	0.057288408279418945	-0.03430918976664543	-0.09074319154024124	-0.005368830636143684	0.02087130770087242	-0.01475684903562069	0.21005770564079285	-0.008122469298541546	-0.040997330099344254	-0.07412511110305786	-0.02632245421409607	-0.1914938986301422	0.21789172291755676	-0.05756014212965965	-0.07012733817100525
-0.05415252596139908	-0.09731362015008926	0.05194571241736412	-0.00553659163415432	-0.15175893902778625	-0.012794469483196735	0.0390373170375824	0.004225258249789476	-0.04487108066678047	0.09852460026741028	0.037351448088884354	0.03386569768190384	0.1407393515110016	0.0003388742625247687	-0.15014541149139404	0.014459826052188873	0.057090576738119125	0.10660281032323837	-0.008849105797708035	-0.06075453758239746	0.05968165397644043	-0.024438519030809402	0.004204956814646721	0.08449626713991165	-0.13179434835910797	-0.002134911948814988	-0.07244612276554108	-0.01775633916258812	-0.053626928478479385	0.20001815259456635	-0.020886274054646492	0.017919111996889114	-0.08166221529245377	0.07497729361057281	-0.04814353957772255	0.0029862031806260347	-0.03327608108520508	-0.11444205045700073	0.0047659436240792274	0.013603107072412968	-0.05097266286611557	-0.015266401693224907	-0.026352521032094955	-0.08443218469619751	-0.03778832405805588	-0.06266190111637115	-0.05184037983417511	-0.09949227422475815	-0.05123601853847504	-0.02845887467265129	-0.08347418904304504	-0.10221056640148163	-0.08409161865711212	0.05625427886843681	-0.04349922388792038	-0.011190029792487621	0.08501653373241425	-0.04442061111330986	0.01944071613252163	0.016771839931607246	-0.007248962298035622	-0.07684379816055298	-0.04922841489315033	0.0375390350818634
-0.003464240115135908	0.08831239491701126	-0.1018550843000412	-0.15006157755851746	0.01478763297200203	-0.032335326075553894	0.08015965670347214	-0.01884722337126732	-0.015947559848427773	0.16448166966438293	0.009359411895275116	-0.06761805713176727	-0.028882067650556564	-0.07193989306688309	-0.07250215858221054	0.04543827474117279	-0.015443217009305954	-0.23626163601875305	0.01782657764852047	0.26581284403800964	0.09899436682462692	-0.0811660960316658	0.03123830258846283	-0.20845583081245422	0.1292927861213684	-0.08275807648897171	0.20969314873218536	0.03317504748702049	0.2807557284832001	0.022979537025094032	0.041887007653713226	0.1236206591129303	-0.09564357250928879	-0.09378518164157867	-0.015096466057002544	0.13729622960090637	0.0019495021551847458	-0.08581503480672836	0.06965646892786026	-0.13563735783100128	0.015345461666584015	-0.14986073970794678	0.11783524602651596	-0.1480482965707779	-0.04694536328315735	-0.07334865629673004	0.08888301998376846	0.025236735120415688	-0.05234674736857414	0.24445238709449768	0.06610889732837677	0.2988368570804596	-0.09608327597379684	-0.029729869216680527	-0.01682968996465206	-0.0963536873459816	0.08629350364208221	0.08877281099557877	-0.2548385262489319	0.1682453751564026	-0.01796971820294857	-0.11370789259672165	0.12307143956422806	0.15179064869880676
-0.05415252596139908	-0.09731362015008926	0.05194571241736412	-0.00553659163415432	-0.15175893902778625	-0.012794469483196735	0.0390373170375824	0.004225258249789476	-0.04487108066678047	0.09852460026741028	0.037351448088884354	0.03386569768190384	0.1407393515110016	0.0003388742625247687	-0.15014541149139404	0.014459826052188873	0.057090576738119125	0.10660281032323837	-0.008849105797708035	-0.06075453758239746	0.05968165397644043	-0.024438519030809402	0.004204956814646721	0.08449626713991165	-0.13179434835910797	-0.002134911948814988	-0.07244612276554108	-0.01775633916258812	-0.053626928478479385	0.20001815259456635	-0.020886274054646492	0.017919111996889114	-0.08166221529245377	0.07497729361057281	-0.04814353957772255	0.0029862031806260347	-0.03327608108520508	-0.11444205045700073	0.0047659436240792274	0.013603107072412968	-0.05097266286611557	-0.015266401693224907	-0.026352521032094955	-0.08443218469619751	-0.03778832405805588	-0.06266190111637115	-0.05184037983417511	-0.09949227422475815	-0.05123601853847504	-0.02845887467265129	-0.08347418904304504	-0.10221056640148163	-0.08409161865711212	0.05625427886843681	-0.04349922388792038	-0.011190029792487621	0.08501653373241425	-0.04442061111330986	0.01944071613252163	0.016771839931607246	-0.007248962298035622	-0.07684379816055298	-0.04922841489315033	0.0375390350818634
-0.003464240115135908	0.08831239491701126	-0.1018550843000412	-0.15006157755851746	0.01478763297200203	-0.032335326075553894	0.08015965670347214	-0.01884722337126732	-0.015947559848427773	0.16448166966438293	0.009359411895275116	-0.06761805713176727	-0.028882067650556564	-0.07193989306688309	-0.07250215858221054	0.04543827474117279	-0.015443217009305954	-0.23626163601875305	0.01782657764852047	0.26581284403800964	0.09899436682462692	-0.0811660960316658	0.03123830258846283	-0.20845583081245422	0.1292927861213684	-0.08275807648897171	0.20969314873218536	0.03317504748702049	0.2807557284832001	0.022979537025094032	0.041887007653713226	0.1236206591129303	-0.09564357250928879	-0.09378518164157867	-0.015096466057002544	0.13729622960090637	0.0019495021551847458	-0.08581503480672836	0.06965646892786026	-0.13563735783100128	0.015345461666584015	-0.14986073970794678	0.11783524602651596	-0.1480482965707779	-0.04694536328315735	-0.07334865629673004	0.08888301998376846	0.025236735120415688	-0.05234674736857414	0.24445238709449768	0.06610889732837677	0.2988368570804596	-0.09608327597379684	-0.029729869216680527	-0.01682968996465206	-0.0963536873459816	0.08629350364208221	0.08877281099557877	-0.2548385262489319	0.1682453751564026	-0.01796971820294857	-0.11370789259672165	0.12307143956422806	0.15179064869880676
-0.003464240115135908	0.08831239491701126	-0.1018550843000412	-0.15006157755851746	0.01478763297200203	-0.032335326075553894	0.08015965670347214	-0.01884722337126732	-0.015947559848427773	0.16448166966438293	0.009359411895275116	-0.06761805713176727	-0.028882067650556564	-0.07193989306688309	-0.07250215858221054	0.04543827474117279	-0.015443217009305954	-0.23626163601875305	0.01782657764852047	0.26581284403800964	0.09899436682462692	-0.0811660960316658	0.03123830258846283	-0.20845583081245422	0.1292927861213684	-0.08275807648897171	0.20969314873218536	0.03317504748702049	0.2807557284832001	0.022979537025094032	0.041887007653713226	0.1236206591129303	-0.09564357250928879	-0.09378518164157867	-0.015096466057002544	0.13729622960090637	0.0019495021551847458	-0.08581503480672836	0.06965646892786026	-0.13563735783100128	0.015345461666584015	-0.14986073970794678	0.11783524602651596	-0.1480482965707779	-0.04694536328315735	-0.07334865629673004	0.08888301998376846	0.025236735120415688	-0.05234674736857414	0.24445238709449768	0.06610889732837677	0.2988368570804596	-0.09608327597379684	-0.029729869216680527	-0.01682968996465206	-0.0963536873459816	0.08629350364208221	0.08877281099557877	-0.2548385262489319	0.1682453751564026	-0.01796971820294857	-0.11370789259672165	0.12307143956422806	0.15179064869880676
-0.003464240115135908	0.08831239491701126	-0.1018550843000412	-0.15006157755851746	0.01478763297200203	-0.032335326075553894	0.08015965670347214	-0.01884722337126732	-0.015947559848427773	0.16448166966438293	0.009359411895275116	-0.06761805713176727	-0.028882067650556564	-0.07193989306688309	-0.07250215858221054	0.04543827474117279	-0.015443217009305954	-0.23626163601875305	0.01782657764852047	0.26581284403800964	0.09899436682462692	-0.0811660960316658	0.03123830258846283	-0.20845583081245422	0.1292927861213684	-0.08275807648897171	0.20969314873218536	0.03317504748702049	0.2807557284832001	0.022979537025094032	0.041887007653713226	0.1236206591129303	-0.09564357250928879	-0.09378518164157867	-0.015096466057002544	0.13729622960090637	0.0019495021551847458	-0.08581503480672836	0.06965646892786026	-0.13563735783100128	0.015345461666584015	-0.14986073970794678	0.11783524602651596	-0.1480482965707779	-0.04694536328315735	-0.07334865629673004	0.08888301998376846	0.025236735120415688	-0.05234674736857414	0.24445238709449768	0.06610889732837677	0.2988368570804596	-0.09608327597379684	-0.029729869216680527	-0.01682968996465206	-0.0963536873459816	0.08629350364208221	0.08877281099557877	-0.2548385262489319	0.1682453751564026	-0.01796971820294857	-0.11370789259672165	0.12307143956422806	0.15179064869880676
-0.003464240115135908	0.08831239491701126	-0.1018550843000412	-0.15006157755851746	0.01478763297200203	-0.032335326075553894	0.08015965670347214	-0.01884722337126732	-0.015947559848427773	0.16448166966438293	0.009359411895275116	-0.06761805713176727	-0.028882067650556564	-0.07193989306688309	-0.07250215858221054	0.04543827474117279	-0.015443217009305954	-0.23626163601875305	0.01782657764852047	0.26581284403800964	0.09899436682462692	-0.0811660960316658	0.03123830258846283	-0.20845583081245422	0.1292927861213684	-0.08275807648897171	0.20969314873218536	0.03317504748702049	0.2807557284832001	0.022979537025094032	0.041887007653713226	0.1236206591129303	-0.09564357250928879	-0.09378518164157867	-0.015096466057002544	0.13729622960090637	0.0019495021551847458	-0.08581503480672836	0.06965646892786026	-0.13563735783100128	0.015345461666584015	-0.14986073970794678	0.11783524602651596	-0.1480482965707779	-0.04694536328315735	-0.07334865629673004	0.08888301998376846	0.025236735120415688	-0.05234674736857414	0.24445238709449768	0.06610889732837677	0.2988368570804596	-0.09608327597379684	-0.029729869216680527	-0.01682968996465206	-0.0963536873459816	0.08629350364208221	0.08877281099557877	-0.2548385262489319	0.1682453751564026	-0.01796971820294857	-0.11370789259672165	0.12307143956422806	0.15179064869880676
-0.003464240115135908	0.08831239491701126	-0.1018550843000412	-0.15006157755851746	0.01478763297200203	-0.032335326075553894	0.08015965670347214	-0.01884722337126732	-0.015947559848427773	0.16448166966438293	0.009359411895275116	-0.06761805713176727	-0.028882067650556564	-0.07193989306688309	-0.07250215858221054	0.04543827474117279	-0.015443217009305954	-0.23626163601875305	0.01782657764852047	0.26581284403800964	0.09899436682462692	-0.0811660960316658	0.03123830258846283	-0.20845583081245422	0.1292927861213684	-0.08275807648897171	0.20969314873218536	0.03317504748702049	0.2807557284832001	0.022979537025094032	0.041887007653713226	0.1236206591129303	-0.09564357250928879	-0.09378518164157867	-0.015096466057002544	0.13729622960090637	0.0019495021551847458	-0.08581503480672836	0.06965646892786026	-0.13563735783100128	0.015345461666584015	-0.14986073970794678	0.11783524602651596	-0.1480482965707779	-0.04694536328315735	-0.07334865629673004	0.08888301998376846	0.025236735120415688	-0.05234674736857414	0.24445238709449768	0.06610889732837677	0.2988368570804596	-0.09608327597379684	-0.029729869216680527	-0.01682968996465206	-0.0963536873459816	0.08629350364208221	0.08877281099557877	-0.2548385262489319	0.1682453751564026	-0.01796971820294857	-0.11370789259672165	0.12307143956422806	0.15179064869880676
-0.05415252596139908	-0.09731362015008926	0.05194571241736412	-0.00553659163415432	-0.15175893902778625	-0.012794469483196735	0.0390373170375824	0.004225258249789476	-0.04487108066678047	0.09852460026741028	0.037351448088884354	0.03386569768190384	0.1407393515110016	0.0003388742625247687	-0.15014541149139404	0.014459826052188873	0.057090576738119125	0.10660281032323837	-0.008849105797708035	-0.06075453758239746	0.05968165397644043	-0.024438519030809402	0.004204956814646721	0.08449626713991165	-0.13179434835910797	-0.002134911948814988	-0.07244612276554108	-0.01775633916258812	-0.053626928478479385	0.20001815259456635	-0.020886274054646492	0.017919111996889114	-0.08166221529245377	0.07497729361057281	-0.04814353957772255	0.0029862031806260347	-0.03327608108520508	-0.11444205045700073	0.0047659436240792274	0.013603107072412968	-0.05097266286611557	-0.015266401693224907	-0.026352521032094955	-0.08443218469619751	-0.03778832405805588	-0.06266190111637115	-0.05184037983417511	-0.09949227422475815	-0.05123601853847504	-0.02845887467265129	-0.08347418904304504	-0.10221056640148163	-0.08409161865711212	0.05625427886843681	-0.04349922388792038	-0.011190029792487621	0.08501653373241425	-0.04442061111330986	0.01944071613252163	0.016771839931607246	-0.007248962298035622	-0.07684379816055298	-0.04922841489315033	0.0375390350818634
-0.05415252596139908	-0.09731362015008926	0.05194571241736412	-0.00553659163415432	-0.15175893902778625	-0.012794469483196735	0.0390373170375824	0.004225258249789476	-0.04487108066678047	0.09852460026741028	0.037351448088884354	0.03386569768190384	0.1407393515110016	0.0003388742625247687	-0.15014541149139404	0.014459826052188873	0.057090576738119125	0.10660281032323837	-0.008849105797708035	-0.06075453758239746	0.05968165397644043	-0.024438519030809402	0.004204956814646721	0.08449626713991165	-0.13179434835910797	-0.002134911948814988	-0.07244612276554108	-0.01775633916258812	-0.053626928478479385	0.20001815259456635	-0.020886274054646492	0.017919111996889114	-0.08166221529245377	0.07497729361057281	-0.04814353957772255	0.0029862031806260347	-0.03327608108520508	-0.11444205045700073	0.0047659436240792274	0.013603107072412968	-0.05097266286611557	-0.015266401693224907	-0.026352521032094955	-0.08443218469619751	-0.03778832405805588	-0.06266190111637115	-0.05184037983417511	-0.09949227422475815	-0.05123601853847504	-0.02845887467265129	-0.08347418904304504	-0.10221056640148163	-0.08409161865711212	0.05625427886843681	-0.04349922388792038	-0.011190029792487621	0.08501653373241425	-0.04442061111330986	0.01944071613252163	0.016771839931607246	-0.007248962298035622	-0.07684379816055298	-0.04922841489315033	0.0375390350818634
-0.05415252596139908	-0.09731362015008926	0.05194571241736412	-0.00553659163415432	-0.15175893902778625	-0.012794469483196735	0.0390373170375824	0.004225258249789476	-0.04487108066678047	0.09852460026741028	0.037351448088884354	0.03386569768190384	0.1407393515110016	0.0003388742625247687	-0.15014541149139404	0.014459826052188873	0.057090576738119125	0.10660281032323837	-0.008849105797708035	-0.06075453758239746	0.05968165397644043	-0.024438519030809402	0.004204956814646721	0.08449626713991165	-0.13179434835910797	-0.002134911948814988	-0.07244612276554108	-0.01775633916258812	-0.053626928478479385	0.20001815259456635	-0.020886274054646492	0.017919111996889114	-0.08166221529245377	0.07497729361057281	-0.04814353957772255	0.0029862031806260347	-0.03327608108520508	-0.11444205045700073	0.0047659436240792274	0.013603107072412968	-0.05097266286611557	-0.015266401693224907	-0.026352521032094955	-0.08443218469619751	-0.03778832405805588	-0.06266190111637115	-0.05184037983417511	-0.09949227422475815	-0.05123601853847504	-0.02845887467265129	-0.08347418904304504	-0.10221056640148163	-0.08409161865711212	0.05625427886843681	-0.04349922388792038	-0.011190029792487621	0.08501653373241425	-0.04442061111330986	0.01944071613252163	0.016771839931607246	-0.007248962298035622	-0.07684379816055298	-0.04922841489315033	0.0375390350818634
-0.05415252596139908	-0.09731362015008926	0.05194571241736412	-0.00553659163415432	-0.15175893902778625	-0.012794469483196735	0.0390373170375824	0.004225258249789476	-0.04487108066678047	0.09852460026741028	0.037351448088884354	0.03386569768190384	0.1407393515110016	0.0003388742625247687	-0.15014541149139404	0.014459826052188873	0.057090576738119125	0.10660281032323837	-0.008849105797708035	-0.06075453758239746	0.05968165397644043	-0.024438519030809402	0.004204956814646721	0.08449626713991165	-0.13179434835910797	-0.002134911948814988	-0.07244612276554108	-0.01775633916258812	-0.053626928478479385	0.20001815259456635	-0.020886274054646492	0.017919111996889114	-0.08166221529245377	0.07497729361057281	-0.04814353957772255	0.0029862031806260347	-0.03327608108520508	-0.11444205045700073	0.0047659436240792274	0.013603107072412968	-0.05097266286611557	-0.015266401693224907	-0.026352521032094955	-0.08443218469619751	-0.03778832405805588	-0.06266190111637115	-0.05184037983417511	-0.09949227422475815	-0.05123601853847504	-0.02845887467265129	-0.08347418904304504	-0.10221056640148163	-0.08409161865711212	0.05625427886843681	-0.04349922388792038	-0.011190029792487621	0.08501653373241425	-0.04442061111330986	0.01944071613252163	0.016771839931607246	-0.007248962298035622	-0.07684379816055298	-0.04922841489315033	0.0375390350818634
0.08038521558046341	0.0005135754472576082	-0.03376169502735138	0.23375463485717773	0.1294708102941513	0.14429903030395508	-0.07833225280046463	0.06580182909965515	-0.11050254851579666	0.1977536976337433	-0.12655436992645264	-0.30332252383232117	-0.07545731216669083	-0.2094477117061615	0.27855631709098816	0.05201869457960129	-0.21266701817512512	0.06642396748065948	-0.24257884919643402	0.31215059757232666	-0.14309075474739075	0.09932616353034973	0.08049463480710983	0.04576275497674942	0.22676925361156464	0.26980677247047424	-0.007524337153881788	0.31235137581825256	0.1862468272447586	-0.36587899923324585	0.021694915369153023	0.15989486873149872	0.003825615392997861	0.00021981954341754317	-0.04099944978952408	-0.0265986118465662	0.11322177946567535	0.21519088745117188	-0.0234165508300066	0.09166724979877472	0.21209150552749634	0.12371693551540375	0.08245421946048737	0.05577344074845314	0.12155060470104218	-0.11637064814567566	0.18642176687717438	0.16492027044296265	-0.19432726502418518	-0.125377357006073	0.07976943254470825	0.09477081149816513	0.1760140061378479	0.0550137497484684	-0.005199932027608156	-0.07530691474676132	-0.039003636687994	0.03430863097310066	-0.11450127512216568	-0.06632666289806366	0.08638633042573929	-0.14672110974788666	0.10121762752532959	0.058468081057071686
-0.05415252596139908	-0.09731362015008926	0.05194571241736412	-0.00553659163415432	-0.15175893902778625	-0.012794469483196735	0.0390373170375824	0.004225258249789476	-0.04487108066678047	0.09852460026741028	0.037351448088884354	0.03386569768190384	0.1407393515110016	0.0003388742625247687	-0.15014541149139404	0.014459826052188873	0.057090576738119125	0.10660281032323837	-0.008849105797708035	-0.06075453758239746	0.05968165397644043	-0.024438519030809402	0.004204956814646721	0.08449626713991165	-0.13179434835910797	-0.002134911948814988	-0.07244612276554108	-0.01775633916258812	-0.053626928478479385	0.20001815259456635	-0.020886274054646492	0.017919111996889114	-0.08166221529245377	0.07497729361057281	-0.04814353957772255	0.0029862031806260347	-0.03327608108520508	-0.11444205045700073	0.0047659436240792274	0.013603107072412968	-0.05097266286611557	-0.015266401693224907	-0.026352521032094955	-0.08443218469619751	-0.03778832405805588	-0.06266190111637115	-0.05184037983417511	-0.09949227422475815	-0.05123601853847504	-0.02845887467265129	-0.08347418904304504	-0.10221056640148163	-0.08409161865711212	0.05625427886843681	-0.04349922388792038	-0.011190029792487621	0.08501653373241425	-0.04442061111330986	0.01944071613252163	0.016771839931607246	-0.007248962298035622	-0.07684379816055298	-0.04922841489315033	0.0375390350818634
-0.003464240115135908	0.08831239491701126	-0.1018550843000412	-0.15006157755851746	0.01478763297200203	-0.032335326075553894	0.08015965670347214	-0.01884722337126732	-0.015947559848427773	0.16448166966438293	0.009359411895275116	-0.06761805713176727	-0.028882067650556564	-0.07193989306688309	-0.07250215858221054	0.04543827474117279	-0.015443217009305954	-0.23626163601875305	0.01782657764852047	0.26581284403800964	0.09899436682462692	-0.0811660960316658	0.03123830258846283	-0.20845583081245422	0.1292927861213684	-0.08275807648897171	0.20969314873218536	0.03317504748702049	0.2807557284832001	0.022979537025094032	0.041887007653713226	0.1236206591129303	-0.09564357250928879	-0.09378518164157867	-0.015096466057002544	0.13729622960090637	0.0019495021551847458	-0.08581503480672836	0.06965646892786026	-0.13563735783100128	0.015345461666584015	-0.14986073970794678	0.11783524602651596	-0.1480482965707779	-0.04694536328315735	-0.07334865629673004	0.08888301998376846	0.025236735120415688	-0.05234674736857414	0.24445238709449768	0.06610889732837677	0.2988368570804596	-0.09608327597379684	-0.029729869216680527	-0.01682968996465206	-0.0963536873459816	0.08629350364208221	0.08877281099557877	-0.2548385262489319	0.1682453751564026	-0.01796971820294857	-0.11370789259672165	0.12307143956422806	0.15179064869880676
-0.05415252596139908	-0.09731362015008926	0.05194571241736412	-0.00553659163415432	-0.15175893902778625	-0.012794469483196735	0.0390373170375824	0.004225258249789476	-0.04487108066678047	0.09852460026741028	0.037351448088884354	0.03386569768190384	0.1407393515110016	0.0003388742625247687	-0.15014541149139404	0.014459826052188873	0.057090576738119125	0.10660281032323837	-0.008849105797708035	-0.06075453758239746	0.05968165397644043	-0.024438519030809402	0.004204956814646721	0.08449626713991165	-0.13179434835910797	-0.002134911948814988	-0.07244612276554108	-0.01775633916258812	-0.053626928478479385	0.20001815259456635	-0.020886274054646492	0.017919111996889114	-0.08166221529245377	0.07497729361057281	-0.04814353957772255	0.0029862031806260347	-0.03327608108520508	-0.11444205045700073	0.0047659436240792274	0.013603107072412968	-0.05097266286611557	-0.015266401693224907	-0.026352521032094955	-0.08443218469619751	-0.03778832405805588	-0.06266190111637115	-0.05184037983417511	-0.09949227422475815	-0.05123601853847504	-0.02845887467265129	-0.08347418904304504	-0.10221056640148163	-0.08409161865711212	0.05625427886843681	-0.04349922388792038	-0.011190029792487621	0.08501653373241425	-0.04442061111330986	0.01944071613252163	0.016771839931607246	-0.007248962298035622	-0.07684379816055298	-0.04922841489315033	0.0375390350818634
-0.05415252596139908	-0.09731362015008926	0.05194571241736412	-0.00553659163415432	-0.15175893902778625	-0.012794469483196735	0.0390373170375824	0.004225258249789476	-0.04487108066678047	0.09852460026741028	0.037351448088884354	0.03386569768190384	0.1407393515110016	0.0003388742625247687	-0.15014541149139404	0.014459826052188873	0.057090576738119125	0.10660281032323837	-0.008849105797708035	-0.06075453758239746	0.05968165397644043	-0.024438519030809402	0.004204956814646721	0.08449626713991165	-0.13179434835910797	-0.002134911948814988	-0.07244612276554108	-0.01775633916258812	-0.053626928478479385	0.20001815259456635	-0.020886274054646492	0.017919111996889114	-0.08166221529245377	0.07497729361057281	-0.04814353957772255	0.0029862031806260347	-0.03327608108520508	-0.11444205045700073	0.0047659436240792274	0.013603107072412968	-0.05097266286611557	-0.015266401693224907	-0.026352521032094955	-0.08443218469619751	-0.03778832405805588	-0.06266190111637115	-0.05184037983417511	-0.09949227422475815	-0.05123601853847504	-0.02845887467265129	-0.08347418904304504	-0.10221056640148163	-0.08409161865711212	0.05625427886843681	-0.04349922388792038	-0.011190029792487621	0.08501653373241425	-0.04442061111330986	0.01944071613252163	0.016771839931607246	-0.007248962298035622	-0.07684379816055298	-0.04922841489315033	0.0375390350818634
-0.07583089172840118	0.1548813134431839	-0.023502053692936897	0.046011991798877716	0.09905874729156494	-0.12846434116363525	-0.09718049317598343	-0.012068027630448341	-0.04282863810658455	-0.24094752967357635	-0.0918889120221138	-0.10374733805656433	-0.013719058595597744	0.07049937546253204	-0.26458147168159485	-0.059393465518951416	-0.2310243546962738	0.25690901279449463	-0.1642841398715973	-0.308129221200943	0.14804935455322266	-0.03844616562128067	-0.21360516548156738	0.16822782158851624	-0.004977526143193245	-0.20785857737064362	0.04563566669821739	-0.03671136125922203	-0.12498302757740021	0.16977311670780182	-0.21586531400680542	0.02378316968679428	0.12950335443019867	-0.021169770509004593	-0.04467152804136276	-0.03388182446360588	0.031493861228227615	0.02039790339767933	0.016703100875020027	-0.023359086364507675	-0.21701589226722717	0.13892368972301483	-0.09431672096252441	0.19872047007083893	0.1997494250535965	0.07444683462381363	-0.1734880805015564	-0.01088742446154356	0.0686965361237526	-0.10892776399850845	-0.020133832469582558	-0.0993184968829155	0.033174555748701096	-0.01112400833517313	0.06416906416416168	0.01721571944653988	-0.12926602363586426	-0.0048854900524020195	0.27416375279426575	0.05699137598276138	0.15242566168308258	0.03750953450798988	0.022052280604839325	-0.037245556712150574
-0.003464240115135908	0.08831239491701126	-0.1018550843000412	-0.15006157755851746	0.01478763297200203	-0.032335326075553894	0.08015965670347214	-0.01884722337126732	-0.015947559848427773	0.16448166966438293	0.009359411895275116	-0.06761805713176727	-0.028882067650556564	-0.07193989306688309	-0.07250215858221054	0.04543827474117279	-0.015443217009305954	-0.23626163601875305	0.01782657764852047	0.26581284403800964	0.09899436682462692	-0.0811660960316658	0.03123830258846283	-0.20845583081245422	0.1292927861213684	-0.08275807648897171	0.20969314873218536	0.03317504748702049	0.2807557284832001	0.022979537025094032	0.041887007653713226	0.1236206591129303	-0.09564357250928879	-0.09378518164157867	-0.015096466057002544	0.13729622960090637	0.0019495021551847458	-0.08581503480672836	0.06965646892786026	-0.13563735783100128	0.015345461666584015	-0.14986073970794678	0.11783524602651596	-0.1480482965707779	-0.04694536328315735	-0.07334865629673004	0.08888301998376846	0.025236735120415688	-0.05234674736857414	0.24445238709449768	0.06610889732837677	0.2988368570804596	-0.09608327597379684	-0.029729869216680527	-0.01682968996465206	-0.0963536873459816	0.08629350364208221	0.08877281099557877	-0.2548385262489319	0.1682453751564026	-0.01796971820294857	-0.11370789259672165	0.12307143956422806	0.15179064869880676
-0.05415252596139908	-0.09731362015008926	0.05194571241736412	-0.00553659163415432	-0.15175893902778625	-0.012794469483196735	0.0390373170375824	0.004225258249789476	-0.04487108066678047	0.09852460026741028	0.037351448088884354	0.03386569768190384	0.1407393515110016	0.0003388742625247687	-0.15014541149139404	0.014459826052188873	0.057090576738119125	0.10660281032323837	-0.008849105797708035	-0.06075453758239746	0.05968165397644043	-0.024438519030809402	0.004204956814646721	0.08449626713991165	-0.13179434835910797	-0.002134911948814988	-0.07244612276554108	-0.01775633916258812	-0.053626928478479385	0.20001815259456635	-0.020886274054646492	0.017919111996889114	-0.08166221529245377	0.07497729361057281	-0.04814353957772255	0.0029862031806260347	-0.03327608108520508	-0.11444205045700073	0.0047659436240792274	0.013603107072412968	-0.05097266286611557	-0.015266401693224907	-0.026352521032094955	-0.08443218469619751	-0.03778832405805588	-0.06266190111637115	-0.05184037983417511	-0.09949227422475815	-0.05123601853847504	-0.02845887467265129	-0.08347418904304504	-0.10221056640148163	-0.08409161865711212	0.05625427886843681	-0.04349922388792038	-0.011190029792487621	0.08501653373241425	-0.04442061111330986	0.01944071613252163	0.016771839931607246	-0.007248962298035622	-0.07684379816055298	-0.04922841489315033	0.0375390350818634
-0.05415252596139908	-0.09731362015008926	0.05194571241736412	-0.00553659163415432	-0.15175893902778625	-0.012794469483196735	0.0390373170375824	0.004225258249789476	-0.04487108066678047	0.09852460026741028	0.037351448088884354	0.03386569768190384	0.1407393515110016	0.0003388742625247687	-0.15014541149139404	0.014459826052188873	0.057090576738119125	0.10660281032323837	-0.008849105797708035	-0.06075453758239746	0.05968165397644043	-0.024438519030809402	0.004204956814646721	0.08449626713991165	-0.13179434835910797	-0.002134911948814988	-0.07244612276554108	-0.01775633916258812	-0.053626928478479385	0.20001815259456635	-0.020886274054646492	0.017919111996889114	-0.08166221529245377	0.07497729361057281	-0.04814353957772255	0.0029862031806260347	-0.03327608108520508	-0.11444205045700073	0.0047659436240792274	0.013603107072412968	-0.05097266286611557	-0.015266401693224907	-0.026352521032094955	-0.08443218469619751	-0.03778832405805588	-0.06266190111637115	-0.05184037983417511	-0.09949227422475815	-0.05123601853847504	-0.02845887467265129	-0.08347418904304504	-0.10221056640148163	-0.08409161865711212	0.05625427886843681	-0.04349922388792038	-0.011190029792487621	0.08501653373241425	-0.04442061111330986	0.01944071613252163	0.016771839931607246	-0.007248962298035622	-0.07684379816055298	-0.04922841489315033	0.0375390350818634
-0.003464240115135908	0.08831239491701126	-0.1018550843000412	-0.15006157755851746	0.01478763297200203	-0.032335326075553894	0.08015965670347214	-0.01884722337126732	-0.015947559848427773	0.16448166966438293	0.009359411895275116	-0.06761805713176727	-0.028882067650556564	-0.07193989306688309	-0.07250215858221054	0.04543827474117279	-0.015443217009305954	-0.23626163601875305	0.01782657764852047	0.26581284403800964	0.09899436682462692	-0.0811660960316658	0.03123830258846283	-0.20845583081245422	0.1292927861213684	-0.08275807648897171	0.20969314873218536	0.03317504748702049	0.2807557284832001	0.022979537025094032	0.041887007653713226	0.1236206591129303	-0.09564357250928879	-0.09378518164157867	-0.015096466057002544	0.13729622960090637	0.0019495021551847458	-0.08581503480672836	0.06965646892786026	-0.13563735783100128	0.015345461666584015	-0.14986073970794678	0.11783524602651596	-0.1480482965707779	-0.04694536328315735	-0.07334865629673004	0.08888301998376846	0.025236735120415688	-0.05234674736857414	0.24445238709449768	0.06610889732837677	0.2988368570804596	-0.09608327597379684	-0.029729869216680527	-0.01682968996465206	-0.0963536873459816	0.08629350364208221	0.08877281099557877	-0.2548385262489319	0.1682453751564026	-0.01796971820294857	-0.11370789259672165	0.12307143956422806	0.15179064869880676
-0.07583089172840118	0.1548813134431839	-0.023502053692936897	0.046011991798877716	0.09905874729156494	-0.12846434116363525	-0.09718049317598343	-0.012068027630448341	-0.04282863810658455	-0.24094752967357635	-0.0918889120221138	-0.10374733805656433	-0.013719058595597744	0.07049937546253204	-0.26458147168159485	-0.059393465518951416	-0.2310243546962738	0.25690901279449463	-0.1642841398715973	-0.308129221200943	0.14804935455322266	-0.03844616562128067	-0.21360516548156738	0.16822782158851624	-0.004977526143193245	-0.20785857737064362	0.04563566669821739	-0.03671136125922203	-0.12498302757740021	0.16977311670780182	-0.21586531400680542	0.02378316968679428	0.12950335443019867	-0.021169770509004593	-0.04467152804136276	-0.03388182446360588	0.031493861228227615	0.02039790339767933	0.016703100875020027	-0.023359086364507675	-0.21701589226722717	0.13892368972301483	-0.09431672096252441	0.19872047007083893	0.1997494250535965	0.07444683462381363	-0.1734880805015564	-0.01088742446154356	0.0686965361237526	-0.10892776399850845	-0.020133832469582558	-0.0993184968829155	0.033174555748701096	-0.01112400833517313	0.06416906416416168	0.01721571944653988	-0.12926602363586426	-0.0048854900524020195	0.27416375279426575	0.05699137598276138	0.15242566168308258	0.03750953450798988	0.022052280604839325	-0.037245556712150574
-0.003464240115135908	0.08831239491701126	-0.1018550843000412	-0.15006157755851746	0.01478763297200203	-0.032335326075553894	0.08015965670347214	-0.01884722337126732	-0.015947559848427773	0.16448166966438293	0.009359411895275116	-0.06761805713176727	-0.028882067650556564	-0.07193989306688309	-0.07250215858221054	0.04543827474117279	-0.015443217009305954	-0.23626163601875305	0.01782657764852047	0.26581284403800964	0.09899436682462692	-0.0811660960316658	0.03123830258846283	-0.20845583081245422	0.1292927861213684	-0.08275807648897171	0.20969314873218536	0.03317504748702049	0.2807557284832001	0.022979537025094032	0.041887007653713226	0.1236206591129303	-0.09564357250928879	-0.09378518164157867	-0.015096466057002544	0.13729622960090637	0.0019495021551847458	-0.08581503480672836	0.06965646892786026	-0.13563735783100128	0.015345461666584015	-0.14986073970794678	0.11783524602651596	-0.1480482965707779	-0.04694536328315735	-0.07334865629673004	0.08888301998376846	0.025236735120415688	-0.05234674736857414	0.24445238709449768	0.06610889732837677	0.2988368570804596	-0.09608327597379684	-0.029729869216680527	-0.01682968996465206	-0.0963536873459816	0.08629350364208221	0.08877281099557877	-0.2548385262489319	0.1682453751564026	-0.01796971820294857	-0.11370789259672165	0.12307143956422806	0.15179064869880676
-0.003464240115135908	0.08831239491701126	-0.1018550843000412	-0.15006157755851746	0.01478763297200203	-0.032335326075553894	0.08015965670347214	-0.01884722337126732	-0.015947559848427773	0.16448166966438293	0.009359411895275116	-0.06761805713176727	-0.028882067650556564	-0.07193989306688309	-0.07250215858221054	0.04543827474117279	-0.015443217009305954	-0.23626163601875305	0.01782657764852047	0.26581284403800964	0.09899436682462692	-0.0811660960316658	0.03123830258846283	-0.20845583081245422	0.1292927861213684	-0.08275807648897171	0.20969314873218536	0.03317504748702049	0.2807557284832001	0.022979537025094032	0.041887007653713226	0.1236206591129303	-0.09564357250928879	-0.09378518164157867	-0.015096466057002544	0.13729622960090637	0.0019495021551847458	-0.08581503480672836	0.06965646892786026	-0.13563735783100128	0.015345461666584015	-0.14986073970794678	0.11783524602651596	-0.1480482965707779	-0.04694536328315735	-0.07334865629673004	0.08888301998376846	0.025236735120415688	-0.05234674736857414	0.24445238709449768	0.06610889732837677	0.2988368570804596	-0.09608327597379684	-0.029729869216680527	-0.01682968996465206	-0.0963536873459816	0.08629350364208221	0.08877281099557877	-0.2548385262489319	0.1682453751564026	-0.01796971820294857	-0.11370789259672165	0.12307143956422806	0.15179064869880676
-0.003464240115135908	0.08831239491701126	-0.1018550843000412	-0.15006157755851746	0.01478763297200203	-0.032335326075553894	0.08015965670347214	-0.01884722337126732	-0.015947559848427773	0.16448166966438293	0.009359411895275116	-0.06761805713176727	-0.028882067650556564	-0.07193989306688309	-0.07250215858221054	0.04543827474117279	-0.015443217009305954	-0.23626163601875305	0.01782657764852047	0.26581284403800964	0.09899436682462692	-0.0811660960316658	0.03123830258846283	-0.20845583081245422	0.1292927861213684	-0.08275807648897171	0.20969314873218536	0.03317504748702049	0.2807557284832001	0.022979537025094032	0.041887007653713226	0.1236206591129303	-0.09564357250928879	-0.09378518164157867	-0.015096466057002544	0.13729622960090637	0.0019495021551847458	-0.08581503480672836	0.06965646892786026	-0.13563735783100128	0.015345461666584015	-0.14986073970794678	0.11783524602651596	-0.1480482965707779	-0.04694536328315735	-0.07334865629673004	0.08888301998376846	0.025236735120415688	-0.05234674736857414	0.24445238709449768	0.06610889732837677	0.2988368570804596	-0.09608327597379684	-0.029729869216680527	-0.01682968996465206	-0.0963536873459816	0.08629350364208221	0.08877281099557877	-0.2548385262489319	0.1682453751564026	-0.01796971820294857	-0.11370789259672165	0.12307143956422806	0.15179064869880676
-0.003464240115135908	0.08831239491701126	-0.1018550843000412	-0.15006157755851746	0.01478763297200203	-0.032335326075553894	0.08015965670347214	-0.01884722337126732	-0.015947559848427773	0.16448166966438293	0.009359411895275116	-0.06761805713176727	-0.028882067650556564	-0.07193989306688309	-0.07250215858221054	0.04543827474117279	-0.015443217009305954	-0.23626163601875305	0.01782657764852047	0.26581284403800964	0.09899436682462692	-0.0811660960316658	0.03123830258846283	-0.20845583081245422	0.1292927861213684	-0.08275807648897171	0.20969314873218536	0.03317504748702049	0.2807557284832001	0.022979537025094032	0.041887007653713226	0.1236206591129303	-0.09564357250928879	-0.09378518164157867	-0.015096466057002544	0.13729622960090637	0.0019495021551847458	-0.08581503480672836	0.06965646892786026	-0.13563735783100128	0.015345461666584015	-0.14986073970794678	0.11783524602651596	-0.1480482965707779	-0.04694536328315735	-0.07334865629673004	0.08888301998376846	0.025236735120415688	-0.05234674736857414	0.24445238709449768	0.06610889732837677	0.2988368570804596	-0.09608327597379684	-0.029729869216680527	-0.01682968996465206	-0.0963536873459816	0.08629350364208221	0.08877281099557877	-0.2548385262489319	0.1682453751564026	-0.01796971820294857	-0.11370789259672165	0.12307143956422806	0.15179064869880676
-0.003464240115135908	0.08831239491701126	-0.1018550843000412	-0.15006157755851746	0.01478763297200203	-0.032335326075553894	0.08015965670347214	-0.01884722337126732	-0.015947559848427773	0.16448166966438293	0.009359411895275116	-0.06761805713176727	-0.028882067650556564	-0.07193989306688309	-0.07250215858221054	0.04543827474117279	-0.015443217009305954	-0.23626163601875305	0.01782657764852047	0.26581284403800964	0.09899436682462692	-0.0811660960316658	0.03123830258846283	-0.20845583081245422	0.1292927861213684	-0.08275807648897171	0.20969314873218536	0.03317504748702049	0.2807557284832001	0.022979537025094032	0.041887007653713226	0.1236206591129303	-0.09564357250928879	-0.09378518164157867	-0.015096466057002544	0.13729622960090637	0.0019495021551847458	-0.08581503480672836	0.06965646892786026	-0.13563735783100128	0.015345461666584015	-0.14986073970794678	0.11783524602651596	-0.1480482965707779	-0.04694536328315735	-0.07334865629673004	0.08888301998376846	0.025236735120415688	-0.05234674736857414	0.24445238709449768	0.06610889732837677	0.2988368570804596	-0.09608327597379684	-0.029729869216680527	-0.01682968996465206	-0.0963536873459816	0.08629350364208221	0.08877281099557877	-0.2548385262489319	0.1682453751564026	-0.01796971820294857	-0.11370789259672165	0.12307143956422806	0.15179064869880676
-0.003464240115135908	0.08831239491701126	-0.1018550843000412	-0.15006157755851746	0.01478763297200203	-0.032335326075553894	0.08015965670347214	-0.01884722337126732	-0.015947559848427773	0.16448166966438293	0.009359411895275116	-0.06761805713176727	-0.028882067650556564	-0.07193989306688309	-0.07250215858221054	0.04543827474117279	-0.015443217009305954	-0.23626163601875305	0.01782657764852047	0.26581284403800964	0.09899436682462692	-0.0811660960316658	0.03123830258846283	-0.20845583081245422	0.1292927861213684	-0.08275807648897171	0.20969314873218536	0.03317504748702049	0.2807557284832001	0.022979537025094032	0.041887007653713226	0.1236206591129303	-0.09564357250928879	-0.09378518164157867	-0.015096466057002544	0.13729622960090637	0.0019495021551847458	-0.08581503480672836	0.06965646892786026	-0.13563735783100128	0.015345461666584015	-0.14986073970794678	0.11783524602651596	-0.1480482965707779	-0.04694536328315735	-0.07334865629673004	0.08888301998376846	0.025236735120415688	-0.05234674736857414	0.24445238709449768	0.06610889732837677	0.2988368570804596	-0.09608327597379684	-0.029729869216680527	-0.01682968996465206	-0.0963536873459816	0.08629350364208221	0.08877281099557877	-0.2548385262489319	0.1682453751564026	-0.01796971820294857	-0.11370789259672165	0.12307143956422806	0.15179064869880676
-0.003464240115135908	0.08831239491701126	-0.1018550843000412	-0.15006157755851746	0.01478763297200203	-0.032335326075553894	0.08015965670347214	-0.01884722337126732	-0.015947559848427773	0.16448166966438293	0.009359411895275116	-0.06761805713176727	-0.028882067650556564	-0.07193989306688309	-0.07250215858221054	0.04543827474117279	-0.015443217009305954	-0.23626163601875305	0.01782657764852047	0.26581284403800964	0.09899436682462692	-0.0811660960316658	0.03123830258846283	-0.20845583081245422	0.1292927861213684	-0.08275807648897171	0.20969314873218536	0.03317504748702049	0.2807557284832001	0.022979537025094032	0.041887007653713226	0.1236206591129303	-0.09564357250928879	-0.09378518164157867	-0.015096466057002544	0.13729622960090637	0.0019495021551847458	-0.08581503480672836	0.06965646892786026	-0.13563735783100128	0.015345461666584015	-0.14986073970794678	0.11783524602651596	-0.1480482965707779	-0.04694536328315735	-0.07334865629673004	0.08888301998376846	0.025236735120415688	-0.05234674736857414	0.24445238709449768	0.06610889732837677	0.2988368570804596	-0.09608327597379684	-0.029729869216680527	-0.01682968996465206	-0.0963536873459816	0.08629350364208221	0.08877281099557877	-0.2548385262489319	0.1682453751564026	-0.01796971820294857	-0.11370789259672165	0.12307143956422806	0.15179064869880676
-0.05415252596139908	-0.09731362015008926	0.05194571241736412	-0.00553659163415432	-0.15175893902778625	-0.012794469483196735	0.0390373170375824	0.004225258249789476	-0.04487108066678047	0.09852460026741028	0.037351448088884354	0.03386569768190384	0.1407393515110016	0.0003388742625247687	-0.15014541149139404	0.014459826052188873	0.057090576738119125	0.10660281032323837	-0.008849105797708035	-0.06075453758239746	0.05968165397644043	-0.024438519030809402	0.004204956814646721	0.08449626713991165	-0.13179434835910797	-0.002134911948814988	-0.07244612276554108	-0.01775633916258812	-0.053626928478479385	0.20001815259456635	-0.020886274054646492	0.017919111996889114	-0.08166221529245377	0.07497729361057281	-0.04814353957772255	0.0029862031806260347	-0.03327608108520508	-0.11444205045700073	0.0047659436240792274	0.013603107072412968	-0.05097266286611557	-0.015266401693224907	-0.026352521032094955	-0.08443218469619751	-0.03778832405805588	-0.06266190111637115	-0.05184037983417511	-0.09949227422475815	-0.05123601853847504	-0.02845887467265129	-0.08347418904304504	-0.10221056640148163	-0.08409161865711212	0.05625427886843681	-0.04349922388792038	-0.011190029792487621	0.08501653373241425	-0.04442061111330986	0.01944071613252163	0.016771839931607246	-0.007248962298035622	-0.07684379816055298	-0.04922841489315033	0.0375390350818634
-0.05415252596139908	-0.09731362015008926	0.05194571241736412	-0.00553659163415432	-0.15175893902778625	-0.012794469483196735	0.0390373170375824	0.004225258249789476	-0.04487108066678047	0.09852460026741028	0.037351448088884354	0.03386569768190384	0.1407393515110016	0.0003388742625247687	-0.15014541149139404	0.014459826052188873	0.057090576738119125	0.10660281032323837	-0.008849105797708035	-0.06075453758239746	0.05968165397644043	-0.024438519030809402	0.004204956814646721	0.08449626713991165	-0.13179434835910797	-0.002134911948814988	-0.07244612276554108	-0.01775633916258812	-0.053626928478479385	0.20001815259456635	-0.020886274054646492	0.017919111996889114	-0.08166221529245377	0.07497729361057281	-0.04814353957772255	0.0029862031806260347	-0.03327608108520508	-0.11444205045700073	0.0047659436240792274	0.013603107072412968	-0.05097266286611557	-0.015266401693224907	-0.026352521032094955	-0.08443218469619751	-0.03778832405805588	-0.06266190111637115	-0.05184037983417511	-0.09949227422475815	-0.05123601853847504	-0.02845887467265129	-0.08347418904304504	-0.10221056640148163	-0.08409161865711212	0.05625427886843681	-0.04349922388792038	-0.011190029792487621	0.08501653373241425	-0.04442061111330986	0.01944071613252163	0.016771839931607246	-0.007248962298035622	-0.07684379816055298	-0.04922841489315033	0.0375390350818634
-0.003464240115135908	0.08831239491701126	-0.1018550843000412	-0.15006157755851746	0.01478763297200203	-0.032335326075553894	0.08015965670347214	-0.01884722337126732	-0.015947559848427773	0.16448166966438293	0.009359411895275116	-0.06761805713176727	-0.028882067650556564	-0.07193989306688309	-0.07250215858221054	0.04543827474117279	-0.015443217009305954	-0.23626163601875305	0.01782657764852047	0.26581284403800964	0.09899436682462692	-0.0811660960316658	0.03123830258846283	-0.20845583081245422	0.1292927861213684	-0.08275807648897171	0.20969314873218536	0.03317504748702049	0.2807557284832001	0.022979537025094032	0.041887007653713226	0.1236206591129303	-0.09564357250928879	-0.09378518164157867	-0.015096466057002544	0.13729622960090637	0.0019495021551847458	-0.08581503480672836	0.06965646892786026	-0.13563735783100128	0.015345461666584015	-0.14986073970794678	0.11783524602651596	-0.1480482965707779	-0.04694536328315735	-0.07334865629673004	0.08888301998376846	0.025236735120415688	-0.05234674736857414	0.24445238709449768	0.06610889732837677	0.2988368570804596	-0.09608327597379684	-0.029729869216680527	-0.01682968996465206	-0.0963536873459816	0.08629350364208221	0.08877281099557877	-0.2548385262489319	0.1682453751564026	-0.01796971820294857	-0.11370789259672165	0.12307143956422806	0.15179064869880676
-0.05415252596139908	-0.09731362015008926	0.05194571241736412	-0.00553659163415432	-0.15175893902778625	-0.012794469483196735	0.0390373170375824	0.004225258249789476	-0.04487108066678047	0.09852460026741028	0.037351448088884354	0.03386569768190384	0.1407393515110016	0.0003388742625247687	-0.15014541149139404	0.014459826052188873	0.057090576738119125	0.10660281032323837	-0.008849105797708035	-0.06075453758239746	0.05968165397644043	-0.024438519030809402	0.004204956814646721	0.08449626713991165	-0.13179434835910797	-0.002134911948814988	-0.07244612276554108	-0.01775633916258812	-0.053626928478479385	0.20001815259456635	-0.020886274054646492	0.017919111996889114	-0.08166221529245377	0.07497729361057281	-0.04814353957772255	0.0029862031806260347	-0.03327608108520508	-0.11444205045700073	0.0047659436240792274	0.013603107072412968	-0.05097266286611557	-0.015266401693224907	-0.026352521032094955	-0.08443218469619751	-0.03778832405805588	-0.06266190111637115	-0.05184037983417511	-0.09949227422475815	-0.05123601853847504	-0.02845887467265129	-0.08347418904304504	-0.10221056640148163	-0.08409161865711212	0.05625427886843681	-0.04349922388792038	-0.011190029792487621	0.08501653373241425	-0.04442061111330986	0.01944071613252163	0.016771839931607246	-0.007248962298035622	-0.07684379816055298	-0.04922841489315033	0.0375390350818634
-0.003464240115135908	0.08831239491701126	-0.1018550843000412	-0.15006157755851746	0.01478763297200203	-0.032335326075553894	0.08015965670347214	-0.01884722337126732	-0.015947559848427773	0.16448166966438293	0.009359411895275116	-0.06761805713176727	-0.028882067650556564	-0.07193989306688309	-0.07250215858221054	0.04543827474117279	-0.015443217009305954	-0.23626163601875305	0.01782657764852047	0.26581284403800964	0.09899436682462692	-0.0811660960316658	0.03123830258846283	-0.20845583081245422	0.1292927861213684	-0.08275807648897171	0.20969314873218536	0.03317504748702049	0.2807557284832001	0.022979537025094032	0.041887007653713226	0.1236206591129303	-0.09564357250928879	-0.09378518164157867	-0.015096466057002544	0.13729622960090637	0.0019495021551847458	-0.08581503480672836	0.06965646892786026	-0.13563735783100128	0.015345461666584015	-0.14986073970794678	0.11783524602651596	-0.1480482965707779	-0.04694536328315735	-0.07334865629673004	0.08888301998376846	0.025236735120415688	-0.05234674736857414	0.24445238709449768	0.06610889732837677	0.2988368570804596	-0.09608327597379684	-0.029729869216680527	-0.01682968996465206	-0.0963536873459816	0.08629350364208221	0.08877281099557877	-0.2548385262489319	0.1682453751564026	-0.01796971820294857	-0.11370789259672165	0.12307143956422806	0.15179064869880676
-0.05415252596139908	-0.09731362015008926	0.05194571241736412	-0.00553659163415432	-0.15175893902778625	-0.012794469483196735	0.0390373170375824	0.004225258249789476	-0.04487108066678047	0.09852460026741028	0.037351448088884354	0.03386569768190384	0.1407393515110016	0.0003388742625247687	-0.15014541149139404	0.014459826052188873	0.057090576738119125	0.10660281032323837	-0.008849105797708035	-0.06075453758239746	0.05968165397644043	-0.024438519030809402	0.004204956814646721	0.08449626713991165	-0.13179434835910797	-0.002134911948814988	-0.07244612276554108	-0.01775633916258812	-0.053626928478479385	0.20001815259456635	-0.020886274054646492	0.017919111996889114	-0.08166221529245377	0.07497729361057281	-0.04814353957772255	0.0029862031806260347	-0.03327608108520508	-0.11444205045700073	0.0047659436240792274	0.013603107072412968	-0.05097266286611557	-0.015266401693224907	-0.026352521032094955	-0.08443218469619751	-0.03778832405805588	-0.06266190111637115	-0.05184037983417511	-0.09949227422475815	-0.05123601853847504	-0.02845887467265129	-0.08347418904304504	-0.10221056640148163	-0.08409161865711212	0.05625427886843681	-0.04349922388792038	-0.011190029792487621	0.08501653373241425	-0.04442061111330986	0.01944071613252163	0.016771839931607246	-0.007248962298035622	-0.07684379816055298	-0.04922841489315033	0.0375390350818634
0.08038521558046341	0.0005135754472576082	-0.03376169502735138	0.23375463485717773	0.1294708102941513	0.14429903030395508	-0.07833225280046463	0.06580182909965515	-0.11050254851579666	0.1977536976337433	-0.12655436992645264	-0.30332252383232117	-0.07545731216669083	-0.2094477117061615	0.27855631709098816	0.05201869457960129	-0.21266701817512512	0.06642396748065948	-0.24257884919643402	0.31215059757232666	-0.14309075474739075	0.09932616353034973	0.08049463480710983	0.04576275497674942	0.22676925361156464	0.26980677247047424	-0.007524337153881788	0.31235137581825256	0.1862468272447586	-0.36587899923324585	0.021694915369153023	0.15989486873149872	0.003825615392997861	0.00021981954341754317	-0.04099944978952408	-0.0265986118465662	0.11322177946567535	0.21519088745117188	-0.0234165508300066	0.09166724979877472	0.21209150552749634	0.12371693551540375	0.08245421946048737	0.05577344074845314	0.12155060470104218	-0.11637064814567566	0.18642176687717438	0.16492027044296265	-0.19432726502418518	-0.125377357006073	0.07976943254470825	0.09477081149816513	0.1760140061378479	0.0550137497484684	-0.005199932027608156	-0.07530691474676132	-0.039003636687994	0.03430863097310066	-0.11450127512216568	-0.06632666289806366	0.08638633042573929	-0.14672110974788666	0.10121762752532959	0.058468081057071686
-0.05415252596139908	-0.09731362015008926	0.05194571241736412	-0.00553659163415432	-0.15175893902778625	-0.012794469483196735	0.0390373170375824	0.004225258249789476	-0.04487108066678047	0.09852460026741028	0.037351448088884354	0.03386569768190384	0.1407393515110016	0.0003388742625247687	-0.15014541149139404	0.014459826052188873	0.057090576738119125	0.10660281032323837	-0.008849105797708035	-0.06075453758239746	0.05968165397644043	-0.024438519030809402	0.004204956814646721	0.08449626713991165	-0.13179434835910797	-0.002134911948814988	-0.07244612276554108	-0.01775633916258812	-0.053626928478479385	0.20001815259456635	-0.020886274054646492	0.017919111996889114	-0.08166221529245377	0.07497729361057281	-0.04814353957772255	0.0029862031806260347	-0.03327608108520508	-0.11444205045700073	0.0047659436240792274	0.013603107072412968	-0.05097266286611557	-0.015266401693224907	-0.026352521032094955	-0.08443218469619751	-0.03778832405805588	-0.06266190111637115	-0.05184037983417511	-0.09949227422475815	-0.05123601853847504	-0.02845887467265129	-0.08347418904304504	-0.10221056640148163	-0.08409161865711212	0.05625427886843681	-0.04349922388792038	-0.011190029792487621	0.08501653373241425	-0.04442061111330986	0.01944071613252163	0.016771839931607246	-0.007248962298035622	-0.07684379816055298	-0.04922841489315033	0.0375390350818634
-0.003464240115135908	0.08831239491701126	-0.1018550843000412	-0.15006157755851746	0.01478763297200203	-0.032335326075553894	0.08015965670347214	-0.01884722337126732	-0.015947559848427773	0.16448166966438293	0.009359411895275116	-0.06761805713176727	-0.028882067650556564	-0.07193989306688309	-0.07250215858221054	0.04543827474117279	-0.015443217009305954	-0.23626163601875305	0.01782657764852047	0.26581284403800964	0.09899436682462692	-0.0811660960316658	0.03123830258846283	-0.20845583081245422	0.1292927861213684	-0.08275807648897171	0.20969314873218536	0.03317504748702049	0.2807557284832001	0.022979537025094032	0.041887007653713226	0.1236206591129303	-0.09564357250928879	-0.09378518164157867	-0.015096466057002544	0.13729622960090637	0.0019495021551847458	-0.08581503480672836	0.06965646892786026	-0.13563735783100128	0.015345461666584015	-0.14986073970794678	0.11783524602651596	-0.1480482965707779	-0.04694536328315735	-0.07334865629673004	0.08888301998376846	0.025236735120415688	-0.05234674736857414	0.24445238709449768	0.06610889732837677	0.2988368570804596	-0.09608327597379684	-0.029729869216680527	-0.01682968996465206	-0.0963536873459816	0.08629350364208221	0.08877281099557877	-0.2548385262489319	0.1682453751564026	-0.01796971820294857	-0.11370789259672165	0.12307143956422806	0.15179064869880676
-0.05415252596139908	-0.09731362015008926	0.05194571241736412	-0.00553659163415432	-0.15175893902778625	-0.012794469483196735	0.0390373170375824	0.004225258249789476	-0.04487108066678047	0.09852460026741028	0.037351448088884354	0.03386569768190384	0.1407393515110016	0.0003388742625247687	-0.15014541149139404	0.014459826052188873	0.057090576738119125	0.10660281032323837	-0.008849105797708035	-0.06075453758239746	0.05968165397644043	-0.024438519030809402	0.004204956814646721	0.08449626713991165	-0.13179434835910797	-0.002134911948814988	-0.07244612276554108	-0.01775633916258812	-0.053626928478479385	0.20001815259456635	-0.020886274054646492	0.017919111996889114	-0.08166221529245377	0.07497729361057281	-0.04814353957772255	0.0029862031806260347	-0.03327608108520508	-0.11444205045700073	0.0047659436240792274	0.013603107072412968	-0.05097266286611557	-0.015266401693224907	-0.026352521032094955	-0.08443218469619751	-0.03778832405805588	-0.06266190111637115	-0.05184037983417511	-0.09949227422475815	-0.05123601853847504	-0.02845887467265129	-0.08347418904304504	-0.10221056640148163	-0.08409161865711212	0.05625427886843681	-0.04349922388792038	-0.011190029792487621	0.08501653373241425	-0.04442061111330986	0.01944071613252163	0.016771839931607246	-0.007248962298035622	-0.07684379816055298	-0.04922841489315033	0.0375390350818634
-0.05415252596139908	-0.09731362015008926	0.05194571241736412	-0.00553659163415432	-0.15175893902778625	-0.012794469483196735	0.0390373170375824	0.004225258249789476	-0.04487108066678047	0.09852460026741028	0.037351448088884354	0.03386569768190384	0.1407393515110016	0.0003388742625247687	-0.15014541149139404	0.014459826052188873	0.057090576738119125	0.10660281032323837	-0.008849105797708035	-0.06075453758239746	0.05968165397644043	-0.024438519030809402	0.004204956814646721	0.08449626713991165	-0.13179434835910797	-0.002134911948814988	-0.07244612276554108	-0.01775633916258812	-0.053626928478479385	0.20001815259456635	-0.020886274054646492	0.017919111996889114	-0.08166221529245377	0.07497729361057281	-0.04814353957772255	0.0029862031806260347	-0.03327608108520508	-0.11444205045700073	0.0047659436240792274	0.013603107072412968	-0.05097266286611557	-0.015266401693224907	-0.026352521032094955	-0.08443218469619751	-0.03778832405805588	-0.06266190111637115	-0.05184037983417511	-0.09949227422475815	-0.05123601853847504	-0.02845887467265129	-0.08347418904304504	-0.10221056640148163	-0.08409161865711212	0.05625427886843681	-0.04349922388792038	-0.011190029792487621	0.08501653373241425	-0.04442061111330986	0.01944071613252163	0.016771839931607246	-0.007248962298035622	-0.07684379816055298	-0.04922841489315033	0.0375390350818634
-0.003464240115135908	0.08831239491701126	-0.1018550843000412	-0.15006157755851746	0.01478763297200203	-0.032335326075553894	0.08015965670347214	-0.01884722337126732	-0.015947559848427773	0.16448166966438293	0.009359411895275116	-0.06761805713176727	-0.028882067650556564	-0.07193989306688309	-0.07250215858221054	0.04543827474117279	-0.015443217009305954	-0.23626163601875305	0.01782657764852047	0.26581284403800964	0.09899436682462692	-0.0811660960316658	0.03123830258846283	-0.20845583081245422	0.1292927861213684	-0.08275807648897171	0.20969314873218536	0.03317504748702049	0.2807557284832001	0.022979537025094032	0.041887007653713226	0.1236206591129303	-0.09564357250928879	-0.09378518164157867	-0.015096466057002544	0.13729622960090637	0.0019495021551847458	-0.08581503480672836	0.06965646892786026	-0.13563735783100128	0.015345461666584015	-0.14986073970794678	0.11783524602651596	-0.1480482965707779	-0.04694536328315735	-0.07334865629673004	0.08888301998376846	0.025236735120415688	-0.05234674736857414	0.24445238709449768	0.06610889732837677	0.2988368570804596	-0.09608327597379684	-0.029729869216680527	-0.01682968996465206	-0.0963536873459816	0.08629350364208221	0.08877281099557877	-0.2548385262489319	0.1682453751564026	-0.01796971820294857	-0.11370789259672165	0.12307143956422806	0.15179064869880676
-0.07583089172840118	0.1548813134431839	-0.023502053692936897	0.046011991798877716	0.09905874729156494	-0.12846434116363525	-0.09718049317598343	-0.012068027630448341	-0.04282863810658455	-0.24094752967357635	-0.0918889120221138	-0.10374733805656433	-0.013719058595597744	0.07049937546253204	-0.26458147168159485	-0.059393465518951416	-0.2310243546962738	0.25690901279449463	-0.1642841398715973	-0.308129221200943	0.14804935455322266	-0.03844616562128067	-0.21360516548156738	0.16822782158851624	-0.004977526143193245	-0.20785857737064362	0.04563566669821739	-0.03671136125922203	-0.12498302757740021	0.16977311670780182	-0.21586531400680542	0.02378316968679428	0.12950335443019867	-0.021169770509004593	-0.04467152804136276	-0.03388182446360588	0.031493861228227615	0.02039790339767933	0.016703100875020027	-0.023359086364507675	-0.21701589226722717	0.13892368972301483	-0.09431672096252441	0.19872047007083893	0.1997494250535965	0.07444683462381363	-0.1734880805015564	-0.01088742446154356	0.0686965361237526	-0.10892776399850845	-0.020133832469582558	-0.0993184968829155	0.033174555748701096	-0.01112400833517313	0.06416906416416168	0.01721571944653988	-0.12926602363586426	-0.0048854900524020195	0.27416375279426575	0.05699137598276138	0.15242566168308258	0.03750953450798988	0.022052280604839325	-0.037245556712150574
-0.003464240115135908	0.08831239491701126	-0.1018550843000412	-0.15006157755851746	0.01478763297200203	-0.032335326075553894	0.08015965670347214	-0.01884722337126732	-0.015947559848427773	0.16448166966438293	0.009359411895275116	-0.06761805713176727	-0.028882067650556564	-0.07193989306688309	-0.07250215858221054	0.04543827474117279	-0.015443217009305954	-0.23626163601875305	0.01782657764852047	0.26581284403800964	0.09899436682462692	-0.0811660960316658	0.03123830258846283	-0.20845583081245422	0.1292927861213684	-0.08275807648897171	0.20969314873218536	0.03317504748702049	0.2807557284832001	0.022979537025094032	0.041887007653713226	0.1236206591129303	-0.09564357250928879	-0.09378518164157867	-0.015096466057002544	0.13729622960090637	0.0019495021551847458	-0.08581503480672836	0.06965646892786026	-0.13563735783100128	0.015345461666584015	-0.14986073970794678	0.11783524602651596	-0.1480482965707779	-0.04694536328315735	-0.07334865629673004	0.08888301998376846	0.025236735120415688	-0.05234674736857414	0.24445238709449768	0.06610889732837677	0.2988368570804596	-0.09608327597379684	-0.029729869216680527	-0.01682968996465206	-0.0963536873459816	0.08629350364208221	0.08877281099557877	-0.2548385262489319	0.1682453751564026	-0.01796971820294857	-0.11370789259672165	0.12307143956422806	0.15179064869880676
-0.003464240115135908	0.08831239491701126	-0.1018550843000412	-0.15006157755851746	0.01478763297200203	-0.032335326075553894	0.08015965670347214	-0.01884722337126732	-0.015947559848427773	0.16448166966438293	0.009359411895275116	-0.06761805713176727	-0.028882067650556564	-0.07193989306688309	-0.07250215858221054	0.04543827474117279	-0.015443217009305954	-0.23626163601875305	0.01782657764852047	0.26581284403800964	0.09899436682462692	-0.0811660960316658	0.03123830258846283	-0.20845583081245422	0.1292927861213684	-0.08275807648897171	0.20969314873218536	0.03317504748702049	0.2807557284832001	0.022979537025094032	0.041887007653713226	0.1236206591129303	-0.09564357250928879	-0.09378518164157867	-0.015096466057002544	0.13729622960090637	0.0019495021551847458	-0.08581503480672836	0.06965646892786026	-0.13563735783100128	0.015345461666584015	-0.14986073970794678	0.11783524602651596	-0.1480482965707779	-0.04694536328315735	-0.07334865629673004	0.08888301998376846	0.025236735120415688	-0.05234674736857414	0.24445238709449768	0.06610889732837677	0.2988368570804596	-0.09608327597379684	-0.029729869216680527	-0.01682968996465206	-0.0963536873459816	0.08629350364208221	0.08877281099557877	-0.2548385262489319	0.1682453751564026	-0.01796971820294857	-0.11370789259672165	0.12307143956422806	0.15179064869880676
-0.003464240115135908	0.08831239491701126	-0.1018550843000412	-0.15006157755851746	0.01478763297200203	-0.032335326075553894	0.08015965670347214	-0.01884722337126732	-0.015947559848427773	0.16448166966438293	0.009359411895275116	-0.06761805713176727	-0.028882067650556564	-0.07193989306688309	-0.07250215858221054	0.04543827474117279	-0.015443217009305954	-0.23626163601875305	0.01782657764852047	0.26581284403800964	0.09899436682462692	-0.0811660960316658	0.03123830258846283	-0.20845583081245422	0.1292927861213684	-0.08275807648897171	0.20969314873218536	0.03317504748702049	0.2807557284832001	0.022979537025094032	0.041887007653713226	0.1236206591129303	-0.09564357250928879	-0.09378518164157867	-0.015096466057002544	0.13729622960090637	0.0019495021551847458	-0.08581503480672836	0.06965646892786026	-0.13563735783100128	0.015345461666584015	-0.14986073970794678	0.11783524602651596	-0.1480482965707779	-0.04694536328315735	-0.07334865629673004	0.08888301998376846	0.025236735120415688	-0.05234674736857414	0.24445238709449768	0.06610889732837677	0.2988368570804596	-0.09608327597379684	-0.029729869216680527	-0.01682968996465206	-0.0963536873459816	0.08629350364208221	0.08877281099557877	-0.2548385262489319	0.1682453751564026	-0.01796971820294857	-0.11370789259672165	0.12307143956422806	0.15179064869880676
-0.003464240115135908	0.08831239491701126	-0.1018550843000412	-0.15006157755851746	0.01478763297200203	-0.032335326075553894	0.08015965670347214	-0.01884722337126732	-0.015947559848427773	0.16448166966438293	0.009359411895275116	-0.06761805713176727	-0.028882067650556564	-0.07193989306688309	-0.07250215858221054	0.04543827474117279	-0.015443217009305954	-0.23626163601875305	0.01782657764852047	0.26581284403800964	0.09899436682462692	-0.0811660960316658	0.03123830258846283	-0.20845583081245422	0.1292927861213684	-0.08275807648897171	0.20969314873218536	0.03317504748702049	0.2807557284832001	0.022979537025094032	0.041887007653713226	0.1236206591129303	-0.09564357250928879	-0.09378518164157867	-0.015096466057002544	0.13729622960090637	0.0019495021551847458	-0.08581503480672836	0.06965646892786026	-0.13563735783100128	0.015345461666584015	-0.14986073970794678	0.11783524602651596	-0.1480482965707779	-0.04694536328315735	-0.07334865629673004	0.08888301998376846	0.025236735120415688	-0.05234674736857414	0.24445238709449768	0.06610889732837677	0.2988368570804596	-0.09608327597379684	-0.029729869216680527	-0.01682968996465206	-0.0963536873459816	0.08629350364208221	0.08877281099557877	-0.2548385262489319	0.1682453751564026	-0.01796971820294857	-0.11370789259672165	0.12307143956422806	0.15179064869880676
-0.003464240115135908	0.08831239491701126	-0.1018550843000412	-0.15006157755851746	0.01478763297200203	-0.032335326075553894	0.08015965670347214	-0.01884722337126732	-0.015947559848427773	0.16448166966438293	0.009359411895275116	-0.06761805713176727	-0.028882067650556564	-0.07193989306688309	-0.07250215858221054	0.04543827474117279	-0.015443217009305954	-0.23626163601875305	0.01782657764852047	0.26581284403800964	0.09899436682462692	-0.0811660960316658	0.03123830258846283	-0.20845583081245422	0.1292927861213684	-0.08275807648897171	0.20969314873218536	0.03317504748702049	0.2807557284832001	0.022979537025094032	0.041887007653713226	0.1236206591129303	-0.09564357250928879	-0.09378518164157867	-0.015096466057002544	0.13729622960090637	0.0019495021551847458	-0.08581503480672836	0.06965646892786026	-0.13563735783100128	0.015345461666584015	-0.14986073970794678	0.11783524602651596	-0.1480482965707779	-0.04694536328315735	-0.07334865629673004	0.08888301998376846	0.025236735120415688	-0.05234674736857414	0.24445238709449768	0.06610889732837677	0.2988368570804596	-0.09608327597379684	-0.029729869216680527	-0.01682968996465206	-0.0963536873459816	0.08629350364208221	0.08877281099557877	-0.2548385262489319	0.1682453751564026	-0.01796971820294857	-0.11370789259672165	0.12307143956422806	0.15179064869880676
-0.003464240115135908	0.08831239491701126	-0.1018550843000412	-0.15006157755851746	0.01478763297200203	-0.032335326075553894	0.08015965670347214	-0.01884722337126732	-0.015947559848427773	0.16448166966438293	0.009359411895275116	-0.06761805713176727	-0.028882067650556564	-0.07193989306688309	-0.07250215858221054	0.04543827474117279	-0.015443217009305954	-0.23626163601875305	0.01782657764852047	0.26581284403800964	0.09899436682462692	-0.0811660960316658	0.03123830258846283	-0.20845583081245422	0.1292927861213684	-0.08275807648897171	0.20969314873218536	0.03317504748702049	0.2807557284832001	0.022979537025094032	0.041887007653713226	0.1236206591129303	-0.09564357250928879	-0.09378518164157867	-0.015096466057002544	0.13729622960090637	0.0019495021551847458	-0.08581503480672836	0.06965646892786026	-0.13563735783100128	0.015345461666584015	-0.14986073970794678	0.11783524602651596	-0.1480482965707779	-0.04694536328315735	-0.07334865629673004	0.08888301998376846	0.025236735120415688	-0.05234674736857414	0.24445238709449768	0.06610889732837677	0.2988368570804596	-0.09608327597379684	-0.029729869216680527	-0.01682968996465206	-0.0963536873459816	0.08629350364208221	0.08877281099557877	-0.2548385262489319	0.1682453751564026	-0.01796971820294857	-0.11370789259672165	0.12307143956422806	0.15179064869880676
-0.003464240115135908	0.08831239491701126	-0.1018550843000412	-0.15006157755851746	0.01478763297200203	-0.032335326075553894	0.08015965670347214	-0.01884722337126732	-0.015947559848427773	0.16448166966438293	0.009359411895275116	-0.06761805713176727	-0.028882067650556564	-0.07193989306688309	-0.07250215858221054	0.04543827474117279	-0.015443217009305954	-0.23626163601875305	0.01782657764852047	0.26581284403800964	0.09899436682462692	-0.0811660960316658	0.03123830258846283	-0.20845583081245422	0.1292927861213684	-0.08275807648897171	0.20969314873218536	0.03317504748702049	0.2807557284832001	0.022979537025094032	0.041887007653713226	0.1236206591129303	-0.09564357250928879	-0.09378518164157867	-0.015096466057002544	0.13729622960090637	0.0019495021551847458	-0.08581503480672836	0.06965646892786026	-0.13563735783100128	0.015345461666584015	-0.14986073970794678	0.11783524602651596	-0.1480482965707779	-0.04694536328315735	-0.07334865629673004	0.08888301998376846	0.025236735120415688	-0.05234674736857414	0.24445238709449768	0.06610889732837677	0.2988368570804596	-0.09608327597379684	-0.029729869216680527	-0.01682968996465206	-0.0963536873459816	0.08629350364208221	0.08877281099557877	-0.2548385262489319	0.1682453751564026	-0.01796971820294857	-0.11370789259672165	0.12307143956422806	0.15179064869880676
-0.05415252596139908	-0.09731362015008926	0.05194571241736412	-0.00553659163415432	-0.15175893902778625	-0.012794469483196735	0.0390373170375824	0.004225258249789476	-0.04487108066678047	0.09852460026741028	0.037351448088884354	0.03386569768190384	0.1407393515110016	0.0003388742625247687	-0.15014541149139404	0.014459826052188873	0.057090576738119125	0.10660281032323837	-0.008849105797708035	-0.06075453758239746	0.05968165397644043	-0.024438519030809402	0.004204956814646721	0.08449626713991165	-0.13179434835910797	-0.002134911948814988	-0.07244612276554108	-0.01775633916258812	-0.053626928478479385	0.20001815259456635	-0.020886274054646492	0.017919111996889114	-0.08166221529245377	0.07497729361057281	-0.04814353957772255	0.0029862031806260347	-0.03327608108520508	-0.11444205045700073	0.0047659436240792274	0.013603107072412968	-0.05097266286611557	-0.015266401693224907	-0.026352521032094955	-0.08443218469619751	-0.03778832405805588	-0.06266190111637115	-0.05184037983417511	-0.09949227422475815	-0.05123601853847504	-0.02845887467265129	-0.08347418904304504	-0.10221056640148163	-0.08409161865711212	0.05625427886843681	-0.04349922388792038	-0.011190029792487621	0.08501653373241425	-0.04442061111330986	0.01944071613252163	0.016771839931607246	-0.007248962298035622	-0.07684379816055298	-0.04922841489315033	0.0375390350818634
-0.003464240115135908	0.08831239491701126	-0.1018550843000412	-0.15006157755851746	0.01478763297200203	-0.032335326075553894	0.08015965670347214	-0.01884722337126732	-0.015947559848427773	0.16448166966438293	0.009359411895275116	-0.06761805713176727	-0.028882067650556564	-0.07193989306688309	-0.07250215858221054	0.04543827474117279	-0.015443217009305954	-0.23626163601875305	0.01782657764852047	0.26581284403800964	0.09899436682462692	-0.0811660960316658	0.03123830258846283	-0.20845583081245422	0.1292927861213684	-0.08275807648897171	0.20969314873218536	0.03317504748702049	0.2807557284832001	0.022979537025094032	0.041887007653713226	0.1236206591129303	-0.09564357250928879	-0.09378518164157867	-0.015096466057002544	0.13729622960090637	0.0019495021551847458	-0.08581503480672836	0.06965646892786026	-0.13563735783100128	0.015345461666584015	-0.14986073970794678	0.11783524602651596	-0.1480482965707779	-0.04694536328315735	-0.07334865629673004	0.08888301998376846	0.025236735120415688	-0.05234674736857414	0.24445238709449768	0.06610889732837677	0.2988368570804596	-0.09608327597379684	-0.029729869216680527	-0.01682968996465206	-0.0963536873459816	0.08629350364208221	0.08877281099557877	-0.2548385262489319	0.1682453751564026	-0.01796971820294857	-0.11370789259672165	0.12307143956422806	0.15179064869880676
-0.05415252596139908	-0.09731362015008926	0.05194571241736412	-0.00553659163415432	-0.15175893902778625	-0.012794469483196735	0.0390373170375824	0.004225258249789476	-0.04487108066678047	0.09852460026741028	0.037351448088884354	0.03386569768190384	0.1407393515110016	0.0003388742625247687	-0.15014541149139404	0.014459826052188873	0.057090576738119125	0.10660281032323837	-0.008849105797708035	-0.06075453758239746	0.05968165397644043	-0.024438519030809402	0.004204956814646721	0.08449626713991165	-0.13179434835910797	-0.002134911948814988	-0.07244612276554108	-0.01775633916258812	-0.053626928478479385	0.20001815259456635	-0.020886274054646492	0.017919111996889114	-0.08166221529245377	0.07497729361057281	-0.04814353957772255	0.0029862031806260347	-0.03327608108520508	-0.11444205045700073	0.0047659436240792274	0.013603107072412968	-0.05097266286611557	-0.015266401693224907	-0.026352521032094955	-0.08443218469619751	-0.03778832405805588	-0.06266190111637115	-0.05184037983417511	-0.09949227422475815	-0.05123601853847504	-0.02845887467265129	-0.08347418904304504	-0.10221056640148163	-0.08409161865711212	0.05625427886843681	-0.04349922388792038	-0.011190029792487621	0.08501653373241425	-0.04442061111330986	0.01944071613252163	0.016771839931607246	-0.007248962298035622	-0.07684379816055298	-0.04922841489315033	0.0375390350818634
-0.05415252596139908	-0.09731362015008926	0.05194571241736412	-0.00553659163415432	-0.15175893902778625	-0.012794469483196735	0.0390373170375824	0.004225258249789476	-0.04487108066678047	0.09852460026741028	0.037351448088884354	0.03386569768190384	0.1407393515110016	0.0003388742625247687	-0.15014541149139404	0.014459826052188873	0.057090576738119125	0.10660281032323837	-0.008849105797708035	-0.06075453758239746	0.05968165397644043	-0.024438519030809402	0.004204956814646721	0.08449626713991165	-0.13179434835910797	-0.002134911948814988	-0.07244612276554108	-0.01775633916258812	-0.053626928478479385	0.20001815259456635	-0.020886274054646492	0.017919111996889114	-0.08166221529245377	0.07497729361057281	-0.04814353957772255	0.0029862031806260347	-0.03327608108520508	-0.11444205045700073	0.0047659436240792274	0.013603107072412968	-0.05097266286611557	-0.015266401693224907	-0.026352521032094955	-0.08443218469619751	-0.03778832405805588	-0.06266190111637115	-0.05184037983417511	-0.09949227422475815	-0.05123601853847504	-0.02845887467265129	-0.08347418904304504	-0.10221056640148163	-0.08409161865711212	0.05625427886843681	-0.04349922388792038	-0.011190029792487621	0.08501653373241425	-0.04442061111330986	0.01944071613252163	0.016771839931607246	-0.007248962298035622	-0.07684379816055298	-0.04922841489315033	0.0375390350818634
-0.003464240115135908	0.08831239491701126	-0.1018550843000412	-0.15006157755851746	0.01478763297200203	-0.032335326075553894	0.08015965670347214	-0.01884722337126732	-0.015947559848427773	0.16448166966438293	0.009359411895275116	-0.06761805713176727	-0.028882067650556564	-0.07193989306688309	-0.07250215858221054	0.04543827474117279	-0.015443217009305954	-0.23626163601875305	0.01782657764852047	0.26581284403800964	0.09899436682462692	-0.0811660960316658	0.03123830258846283	-0.20845583081245422	0.1292927861213684	-0.08275807648897171	0.20969314873218536	0.03317504748702049	0.2807557284832001	0.022979537025094032	0.041887007653713226	0.1236206591129303	-0.09564357250928879	-0.09378518164157867	-0.015096466057002544	0.13729622960090637	0.0019495021551847458	-0.08581503480672836	0.06965646892786026	-0.13563735783100128	0.015345461666584015	-0.14986073970794678	0.11783524602651596	-0.1480482965707779	-0.04694536328315735	-0.07334865629673004	0.08888301998376846	0.025236735120415688	-0.05234674736857414	0.24445238709449768	0.06610889732837677	0.2988368570804596	-0.09608327597379684	-0.029729869216680527	-0.01682968996465206	-0.0963536873459816	0.08629350364208221	0.08877281099557877	-0.2548385262489319	0.1682453751564026	-0.01796971820294857	-0.11370789259672165	0.12307143956422806	0.15179064869880676
-0.05415252596139908	-0.09731362015008926	0.05194571241736412	-0.00553659163415432	-0.15175893902778625	-0.012794469483196735	0.0390373170375824	0.004225258249789476	-0.04487108066678047	0.09852460026741028	0.037351448088884354	0.03386569768190384	0.1407393515110016	0.0003388742625247687	-0.15014541149139404	0.014459826052188873	0.057090576738119125	0.10660281032323837	-0.008849105797708035	-0.06075453758239746	0.05968165397644043	-0.024438519030809402	0.004204956814646721	0.08449626713991165	-0.13179434835910797	-0.002134911948814988	-0.07244612276554108	-0.01775633916258812	-0.053626928478479385	0.20001815259456635	-0.020886274054646492	0.017919111996889114	-0.08166221529245377	0.07497729361057281	-0.04814353957772255	0.0029862031806260347	-0.03327608108520508	-0.11444205045700073	0.0047659436240792274	0.013603107072412968	-0.05097266286611557	-0.015266401693224907	-0.026352521032094955	-0.08443218469619751	-0.03778832405805588	-0.06266190111637115	-0.05184037983417511	-0.09949227422475815	-0.05123601853847504	-0.02845887467265129	-0.08347418904304504	-0.10221056640148163	-0.08409161865711212	0.05625427886843681	-0.04349922388792038	-0.011190029792487621	0.08501653373241425	-0.04442061111330986	0.01944071613252163	0.016771839931607246	-0.007248962298035622	-0.07684379816055298	-0.04922841489315033	0.0375390350818634
-0.003464240115135908	0.08831239491701126	-0.1018550843000412	-0.15006157755851746	0.01478763297200203	-0.032335326075553894	0.08015965670347214	-0.01884722337126732	-0.015947559848427773	0.16448166966438293	0.009359411895275116	-0.06761805713176727	-0.028882067650556564	-0.07193989306688309	-0.07250215858221054	0.04543827474117279	-0.015443217009305954	-0.23626163601875305	0.01782657764852047	0.26581284403800964	0.09899436682462692	-0.0811660960316658	0.03123830258846283	-0.20845583081245422	0.1292927861213684	-0.08275807648897171	0.20969314873218536	0.03317504748702049	0.2807557284832001	0.022979537025094032	0.041887007653713226	0.1236206591129303	-0.09564357250928879	-0.09378518164157867	-0.015096466057002544	0.13729622960090637	0.0019495021551847458	-0.08581503480672836	0.06965646892786026	-0.13563735783100128	0.015345461666584015	-0.14986073970794678	0.11783524602651596	-0.1480482965707779	-0.04694536328315735	-0.07334865629673004	0.08888301998376846	0.025236735120415688	-0.05234674736857414	0.24445238709449768	0.06610889732837677	0.2988368570804596	-0.09608327597379684	-0.029729869216680527	-0.01682968996465206	-0.0963536873459816	0.08629350364208221	0.08877281099557877	-0.2548385262489319	0.1682453751564026	-0.01796971820294857	-0.11370789259672165	0.12307143956422806	0.15179064869880676
-0.07583089172840118	0.1548813134431839	-0.023502053692936897	0.046011991798877716	0.09905874729156494	-0.12846434116363525	-0.09718049317598343	-0.012068027630448341	-0.04282863810658455	-0.24094752967357635	-0.0918889120221138	-0.10374733805656433	-0.013719058595597744	0.07049937546253204	-0.26458147168159485	-0.059393465518951416	-0.2310243546962738	0.25690901279449463	-0.1642841398715973	-0.308129221200943	0.14804935455322266	-0.03844616562128067	-0.21360516548156738	0.16822782158851624	-0.004977526143193245	-0.20785857737064362	0.04563566669821739	-0.03671136125922203	-0.12498302757740021	0.16977311670780182	-0.21586531400680542	0.02378316968679428	0.12950335443019867	-0.021169770509004593	-0.04467152804136276	-0.03388182446360588	0.031493861228227615	0.02039790339767933	0.016703100875020027	-0.023359086364507675	-0.21701589226722717	0.13892368972301483	-0.09431672096252441	0.19872047007083893	0.1997494250535965	0.07444683462381363	-0.1734880805015564	-0.01088742446154356	0.0686965361237526	-0.10892776399850845	-0.020133832469582558	-0.0993184968829155	0.033174555748701096	-0.01112400833517313	0.06416906416416168	0.01721571944653988	-0.12926602363586426	-0.0048854900524020195	0.27416375279426575	0.05699137598276138	0.15242566168308258	0.03750953450798988	0.022052280604839325	-0.037245556712150574
-0.05415252596139908	-0.09731362015008926	0.05194571241736412	-0.00553659163415432	-0.15175893902778625	-0.012794469483196735	0.0390373170375824	0.004225258249789476	-0.04487108066678047	0.09852460026741028	0.037351448088884354	0.03386569768190384	0.1407393515110016	0.0003388742625247687	-0.15014541149139404	0.014459826052188873	0.057090576738119125	0.10660281032323837	-0.008849105797708035	-0.06075453758239746	0.05968165397644043	-0.024438519030809402	0.004204956814646721	0.08449626713991165	-0.13179434835910797	-0.002134911948814988	-0.07244612276554108	-0.01775633916258812	-0.053626928478479385	0.20001815259456635	-0.020886274054646492	0.017919111996889114	-0.08166221529245377	0.07497729361057281	-0.04814353957772255	0.0029862031806260347	-0.03327608108520508	-0.11444205045700073	0.0047659436240792274	0.013603107072412968	-0.05097266286611557	-0.015266401693224907	-0.026352521032094955	-0.08443218469619751	-0.03778832405805588	-0.06266190111637115	-0.05184037983417511	-0.09949227422475815	-0.05123601853847504	-0.02845887467265129	-0.08347418904304504	-0.10221056640148163	-0.08409161865711212	0.05625427886843681	-0.04349922388792038	-0.011190029792487621	0.08501653373241425	-0.04442061111330986	0.01944071613252163	0.016771839931607246	-0.007248962298035622	-0.07684379816055298	-0.04922841489315033	0.0375390350818634
0.11929653584957123	-0.0013416704023256898	0.06346648931503296	0.07859935611486435	0.18602889776229858	-0.09999958425760269	-0.09204372018575668	-0.07183012366294861	0.02568877674639225	-0.03807350620627403	0.13054995238780975	-0.07965318113565445	-0.29279208183288574	0.17273642122745514	0.3825731575489044	-0.07860445976257324	-0.1594419628381729	-0.19594918191432953	0.35280442237854004	0.07716010510921478	-0.1617400050163269	-0.12103654444217682	0.10447199642658234	0.015289222821593285	0.12317374348640442	0.18608412146568298	-0.1169435977935791	-0.018949195742607117	0.07766702026128769	-0.30611807107925415	0.00857866182923317	-0.08885952085256577	0.2663250267505646	-0.07047044485807419	-0.015217375010251999	-0.04293941333889961	-0.03440077230334282	0.05162651091814041	0.047778308391571045	-0.10578722506761551	0.16154342889785767	0.03795325383543968	0.12309648841619492	0.21467114984989166	-0.13590018451213837	0.15221019089221954	0.013507218100130558	0.13001225888729095	0.22255493700504303	-0.15607072412967682	0.020780721679329872	-0.08676879853010178	0.0879824161529541	-0.2628805339336395	0.14090432226657867	-0.0421048067510128	-0.1764722317457199	-0.07714303582906723	0.012470999732613564	-0.2303338348865509	0.03822740167379379	0.1674206703901291	-0.05803913250565529	0.15890569984912872
0.08038521558046341	0.0005135754472576082	-0.03376169502735138	0.23375463485717773	0.1294708102941513	0.14429903030395508	-0.07833225280046463	0.06580182909965515	-0.11050254851579666	0.1977536976337433	-0.12655436992645264	-0.30332252383232117	-0.07545731216669083	-0.2094477117061615	0.27855631709098816	0.05201869457960129	-0.21266701817512512	0.06642396748065948	-0.24257884919643402	0.31215059757232666	-0.14309075474739075	0.09932616353034973	0.08049463480710983	0.04576275497674942	0.22676925361156464	0.26980677247047424	-0.007524337153881788	0.31235137581825256	0.1862468272447586	-0.36587899923324585	0.021694915369153023	0.15989486873149872	0.003825615392997861	0.00021981954341754317	-0.04099944978952408	-0.0265986118465662	0.11322177946567535	0.21519088745117188	-0.0234165508300066	0.09166724979877472	0.21209150552749634	0.12371693551540375	0.08245421946048737	0.05577344074845314	0.12155060470104218	-0.11637064814567566	0.18642176687717438	0.16492027044296265	-0.19432726502418518	-0.125377357006073	0.07976943254470825	0.09477081149816513	0.1760140061378479	0.0550137497484684	-0.005199932027608156	-0.07530691474676132	-0.039003636687994	0.03430863097310066	-0.11450127512216568	-0.06632666289806366	0.08638633042573929	-0.14672110974788666	0.10121762752532959	0.058468081057071686
-0.003464240115135908	0.08831239491701126	-0.1018550843000412	-0.15006157755851746	0.01478763297200203	-0.032335326075553894	0.08015965670347214	-0.01884722337126732	-0.015947559848427773	0.16448166966438293	0.009359411895275116	-0.06761805713176727	-0.028882067650556564	-0.07193989306688309	-0.07250215858221054	0.04543827474117279	-0.015443217009305954	-0.23626163601875305	0.01782657764852047	0.26581284403800964	0.09899436682462692	-0.0811660960316658	0.03123830258846283	-0.20845583081245422	0.1292927861213684	-0.08275807648897171	0.20969314873218536	0.03317504748702049	0.2807557284832001	0.022979537025094032	0.041887007653713226	0.1236206591129303	-0.09564357250928879	-0.09378518164157867	-0.015096466057002544	0.13729622960090637	0.0019495021551847458	-0.08581503480672836	0.06965646892786026	-0.13563735783100128	0.015345461666584015	-0.14986073970794678	0.11783524602651596	-0.1480482965707779	-0.04694536328315735	-0.07334865629673004	0.08888301998376846	0.025236735120415688	-0.05234674736857414	0.24445238709449768	0.06610889732837677	0.2988368570804596	-0.09608327597379684	-0.029729869216680527	-0.01682968996465206	-0.0963536873459816	0.08629350364208221	0.08877281099557877	-0.2548385262489319	0.1682453751564026	-0.01796971820294857	-0.11370789259672165	0.12307143956422806	0.15179064869880676
0.0018514028051868081	0.11328211426734924	0.05344918370246887	-0.004046923015266657	0.08266754448413849	-0.06648490577936172	-0.07230626046657562	0.12365542352199554	0.02293311059474945	-0.10998935997486115	0.022657882422208786	0.030075185000896454	-0.04746422544121742	0.016057088971138	0.023385774344205856	0.00765840383246541	-0.05613330006599426	-0.17502257227897644	0.045762866735458374	-0.23528790473937988	0.058267515152692795	-0.032522737979888916	-0.036832600831985474	-0.13222073018550873	-0.11858516931533813	-0.2811451256275177	-0.1042243167757988	-0.19501109421253204	-0.13811789453029633	-0.029889928176999092	-0.1785094439983368	0.00203124457038939	0.08209681510925293	-0.14856106042861938	0.11313872784376144	-0.09366440773010254	-0.10780429095029831	-0.06410732865333557	-0.08783255517482758	0.09634910523891449	-0.053974639624357224	0.06041334196925163	-0.03139685094356537	-0.023543374612927437	0.0629095658659935	-0.03406220301985741	-0.05682852864265442	0.05941826105117798	-0.00045474423677660525	0.02140909805893898	-0.1524900496006012	-0.09228654205799103	0.14573417603969574	-0.015750238671898842	0.12338367849588394	0.052041035145521164	-0.13938377797603607	0.0022348721977323294	0.18074361979961395	-0.0013945653336122632	0.06844683736562729	0.16830310225486755	-0.001240418991073966	-0.15712019801139832
-0.003464240115135908	0.08831239491701126	-0.1018550843000412	-0.15006157755851746	0.01478763297200203	-0.032335326075553894	0.08015965670347214	-0.01884722337126732	-0.015947559848427773	0.16448166966438293	0.009359411895275116	-0.06761805713176727	-0.028882067650556564	-0.07193989306688309	-0.07250215858221054	0.04543827474117279	-0.015443217009305954	-0.23626163601875305	0.01782657764852047	0.26581284403800964	0.09899436682462692	-0.0811660960316658	0.03123830258846283	-0.20845583081245422	0.1292927861213684	-0.08275807648897171	0.20969314873218536	0.03317504748702049	0.2807557284832001	0.022979537025094032	0.041887007653713226	0.1236206591129303	-0.09564357250928879	-0.09378518164157867	-0.015096466057002544	0.13729622960090637	0.0019495021551847458	-0.08581503480672836	0.06965646892786026	-0.13563735783100128	0.015345461666584015	-0.14986073970794678	0.11783524602651596	-0.1480482965707779	-0.04694536328315735	-0.07334865629673004	0.08888301998376846	0.025236735120415688	-0.05234674736857414	0.24445238709449768	0.06610889732837677	0.2988368570804596	-0.09608327597379684	-0.029729869216680527	-0.01682968996465206	-0.0963536873459816	0.08629350364208221	0.08877281099557877	-0.2548385262489319	0.1682453751564026	-0.01796971820294857	-0.11370789259672165	0.12307143956422806	0.15179064869880676
-0.003464240115135908	0.08831239491701126	-0.1018550843000412	-0.15006157755851746	0.01478763297200203	-0.032335326075553894	0.08015965670347214	-0.01884722337126732	-0.015947559848427773	0.16448166966438293	0.009359411895275116	-0.06761805713176727	-0.028882067650556564	-0.07193989306688309	-0.07250215858221054	0.04543827474117279	-0.015443217009305954	-0.23626163601875305	0.01782657764852047	0.26581284403800964	0.09899436682462692	-0.0811660960316658	0.03123830258846283	-0.20845583081245422	0.1292927861213684	-0.08275807648897171	0.20969314873218536	0.03317504748702049	0.2807557284832001	0.022979537025094032	0.041887007653713226	0.1236206591129303	-0.09564357250928879	-0.09378518164157867	-0.015096466057002544	0.13729622960090637	0.0019495021551847458	-0.08581503480672836	0.06965646892786026	-0.13563735783100128	0.015345461666584015	-0.14986073970794678	0.11783524602651596	-0.1480482965707779	-0.04694536328315735	-0.07334865629673004	0.08888301998376846	0.025236735120415688	-0.05234674736857414	0.24445238709449768	0.06610889732837677	0.2988368570804596	-0.09608327597379684	-0.029729869216680527	-0.01682968996465206	-0.0963536873459816	0.08629350364208221	0.08877281099557877	-0.2548385262489319	0.1682453751564026	-0.01796971820294857	-0.11370789259672165	0.12307143956422806	0.15179064869880676
-0.003464240115135908	0.08831239491701126	-0.1018550843000412	-0.15006157755851746	0.01478763297200203	-0.032335326075553894	0.08015965670347214	-0.01884722337126732	-0.015947559848427773	0.16448166966438293	0.009359411895275116	-0.06761805713176727	-0.028882067650556564	-0.07193989306688309	-0.07250215858221054	0.04543827474117279	-0.015443217009305954	-0.23626163601875305	0.01782657764852047	0.26581284403800964	0.09899436682462692	-0.0811660960316658	0.03123830258846283	-0.20845583081245422	0.1292927861213684	-0.08275807648897171	0.20969314873218536	0.03317504748702049	0.2807557284832001	0.022979537025094032	0.041887007653713226	0.1236206591129303	-0.09564357250928879	-0.09378518164157867	-0.015096466057002544	0.13729622960090637	0.0019495021551847458	-0.08581503480672836	0.06965646892786026	-0.13563735783100128	0.015345461666584015	-0.14986073970794678	0.11783524602651596	-0.1480482965707779	-0.04694536328315735	-0.07334865629673004	0.08888301998376846	0.025236735120415688	-0.05234674736857414	0.24445238709449768	0.06610889732837677	0.2988368570804596	-0.09608327597379684	-0.029729869216680527	-0.01682968996465206	-0.0963536873459816	0.08629350364208221	0.08877281099557877	-0.2548385262489319	0.1682453751564026	-0.01796971820294857	-0.11370789259672165	0.12307143956422806	0.15179064869880676
-0.003464240115135908	0.08831239491701126	-0.1018550843000412	-0.15006157755851746	0.01478763297200203	-0.032335326075553894	0.08015965670347214	-0.01884722337126732	-0.015947559848427773	0.16448166966438293	0.009359411895275116	-0.06761805713176727	-0.028882067650556564	-0.07193989306688309	-0.07250215858221054	0.04543827474117279	-0.015443217009305954	-0.23626163601875305	0.01782657764852047	0.26581284403800964	0.09899436682462692	-0.0811660960316658	0.03123830258846283	-0.20845583081245422	0.1292927861213684	-0.08275807648897171	0.20969314873218536	0.03317504748702049	0.2807557284832001	0.022979537025094032	0.041887007653713226	0.1236206591129303	-0.09564357250928879	-0.09378518164157867	-0.015096466057002544	0.13729622960090637	0.0019495021551847458	-0.08581503480672836	0.06965646892786026	-0.13563735783100128	0.015345461666584015	-0.14986073970794678	0.11783524602651596	-0.1480482965707779	-0.04694536328315735	-0.07334865629673004	0.08888301998376846	0.025236735120415688	-0.05234674736857414	0.24445238709449768	0.06610889732837677	0.2988368570804596	-0.09608327597379684	-0.029729869216680527	-0.01682968996465206	-0.0963536873459816	0.08629350364208221	0.08877281099557877	-0.2548385262489319	0.1682453751564026	-0.01796971820294857	-0.11370789259672165	0.12307143956422806	0.15179064869880676
-0.003464240115135908	0.08831239491701126	-0.1018550843000412	-0.15006157755851746	0.01478763297200203	-0.032335326075553894	0.08015965670347214	-0.01884722337126732	-0.015947559848427773	0.16448166966438293	0.009359411895275116	-0.06761805713176727	-0.028882067650556564	-0.07193989306688309	-0.07250215858221054	0.04543827474117279	-0.015443217009305954	-0.23626163601875305	0.01782657764852047	0.26581284403800964	0.09899436682462692	-0.0811660960316658	0.03123830258846283	-0.20845583081245422	0.1292927861213684	-0.08275807648897171	0.20969314873218536	0.03317504748702049	0.2807557284832001	0.022979537025094032	0.041887007653713226	0.1236206591129303	-0.09564357250928879	-0.09378518164157867	-0.015096466057002544	0.13729622960090637	0.0019495021551847458	-0.08581503480672836	0.06965646892786026	-0.13563735783100128	0.015345461666584015	-0.14986073970794678	0.11783524602651596	-0.1480482965707779	-0.04694536328315735	-0.07334865629673004	0.08888301998376846	0.025236735120415688	-0.05234674736857414	0.24445238709449768	0.06610889732837677	0.2988368570804596	-0.09608327597379684	-0.029729869216680527	-0.01682968996465206	-0.0963536873459816	0.08629350364208221	0.08877281099557877	-0.2548385262489319	0.1682453751564026	-0.01796971820294857	-0.11370789259672165	0.12307143956422806	0.15179064869880676
-0.003464240115135908	0.08831239491701126	-0.1018550843000412	-0.15006157755851746	0.01478763297200203	-0.032335326075553894	0.08015965670347214	-0.01884722337126732	-0.015947559848427773	0.16448166966438293	0.009359411895275116	-0.06761805713176727	-0.028882067650556564	-0.07193989306688309	-0.07250215858221054	0.04543827474117279	-0.015443217009305954	-0.23626163601875305	0.01782657764852047	0.26581284403800964	0.09899436682462692	-0.0811660960316658	0.03123830258846283	-0.20845583081245422	0.1292927861213684	-0.08275807648897171	0.20969314873218536	0.03317504748702049	0.2807557284832001	0.022979537025094032	0.041887007653713226	0.1236206591129303	-0.09564357250928879	-0.09378518164157867	-0.015096466057002544	0.13729622960090637	0.0019495021551847458	-0.08581503480672836	0.06965646892786026	-0.13563735783100128	0.015345461666584015	-0.14986073970794678	0.11783524602651596	-0.1480482965707779	-0.04694536328315735	-0.07334865629673004	0.08888301998376846	0.025236735120415688	-0.05234674736857414	0.24445238709449768	0.06610889732837677	0.2988368570804596	-0.09608327597379684	-0.029729869216680527	-0.01682968996465206	-0.0963536873459816	0.08629350364208221	0.08877281099557877	-0.2548385262489319	0.1682453751564026	-0.01796971820294857	-0.11370789259672165	0.12307143956422806	0.15179064869880676
-0.003464240115135908	0.08831239491701126	-0.1018550843000412	-0.15006157755851746	0.01478763297200203	-0.032335326075553894	0.08015965670347214	-0.01884722337126732	-0.015947559848427773	0.16448166966438293	0.009359411895275116	-0.06761805713176727	-0.028882067650556564	-0.07193989306688309	-0.07250215858221054	0.04543827474117279	-0.015443217009305954	-0.23626163601875305	0.01782657764852047	0.26581284403800964	0.09899436682462692	-0.0811660960316658	0.03123830258846283	-0.20845583081245422	0.1292927861213684	-0.08275807648897171	0.20969314873218536	0.03317504748702049	0.2807557284832001	0.022979537025094032	0.041887007653713226	0.1236206591129303	-0.09564357250928879	-0.09378518164157867	-0.015096466057002544	0.13729622960090637	0.0019495021551847458	-0.08581503480672836	0.06965646892786026	-0.13563735783100128	0.015345461666584015	-0.14986073970794678	0.11783524602651596	-0.1480482965707779	-0.04694536328315735	-0.07334865629673004	0.08888301998376846	0.025236735120415688	-0.05234674736857414	0.24445238709449768	0.06610889732837677	0.2988368570804596	-0.09608327597379684	-0.029729869216680527	-0.01682968996465206	-0.0963536873459816	0.08629350364208221	0.08877281099557877	-0.2548385262489319	0.1682453751564026	-0.01796971820294857	-0.11370789259672165	0.12307143956422806	0.15179064869880676
0.0018514028051868081	0.11328211426734924	0.05344918370246887	-0.004046923015266657	0.08266754448413849	-0.06648490577936172	-0.07230626046657562	0.12365542352199554	0.02293311059474945	-0.10998935997486115	0.022657882422208786	0.030075185000896454	-0.04746422544121742	0.016057088971138	0.023385774344205856	0.00765840383246541	-0.05613330006599426	-0.17502257227897644	0.045762866735458374	-0.23528790473937988	0.058267515152692795	-0.032522737979888916	-0.036832600831985474	-0.13222073018550873	-0.11858516931533813	-0.2811451256275177	-0.1042243167757988	-0.19501109421253204	-0.13811789453029633	-0.029889928176999092	-0.1785094439983368	0.00203124457038939	0.08209681510925293	-0.14856106042861938	0.11313872784376144	-0.09366440773010254	-0.10780429095029831	-0.06410732865333557	-0.08783255517482758	0.09634910523891449	-0.053974639624357224	0.06041334196925163	-0.03139685094356537	-0.023543374612927437	0.0629095658659935	-0.03406220301985741	-0.05682852864265442	0.05941826105117798	-0.00045474423677660525	0.02140909805893898	-0.1524900496006012	-0.09228654205799103	0.14573417603969574	-0.015750238671898842	0.12338367849588394	0.052041035145521164	-0.13938377797603607	0.0022348721977323294	0.18074361979961395	-0.0013945653336122632	0.06844683736562729	0.16830310225486755	-0.001240418991073966	-0.15712019801139832
-0.003464240115135908	0.08831239491701126	-0.1018550843000412	-0.15006157755851746	0.01478763297200203	-0.032335326075553894	0.08015965670347214	-0.01884722337126732	-0.015947559848427773	0.16448166966438293	0.009359411895275116	-0.06761805713176727	-0.028882067650556564	-0.07193989306688309	-0.07250215858221054	0.04543827474117279	-0.015443217009305954	-0.23626163601875305	0.01782657764852047	0.26581284403800964	0.09899436682462692	-0.0811660960316658	0.03123830258846283	-0.20845583081245422	0.1292927861213684	-0.08275807648897171	0.20969314873218536	0.03317504748702049	0.2807557284832001	0.022979537025094032	0.041887007653713226	0.1236206591129303	-0.09564357250928879	-0.09378518164157867	-0.015096466057002544	0.13729622960090637	0.0019495021551847458	-0.08581503480672836	0.06965646892786026	-0.13563735783100128	0.015345461666584015	-0.14986073970794678	0.11783524602651596	-0.1480482965707779	-0.04694536328315735	-0.07334865629673004	0.08888301998376846	0.025236735120415688	-0.05234674736857414	0.24445238709449768	0.06610889732837677	0.2988368570804596	-0.09608327597379684	-0.029729869216680527	-0.01682968996465206	-0.0963536873459816	0.08629350364208221	0.08877281099557877	-0.2548385262489319	0.1682453751564026	-0.01796971820294857	-0.11370789259672165	0.12307143956422806	0.15179064869880676
-0.05415252596139908	-0.09731362015008926	0.05194571241736412	-0.00553659163415432	-0.15175893902778625	-0.012794469483196735	0.0390373170375824	0.004225258249789476	-0.04487108066678047	0.09852460026741028	0.037351448088884354	0.03386569768190384	0.1407393515110016	0.0003388742625247687	-0.15014541149139404	0.014459826052188873	0.057090576738119125	0.10660281032323837	-0.008849105797708035	-0.06075453758239746	0.05968165397644043	-0.024438519030809402	0.004204956814646721	0.08449626713991165	-0.13179434835910797	-0.002134911948814988	-0.07244612276554108	-0.01775633916258812	-0.053626928478479385	0.20001815259456635	-0.020886274054646492	0.017919111996889114	-0.08166221529245377	0.07497729361057281	-0.04814353957772255	0.0029862031806260347	-0.03327608108520508	-0.11444205045700073	0.0047659436240792274	0.013603107072412968	-0.05097266286611557	-0.015266401693224907	-0.026352521032094955	-0.08443218469619751	-0.03778832405805588	-0.06266190111637115	-0.05184037983417511	-0.09949227422475815	-0.05123601853847504	-0.02845887467265129	-0.08347418904304504	-0.10221056640148163	-0.08409161865711212	0.05625427886843681	-0.04349922388792038	-0.011190029792487621	0.08501653373241425	-0.04442061111330986	0.01944071613252163	0.016771839931607246	-0.007248962298035622	-0.07684379816055298	-0.04922841489315033	0.0375390350818634
-0.05415252596139908	-0.09731362015008926	0.05194571241736412	-0.00553659163415432	-0.15175893902778625	-0.012794469483196735	0.0390373170375824	0.004225258249789476	-0.04487108066678047	0.09852460026741028	0.037351448088884354	0.03386569768190384	0.1407393515110016	0.0003388742625247687	-0.15014541149139404	0.014459826052188873	0.057090576738119125	0.10660281032323837	-0.008849105797708035	-0.06075453758239746	0.05968165397644043	-0.024438519030809402	0.004204956814646721	0.08449626713991165	-0.13179434835910797	-0.002134911948814988	-0.07244612276554108	-0.01775633916258812	-0.053626928478479385	0.20001815259456635	-0.020886274054646492	0.017919111996889114	-0.08166221529245377	0.07497729361057281	-0.04814353957772255	0.0029862031806260347	-0.03327608108520508	-0.11444205045700073	0.0047659436240792274	0.013603107072412968	-0.05097266286611557	-0.015266401693224907	-0.026352521032094955	-0.08443218469619751	-0.03778832405805588	-0.06266190111637115	-0.05184037983417511	-0.09949227422475815	-0.05123601853847504	-0.02845887467265129	-0.08347418904304504	-0.10221056640148163	-0.08409161865711212	0.05625427886843681	-0.04349922388792038	-0.011190029792487621	0.08501653373241425	-0.04442061111330986	0.01944071613252163	0.016771839931607246	-0.007248962298035622	-0.07684379816055298	-0.04922841489315033	0.0375390350818634
-0.003464240115135908	0.08831239491701126	-0.1018550843000412	-0.15006157755851746	0.01478763297200203	-0.032335326075553894	0.08015965670347214	-0.01884722337126732	-0.015947559848427773	0.16448166966438293	0.009359411895275116	-0.06761805713176727	-0.028882067650556564	-0.07193989306688309	-0.07250215858221054	0.04543827474117279	-0.015443217009305954	-0.23626163601875305	0.01782657764852047	0.26581284403800964	0.09899436682462692	-0.0811660960316658	0.03123830258846283	-0.20845583081245422	0.1292927861213684	-0.08275807648897171	0.20969314873218536	0.03317504748702049	0.2807557284832001	0.022979537025094032	0.041887007653713226	0.1236206591129303	-0.09564357250928879	-0.09378518164157867	-0.015096466057002544	0.13729622960090637	0.0019495021551847458	-0.08581503480672836	0.06965646892786026	-0.13563735783100128	0.015345461666584015	-0.14986073970794678	0.11783524602651596	-0.1480482965707779	-0.04694536328315735	-0.07334865629673004	0.08888301998376846	0.025236735120415688	-0.05234674736857414	0.24445238709449768	0.06610889732837677	0.2988368570804596	-0.09608327597379684	-0.029729869216680527	-0.01682968996465206	-0.0963536873459816	0.08629350364208221	0.08877281099557877	-0.2548385262489319	0.1682453751564026	-0.01796971820294857	-0.11370789259672165	0.12307143956422806	0.15179064869880676
-0.07583089172840118	0.1548813134431839	-0.023502053692936897	0.046011991798877716	0.09905874729156494	-0.12846434116363525	-0.09718049317598343	-0.012068027630448341	-0.04282863810658455	-0.24094752967357635	-0.0918889120221138	-0.10374733805656433	-0.013719058595597744	0.07049937546253204	-0.26458147168159485	-0.059393465518951416	-0.2310243546962738	0.25690901279449463	-0.1642841398715973	-0.308129221200943	0.14804935455322266	-0.03844616562128067	-0.21360516548156738	0.16822782158851624	-0.004977526143193245	-0.20785857737064362	0.04563566669821739	-0.03671136125922203	-0.12498302757740021	0.16977311670780182	-0.21586531400680542	0.02378316968679428	0.12950335443019867	-0.021169770509004593	-0.04467152804136276	-0.03388182446360588	0.031493861228227615	0.02039790339767933	0.016703100875020027	-0.023359086364507675	-0.21701589226722717	0.13892368972301483	-0.09431672096252441	0.19872047007083893	0.1997494250535965	0.07444683462381363	-0.1734880805015564	-0.01088742446154356	0.0686965361237526	-0.10892776399850845	-0.020133832469582558	-0.0993184968829155	0.033174555748701096	-0.01112400833517313	0.06416906416416168	0.01721571944653988	-0.12926602363586426	-0.0048854900524020195	0.27416375279426575	0.05699137598276138	0.15242566168308258	0.03750953450798988	0.022052280604839325	-0.037245556712150574
-0.05415252596139908	-0.09731362015008926	0.05194571241736412	-0.00553659163415432	-0.15175893902778625	-0.012794469483196735	0.0390373170375824	0.004225258249789476	-0.04487108066678047	0.09852460026741028	0.037351448088884354	0.03386569768190384	0.1407393515110016	0.0003388742625247687	-0.15014541149139404	0.014459826052188873	0.057090576738119125	0.10660281032323837	-0.008849105797708035	-0.06075453758239746	0.05968165397644043	-0.024438519030809402	0.004204956814646721	0.08449626713991165	-0.13179434835910797	-0.002134911948814988	-0.07244612276554108	-0.01775633916258812	-0.053626928478479385	0.20001815259456635	-0.020886274054646492	0.017919111996889114	-0.08166221529245377	0.07497729361057281	-0.04814353957772255	0.0029862031806260347	-0.03327608108520508	-0.11444205045700073	0.0047659436240792274	0.013603107072412968	-0.05097266286611557	-0.015266401693224907	-0.026352521032094955	-0.08443218469619751	-0.03778832405805588	-0.06266190111637115	-0.05184037983417511	-0.09949227422475815	-0.05123601853847504	-0.02845887467265129	-0.08347418904304504	-0.10221056640148163	-0.08409161865711212	0.05625427886843681	-0.04349922388792038	-0.011190029792487621	0.08501653373241425	-0.04442061111330986	0.01944071613252163	0.016771839931607246	-0.007248962298035622	-0.07684379816055298	-0.04922841489315033	0.0375390350818634
-0.05415252596139908	-0.09731362015008926	0.05194571241736412	-0.00553659163415432	-0.15175893902778625	-0.012794469483196735	0.0390373170375824	0.004225258249789476	-0.04487108066678047	0.09852460026741028	0.037351448088884354	0.03386569768190384	0.1407393515110016	0.0003388742625247687	-0.15014541149139404	0.014459826052188873	0.057090576738119125	0.10660281032323837	-0.008849105797708035	-0.06075453758239746	0.05968165397644043	-0.024438519030809402	0.004204956814646721	0.08449626713991165	-0.13179434835910797	-0.002134911948814988	-0.07244612276554108	-0.01775633916258812	-0.053626928478479385	0.20001815259456635	-0.020886274054646492	0.017919111996889114	-0.08166221529245377	0.07497729361057281	-0.04814353957772255	0.0029862031806260347	-0.03327608108520508	-0.11444205045700073	0.0047659436240792274	0.013603107072412968	-0.05097266286611557	-0.015266401693224907	-0.026352521032094955	-0.08443218469619751	-0.03778832405805588	-0.06266190111637115	-0.05184037983417511	-0.09949227422475815	-0.05123601853847504	-0.02845887467265129	-0.08347418904304504	-0.10221056640148163	-0.08409161865711212	0.05625427886843681	-0.04349922388792038	-0.011190029792487621	0.08501653373241425	-0.04442061111330986	0.01944071613252163	0.016771839931607246	-0.007248962298035622	-0.07684379816055298	-0.04922841489315033	0.0375390350818634
-0.07583089172840118	0.1548813134431839	-0.023502053692936897	0.046011991798877716	0.09905874729156494	-0.12846434116363525	-0.09718049317598343	-0.012068027630448341	-0.04282863810658455	-0.24094752967357635	-0.0918889120221138	-0.10374733805656433	-0.013719058595597744	0.07049937546253204	-0.26458147168159485	-0.059393465518951416	-0.2310243546962738	0.25690901279449463	-0.1642841398715973	-0.308129221200943	0.14804935455322266	-0.03844616562128067	-0.21360516548156738	0.16822782158851624	-0.004977526143193245	-0.20785857737064362	0.04563566669821739	-0.03671136125922203	-0.12498302757740021	0.16977311670780182	-0.21586531400680542	0.02378316968679428	0.12950335443019867	-0.021169770509004593	-0.04467152804136276	-0.03388182446360588	0.031493861228227615	0.02039790339767933	0.016703100875020027	-0.023359086364507675	-0.21701589226722717	0.13892368972301483	-0.09431672096252441	0.19872047007083893	0.1997494250535965	0.07444683462381363	-0.1734880805015564	-0.01088742446154356	0.0686965361237526	-0.10892776399850845	-0.020133832469582558	-0.0993184968829155	0.033174555748701096	-0.01112400833517313	0.06416906416416168	0.01721571944653988	-0.12926602363586426	-0.0048854900524020195	0.27416375279426575	0.05699137598276138	0.15242566168308258	0.03750953450798988	0.022052280604839325	-0.037245556712150574
0.07451340556144714	-0.1302158385515213	-0.045159127563238144	-0.07461479306221008	-0.07400742918252945	0.013103063218295574	-0.12426639348268509	-0.12178903818130493	0.03863939642906189	-0.09348297119140625	0.01893361657857895	0.22222331166267395	0.025319594889879227	0.18991588056087494	0.1271955817937851	0.027260133996605873	0.15950407087802887	-0.09192687273025513	0.10910259187221527	-0.09660732001066208	-0.11986425518989563	0.14745497703552246	-0.025035033002495766	-0.1561252325773239	-0.10498674213886261	0.0496516227722168	-0.10097085684537888	-0.201327845454216	-0.14734335243701935	-0.056778136640787125	0.08707039803266525	-0.1442296802997589	0.15687334537506104	0.09631402790546417	0.003906262572854757	-0.040699947625398636	-0.08437643200159073	-0.05379484221339226	-0.07886885851621628	-0.06739917397499084	0.12578672170639038	-0.14818508923053741	-0.024317879229784012	0.0371248722076416	-0.1066737025976181	0.05503492057323456	-0.05130891129374504	0.050206467509269714	0.060299165546894073	0.057288408279418945	-0.03430918976664543	-0.09074319154024124	-0.005368830636143684	0.02087130770087242	-0.01475684903562069	0.21005770564079285	-0.008122469298541546	-0.040997330099344254	-0.07412511110305786	-0.02632245421409607	-0.1914938986301422	0.21789172291755676	-0.05756014212965965	-0.07012733817100525
-0.003464240115135908	0.08831239491701126	-0.1018550843000412	-0.15006157755851746	0.01478763297200203	-0.032335326075553894	0.08015965670347214	-0.01884722337126732	-0.015947559848427773	0.16448166966438293	0.009359411895275116	-0.06761805713176727	-0.028882067650556564	-0.07193989306688309	-0.07250215858221054	0.04543827474117279	-0.015443217009305954	-0.23626163601875305	0.01782657764852047	0.26581284403800964	0.09899436682462692	-0.0811660960316658	0.03123830258846283	-0.20845583081245422	0.1292927861213684	-0.08275807648897171	0.20969314873218536	0.03317504748702049	0.2807557284832001	0.022979537025094032	0.041887007653713226	0.1236206591129303	-0.09564357250928879	-0.09378518164157867	-0.015096466057002544	0.13729622960090637	0.0019495021551847458	-0.08581503480672836	0.06965646892786026	-0.13563735783100128	0.015345461666584015	-0.14986073970794678	0.11783524602651596	-0.1480482965707779	-0.04694536328315735	-0.07334865629673004	0.08888301998376846	0.025236735120415688	-0.05234674736857414	0.24445238709449768	0.06610889732837677	0.2988368570804596	-0.09608327597379684	-0.029729869216680527	-0.01682968996465206	-0.0963536873459816	0.08629350364208221	0.08877281099557877	-0.2548385262489319	0.1682453751564026	-0.01796971820294857	-0.11370789259672165	0.12307143956422806	0.15179064869880676
-0.003464240115135908	0.08831239491701126	-0.1018550843000412	-0.15006157755851746	0.01478763297200203	-0.032335326075553894	0.08015965670347214	-0.01884722337126732	-0.015947559848427773	0.16448166966438293	0.009359411895275116	-0.06761805713176727	-0.028882067650556564	-0.07193989306688309	-0.07250215858221054	0.04543827474117279	-0.015443217009305954	-0.23626163601875305	0.01782657764852047	0.26581284403800964	0.09899436682462692	-0.0811660960316658	0.03123830258846283	-0.20845583081245422	0.1292927861213684	-0.08275807648897171	0.20969314873218536	0.03317504748702049	0.2807557284832001	0.022979537025094032	0.041887007653713226	0.1236206591129303	-0.09564357250928879	-0.09378518164157867	-0.015096466057002544	0.13729622960090637	0.0019495021551847458	-0.08581503480672836	0.06965646892786026	-0.13563735783100128	0.015345461666584015	-0.14986073970794678	0.11783524602651596	-0.1480482965707779	-0.04694536328315735	-0.07334865629673004	0.08888301998376846	0.025236735120415688	-0.05234674736857414	0.24445238709449768	0.06610889732837677	0.2988368570804596	-0.09608327597379684	-0.029729869216680527	-0.01682968996465206	-0.0963536873459816	0.08629350364208221	0.08877281099557877	-0.2548385262489319	0.1682453751564026	-0.01796971820294857	-0.11370789259672165	0.12307143956422806	0.15179064869880676
-0.05415252596139908	-0.09731362015008926	0.05194571241736412	-0.00553659163415432	-0.15175893902778625	-0.012794469483196735	0.0390373170375824	0.004225258249789476	-0.04487108066678047	0.09852460026741028	0.037351448088884354	0.03386569768190384	0.1407393515110016	0.0003388742625247687	-0.15014541149139404	0.014459826052188873	0.057090576738119125	0.10660281032323837	-0.008849105797708035	-0.06075453758239746	0.05968165397644043	-0.024438519030809402	0.004204956814646721	0.08449626713991165	-0.13179434835910797	-0.002134911948814988	-0.07244612276554108	-0.01775633916258812	-0.053626928478479385	0.20001815259456635	-0.020886274054646492	0.017919111996889114	-0.08166221529245377	0.07497729361057281	-0.04814353957772255	0.0029862031806260347	-0.03327608108520508	-0.11444205045700073	0.0047659436240792274	0.013603107072412968	-0.05097266286611557	-0.015266401693224907	-0.026352521032094955	-0.08443218469619751	-0.03778832405805588	-0.06266190111637115	-0.05184037983417511	-0.09949227422475815	-0.05123601853847504	-0.02845887467265129	-0.08347418904304504	-0.10221056640148163	-0.08409161865711212	0.05625427886843681	-0.04349922388792038	-0.011190029792487621	0.08501653373241425	-0.04442061111330986	0.01944071613252163	0.016771839931607246	-0.007248962298035622	-0.07684379816055298	-0.04922841489315033	0.0375390350818634
-0.003464240115135908	0.08831239491701126	-0.1018550843000412	-0.15006157755851746	0.01478763297200203	-0.032335326075553894	0.08015965670347214	-0.01884722337126732	-0.015947559848427773	0.16448166966438293	0.009359411895275116	-0.06761805713176727	-0.028882067650556564	-0.07193989306688309	-0.07250215858221054	0.04543827474117279	-0.015443217009305954	-0.23626163601875305	0.01782657764852047	0.26581284403800964	0.09899436682462692	-0.0811660960316658	0.03123830258846283	-0.20845583081245422	0.1292927861213684	-0.08275807648897171	0.20969314873218536	0.03317504748702049	0.2807557284832001	0.022979537025094032	0.041887007653713226	0.1236206591129303	-0.09564357250928879	-0.09378518164157867	-0.015096466057002544	0.13729622960090637	0.0019495021551847458	-0.08581503480672836	0.06965646892786026	-0.13563735783100128	0.015345461666584015	-0.14986073970794678	0.11783524602651596	-0.1480482965707779	-0.04694536328315735	-0.07334865629673004	0.08888301998376846	0.025236735120415688	-0.05234674736857414	0.24445238709449768	0.06610889732837677	0.2988368570804596	-0.09608327597379684	-0.029729869216680527	-0.01682968996465206	-0.0963536873459816	0.08629350364208221	0.08877281099557877	-0.2548385262489319	0.1682453751564026	-0.01796971820294857	-0.11370789259672165	0.12307143956422806	0.15179064869880676
-0.003464240115135908	0.08831239491701126	-0.1018550843000412	-0.15006157755851746	0.01478763297200203	-0.032335326075553894	0.08015965670347214	-0.01884722337126732	-0.015947559848427773	0.16448166966438293	0.009359411895275116	-0.06761805713176727	-0.028882067650556564	-0.07193989306688309	-0.07250215858221054	0.04543827474117279	-0.015443217009305954	-0.23626163601875305	0.01782657764852047	0.26581284403800964	0.09899436682462692	-0.0811660960316658	0.03123830258846283	-0.20845583081245422	0.1292927861213684	-0.08275807648897171	0.20969314873218536	0.03317504748702049	0.2807557284832001	0.022979537025094032	0.041887007653713226	0.1236206591129303	-0.09564357250928879	-0.09378518164157867	-0.015096466057002544	0.13729622960090637	0.0019495021551847458	-0.08581503480672836	0.06965646892786026	-0.13563735783100128	0.015345461666584015	-0.14986073970794678	0.11783524602651596	-0.1480482965707779	-0.04694536328315735	-0.07334865629673004	0.08888301998376846	0.025236735120415688	-0.05234674736857414	0.24445238709449768	0.06610889732837677	0.2988368570804596	-0.09608327597379684	-0.029729869216680527	-0.01682968996465206	-0.0963536873459816	0.08629350364208221	0.08877281099557877	-0.2548385262489319	0.1682453751564026	-0.01796971820294857	-0.11370789259672165	0.12307143956422806	0.15179064869880676
-0.003464240115135908	0.08831239491701126	-0.1018550843000412	-0.15006157755851746	0.01478763297200203	-0.032335326075553894	0.08015965670347214	-0.01884722337126732	-0.015947559848427773	0.16448166966438293	0.009359411895275116	-0.06761805713176727	-0.028882067650556564	-0.07193989306688309	-0.07250215858221054	0.04543827474117279	-0.015443217009305954	-0.23626163601875305	0.01782657764852047	0.26581284403800964	0.09899436682462692	-0.0811660960316658	0.03123830258846283	-0.20845583081245422	0.1292927861213684	-0.08275807648897171	0.20969314873218536	0.03317504748702049	0.2807557284832001	0.022979537025094032	0.041887007653713226	0.1236206591129303	-0.09564357250928879	-0.09378518164157867	-0.015096466057002544	0.13729622960090637	0.0019495021551847458	-0.08581503480672836	0.06965646892786026	-0.13563735783100128	0.015345461666584015	-0.14986073970794678	0.11783524602651596	-0.1480482965707779	-0.04694536328315735	-0.07334865629673004	0.08888301998376846	0.025236735120415688	-0.05234674736857414	0.24445238709449768	0.06610889732837677	0.2988368570804596	-0.09608327597379684	-0.029729869216680527	-0.01682968996465206	-0.0963536873459816	0.08629350364208221	0.08877281099557877	-0.2548385262489319	0.1682453751564026	-0.01796971820294857	-0.11370789259672165	0.12307143956422806	0.15179064869880676
-0.003464240115135908	0.08831239491701126	-0.1018550843000412	-0.15006157755851746	0.01478763297200203	-0.032335326075553894	0.08015965670347214	-0.01884722337126732	-0.015947559848427773	0.16448166966438293	0.009359411895275116	-0.06761805713176727	-0.028882067650556564	-0.07193989306688309	-0.07250215858221054	0.04543827474117279	-0.015443217009305954	-0.23626163601875305	0.01782657764852047	0.26581284403800964	0.09899436682462692	-0.0811660960316658	0.03123830258846283	-0.20845583081245422	0.1292927861213684	-0.08275807648897171	0.20969314873218536	0.03317504748702049	0.2807557284832001	0.022979537025094032	0.041887007653713226	0.1236206591129303	-0.09564357250928879	-0.09378518164157867	-0.015096466057002544	0.13729622960090637	0.0019495021551847458	-0.08581503480672836	0.06965646892786026	-0.13563735783100128	0.015345461666584015	-0.14986073970794678	0.11783524602651596	-0.1480482965707779	-0.04694536328315735	-0.07334865629673004	0.08888301998376846	0.025236735120415688	-0.05234674736857414	0.24445238709449768	0.06610889732837677	0.2988368570804596	-0.09608327597379684	-0.029729869216680527	-0.01682968996465206	-0.0963536873459816	0.08629350364208221	0.08877281099557877	-0.2548385262489319	0.1682453751564026	-0.01796971820294857	-0.11370789259672165	0.12307143956422806	0.15179064869880676
-0.05415252596139908	-0.09731362015008926	0.05194571241736412	-0.00553659163415432	-0.15175893902778625	-0.012794469483196735	0.0390373170375824	0.004225258249789476	-0.04487108066678047	0.09852460026741028	0.037351448088884354	0.03386569768190384	0.1407393515110016	0.0003388742625247687	-0.15014541149139404	0.014459826052188873	0.057090576738119125	0.10660281032323837	-0.008849105797708035	-0.06075453758239746	0.05968165397644043	-0.024438519030809402	0.004204956814646721	0.08449626713991165	-0.13179434835910797	-0.002134911948814988	-0.07244612276554108	-0.01775633916258812	-0.053626928478479385	0.20001815259456635	-0.020886274054646492	0.017919111996889114	-0.08166221529245377	0.07497729361057281	-0.04814353957772255	0.0029862031806260347	-0.03327608108520508	-0.11444205045700073	0.0047659436240792274	0.013603107072412968	-0.05097266286611557	-0.015266401693224907	-0.026352521032094955	-0.08443218469619751	-0.03778832405805588	-0.06266190111637115	-0.05184037983417511	-0.09949227422475815	-0.05123601853847504	-0.02845887467265129	-0.08347418904304504	-0.10221056640148163	-0.08409161865711212	0.05625427886843681	-0.04349922388792038	-0.011190029792487621	0.08501653373241425	-0.04442061111330986	0.01944071613252163	0.016771839931607246	-0.007248962298035622	-0.07684379816055298	-0.04922841489315033	0.0375390350818634
-0.003464240115135908	0.08831239491701126	-0.1018550843000412	-0.15006157755851746	0.01478763297200203	-0.032335326075553894	0.08015965670347214	-0.01884722337126732	-0.015947559848427773	0.16448166966438293	0.009359411895275116	-0.06761805713176727	-0.028882067650556564	-0.07193989306688309	-0.07250215858221054	0.04543827474117279	-0.015443217009305954	-0.23626163601875305	0.01782657764852047	0.26581284403800964	0.09899436682462692	-0.0811660960316658	0.03123830258846283	-0.20845583081245422	0.1292927861213684	-0.08275807648897171	0.20969314873218536	0.03317504748702049	0.2807557284832001	0.022979537025094032	0.041887007653713226	0.1236206591129303	-0.09564357250928879	-0.09378518164157867	-0.015096466057002544	0.13729622960090637	0.0019495021551847458	-0.08581503480672836	0.06965646892786026	-0.13563735783100128	0.015345461666584015	-0.14986073970794678	0.11783524602651596	-0.1480482965707779	-0.04694536328315735	-0.07334865629673004	0.08888301998376846	0.025236735120415688	-0.05234674736857414	0.24445238709449768	0.06610889732837677	0.2988368570804596	-0.09608327597379684	-0.029729869216680527	-0.01682968996465206	-0.0963536873459816	0.08629350364208221	0.08877281099557877	-0.2548385262489319	0.1682453751564026	-0.01796971820294857	-0.11370789259672165	0.12307143956422806	0.15179064869880676
-0.003464240115135908	0.08831239491701126	-0.1018550843000412	-0.15006157755851746	0.01478763297200203	-0.032335326075553894	0.08015965670347214	-0.01884722337126732	-0.015947559848427773	0.16448166966438293	0.009359411895275116	-0.06761805713176727	-0.028882067650556564	-0.07193989306688309	-0.07250215858221054	0.04543827474117279	-0.015443217009305954	-0.23626163601875305	0.01782657764852047	0.26581284403800964	0.09899436682462692	-0.0811660960316658	0.03123830258846283	-0.20845583081245422	0.1292927861213684	-0.08275807648897171	0.20969314873218536	0.03317504748702049	0.2807557284832001	0.022979537025094032	0.041887007653713226	0.1236206591129303	-0.09564357250928879	-0.09378518164157867	-0.015096466057002544	0.13729622960090637	0.0019495021551847458	-0.08581503480672836	0.06965646892786026	-0.13563735783100128	0.015345461666584015	-0.14986073970794678	0.11783524602651596	-0.1480482965707779	-0.04694536328315735	-0.07334865629673004	0.08888301998376846	0.025236735120415688	-0.05234674736857414	0.24445238709449768	0.06610889732837677	0.2988368570804596	-0.09608327597379684	-0.029729869216680527	-0.01682968996465206	-0.0963536873459816	0.08629350364208221	0.08877281099557877	-0.2548385262489319	0.1682453751564026	-0.01796971820294857	-0.11370789259672165	0.12307143956422806	0.15179064869880676
-0.07583089172840118	0.1548813134431839	-0.023502053692936897	0.046011991798877716	0.09905874729156494	-0.12846434116363525	-0.09718049317598343	-0.012068027630448341	-0.04282863810658455	-0.24094752967357635	-0.0918889120221138	-0.10374733805656433	-0.013719058595597744	0.07049937546253204	-0.26458147168159485	-0.059393465518951416	-0.2310243546962738	0.25690901279449463	-0.1642841398715973	-0.308129221200943	0.14804935455322266	-0.03844616562128067	-0.21360516548156738	0.16822782158851624	-0.004977526143193245	-0.20785857737064362	0.04563566669821739	-0.03671136125922203	-0.12498302757740021	0.16977311670780182	-0.21586531400680542	0.02378316968679428	0.12950335443019867	-0.021169770509004593	-0.04467152804136276	-0.03388182446360588	0.031493861228227615	0.02039790339767933	0.016703100875020027	-0.023359086364507675	-0.21701589226722717	0.13892368972301483	-0.09431672096252441	0.19872047007083893	0.1997494250535965	0.07444683462381363	-0.1734880805015564	-0.01088742446154356	0.0686965361237526	-0.10892776399850845	-0.020133832469582558	-0.0993184968829155	0.033174555748701096	-0.01112400833517313	0.06416906416416168	0.01721571944653988	-0.12926602363586426	-0.0048854900524020195	0.27416375279426575	0.05699137598276138	0.15242566168308258	0.03750953450798988	0.022052280604839325	-0.037245556712150574
-0.003464240115135908	0.08831239491701126	-0.1018550843000412	-0.15006157755851746	0.01478763297200203	-0.032335326075553894	0.08015965670347214	-0.01884722337126732	-0.015947559848427773	0.16448166966438293	0.009359411895275116	-0.06761805713176727	-0.028882067650556564	-0.07193989306688309	-0.07250215858221054	0.04543827474117279	-0.015443217009305954	-0.23626163601875305	0.01782657764852047	0.26581284403800964	0.09899436682462692	-0.0811660960316658	0.03123830258846283	-0.20845583081245422	0.1292927861213684	-0.08275807648897171	0.20969314873218536	0.03317504748702049	0.2807557284832001	0.022979537025094032	0.041887007653713226	0.1236206591129303	-0.09564357250928879	-0.09378518164157867	-0.015096466057002544	0.13729622960090637	0.0019495021551847458	-0.08581503480672836	0.06965646892786026	-0.13563735783100128	0.015345461666584015	-0.14986073970794678	0.11783524602651596	-0.1480482965707779	-0.04694536328315735	-0.07334865629673004	0.08888301998376846	0.025236735120415688	-0.05234674736857414	0.24445238709449768	0.06610889732837677	0.2988368570804596	-0.09608327597379684	-0.029729869216680527	-0.01682968996465206	-0.0963536873459816	0.08629350364208221	0.08877281099557877	-0.2548385262489319	0.1682453751564026	-0.01796971820294857	-0.11370789259672165	0.12307143956422806	0.15179064869880676
-0.05415252596139908	-0.09731362015008926	0.05194571241736412	-0.00553659163415432	-0.15175893902778625	-0.012794469483196735	0.0390373170375824	0.004225258249789476	-0.04487108066678047	0.09852460026741028	0.037351448088884354	0.03386569768190384	0.1407393515110016	0.0003388742625247687	-0.15014541149139404	0.014459826052188873	0.057090576738119125	0.10660281032323837	-0.008849105797708035	-0.06075453758239746	0.05968165397644043	-0.024438519030809402	0.004204956814646721	0.08449626713991165	-0.13179434835910797	-0.002134911948814988	-0.07244612276554108	-0.01775633916258812	-0.053626928478479385	0.20001815259456635	-0.020886274054646492	0.017919111996889114	-0.08166221529245377	0.07497729361057281	-0.04814353957772255	0.0029862031806260347	-0.03327608108520508	-0.11444205045700073	0.0047659436240792274	0.013603107072412968	-0.05097266286611557	-0.015266401693224907	-0.026352521032094955	-0.08443218469619751	-0.03778832405805588	-0.06266190111637115	-0.05184037983417511	-0.09949227422475815	-0.05123601853847504	-0.02845887467265129	-0.08347418904304504	-0.10221056640148163	-0.08409161865711212	0.05625427886843681	-0.04349922388792038	-0.011190029792487621	0.08501653373241425	-0.04442061111330986	0.01944071613252163	0.016771839931607246	-0.007248962298035622	-0.07684379816055298	-0.04922841489315033	0.0375390350818634
-0.05415252596139908	-0.09731362015008926	0.05194571241736412	-0.00553659163415432	-0.15175893902778625	-0.012794469483196735	0.0390373170375824	0.004225258249789476	-0.04487108066678047	0.09852460026741028	0.037351448088884354	0.03386569768190384	0.1407393515110016	0.0003388742625247687	-0.15014541149139404	0.014459826052188873	0.057090576738119125	0.10660281032323837	-0.008849105797708035	-0.06075453758239746	0.05968165397644043	-0.024438519030809402	0.004204956814646721	0.08449626713991165	-0.13179434835910797	-0.002134911948814988	-0.07244612276554108	-0.01775633916258812	-0.053626928478479385	0.20001815259456635	-0.020886274054646492	0.017919111996889114	-0.08166221529245377	0.07497729361057281	-0.04814353957772255	0.0029862031806260347	-0.03327608108520508	-0.11444205045700073	0.0047659436240792274	0.013603107072412968	-0.05097266286611557	-0.015266401693224907	-0.026352521032094955	-0.08443218469619751	-0.03778832405805588	-0.06266190111637115	-0.05184037983417511	-0.09949227422475815	-0.05123601853847504	-0.02845887467265129	-0.08347418904304504	-0.10221056640148163	-0.08409161865711212	0.05625427886843681	-0.04349922388792038	-0.011190029792487621	0.08501653373241425	-0.04442061111330986	0.01944071613252163	0.016771839931607246	-0.007248962298035622	-0.07684379816055298	-0.04922841489315033	0.0375390350818634
-0.003464240115135908	0.08831239491701126	-0.1018550843000412	-0.15006157755851746	0.01478763297200203	-0.032335326075553894	0.08015965670347214	-0.01884722337126732	-0.015947559848427773	0.16448166966438293	0.009359411895275116	-0.06761805713176727	-0.028882067650556564	-0.07193989306688309	-0.07250215858221054	0.04543827474117279	-0.015443217009305954	-0.23626163601875305	0.01782657764852047	0.26581284403800964	0.09899436682462692	-0.0811660960316658	0.03123830258846283	-0.20845583081245422	0.1292927861213684	-0.08275807648897171	0.20969314873218536	0.03317504748702049	0.2807557284832001	0.022979537025094032	0.041887007653713226	0.1236206591129303	-0.09564357250928879	-0.09378518164157867	-0.015096466057002544	0.13729622960090637	0.0019495021551847458	-0.08581503480672836	0.06965646892786026	-0.13563735783100128	0.015345461666584015	-0.14986073970794678	0.11783524602651596	-0.1480482965707779	-0.04694536328315735	-0.07334865629673004	0.08888301998376846	0.025236735120415688	-0.05234674736857414	0.24445238709449768	0.06610889732837677	0.2988368570804596	-0.09608327597379684	-0.029729869216680527	-0.01682968996465206	-0.0963536873459816	0.08629350364208221	0.08877281099557877	-0.2548385262489319	0.1682453751564026	-0.01796971820294857	-0.11370789259672165	0.12307143956422806	0.15179064869880676
0.08038521558046341	0.0005135754472576082	-0.03376169502735138	0.23375463485717773	0.1294708102941513	0.14429903030395508	-0.07833225280046463	0.06580182909965515	-0.11050254851579666	0.1977536976337433	-0.12655436992645264	-0.30332252383232117	-0.07545731216669083	-0.2094477117061615	0.27855631709098816	0.05201869457960129	-0.21266701817512512	0.06642396748065948	-0.24257884919643402	0.31215059757232666	-0.14309075474739075	0.09932616353034973	0.08049463480710983	0.04576275497674942	0.22676925361156464	0.26980677247047424	-0.007524337153881788	0.31235137581825256	0.1862468272447586	-0.36587899923324585	0.021694915369153023	0.15989486873149872	0.003825615392997861	0.00021981954341754317	-0.04099944978952408	-0.0265986118465662	0.11322177946567535	0.21519088745117188	-0.0234165508300066	0.09166724979877472	0.21209150552749634	0.12371693551540375	0.08245421946048737	0.05577344074845314	0.12155060470104218	-0.11637064814567566	0.18642176687717438	0.16492027044296265	-0.19432726502418518	-0.125377357006073	0.07976943254470825	0.09477081149816513	0.1760140061378479	0.0550137497484684	-0.005199932027608156	-0.07530691474676132	-0.039003636687994	0.03430863097310066	-0.11450127512216568	-0.06632666289806366	0.08638633042573929	-0.14672110974788666	0.10121762752532959	0.058468081057071686
-0.05415252596139908	-0.09731362015008926	0.05194571241736412	-0.00553659163415432	-0.15175893902778625	-0.012794469483196735	0.0390373170375824	0.004225258249789476	-0.04487108066678047	0.09852460026741028	0.037351448088884354	0.03386569768190384	0.1407393515110016	0.0003388742625247687	-0.15014541149139404	0.014459826052188873	0.057090576738119125	0.10660281032323837	-0.008849105797708035	-0.06075453758239746	0.05968165397644043	-0.024438519030809402	0.004204956814646721	0.08449626713991165	-0.13179434835910797	-0.002134911948814988	-0.07244612276554108	-0.01775633916258812	-0.053626928478479385	0.20001815259456635	-0.020886274054646492	0.017919111996889114	-0.08166221529245377	0.07497729361057281	-0.04814353957772255	0.0029862031806260347	-0.03327608108520508	-0.11444205045700073	0.0047659436240792274	0.013603107072412968	-0.05097266286611557	-0.015266401693224907	-0.026352521032094955	-0.08443218469619751	-0.03778832405805588	-0.06266190111637115	-0.05184037983417511	-0.09949227422475815	-0.05123601853847504	-0.02845887467265129	-0.08347418904304504	-0.10221056640148163	-0.08409161865711212	0.05625427886843681	-0.04349922388792038	-0.011190029792487621	0.08501653373241425	-0.04442061111330986	0.01944071613252163	0.016771839931607246	-0.007248962298035622	-0.07684379816055298	-0.04922841489315033	0.0375390350818634
0.0018514028051868081	0.11328211426734924	0.05344918370246887	-0.004046923015266657	0.08266754448413849	-0.06648490577936172	-0.07230626046657562	0.12365542352199554	0.02293311059474945	-0.10998935997486115	0.022657882422208786	0.030075185000896454	-0.04746422544121742	0.016057088971138	0.023385774344205856	0.00765840383246541	-0.05613330006599426	-0.17502257227897644	0.045762866735458374	-0.23528790473937988	0.058267515152692795	-0.032522737979888916	-0.036832600831985474	-0.13222073018550873	-0.11858516931533813	-0.2811451256275177	-0.1042243167757988	-0.19501109421253204	-0.13811789453029633	-0.029889928176999092	-0.1785094439983368	0.00203124457038939	0.08209681510925293	-0.14856106042861938	0.11313872784376144	-0.09366440773010254	-0.10780429095029831	-0.06410732865333557	-0.08783255517482758	0.09634910523891449	-0.053974639624357224	0.06041334196925163	-0.03139685094356537	-0.023543374612927437	0.0629095658659935	-0.03406220301985741	-0.05682852864265442	0.05941826105117798	-0.00045474423677660525	0.02140909805893898	-0.1524900496006012	-0.09228654205799103	0.14573417603969574	-0.015750238671898842	0.12338367849588394	0.052041035145521164	-0.13938377797603607	0.0022348721977323294	0.18074361979961395	-0.0013945653336122632	0.06844683736562729	0.16830310225486755	-0.001240418991073966	-0.15712019801139832
-0.05415252596139908	-0.09731362015008926	0.05194571241736412	-0.00553659163415432	-0.15175893902778625	-0.012794469483196735	0.0390373170375824	0.004225258249789476	-0.04487108066678047	0.09852460026741028	0.037351448088884354	0.03386569768190384	0.1407393515110016	0.0003388742625247687	-0.15014541149139404	0.014459826052188873	0.057090576738119125	0.10660281032323837	-0.008849105797708035	-0.06075453758239746	0.05968165397644043	-0.024438519030809402	0.004204956814646721	0.08449626713991165	-0.13179434835910797	-0.002134911948814988	-0.07244612276554108	-0.01775633916258812	-0.053626928478479385	0.20001815259456635	-0.020886274054646492	0.017919111996889114	-0.08166221529245377	0.07497729361057281	-0.04814353957772255	0.0029862031806260347	-0.03327608108520508	-0.11444205045700073	0.0047659436240792274	0.013603107072412968	-0.05097266286611557	-0.015266401693224907	-0.026352521032094955	-0.08443218469619751	-0.03778832405805588	-0.06266190111637115	-0.05184037983417511	-0.09949227422475815	-0.05123601853847504	-0.02845887467265129	-0.08347418904304504	-0.10221056640148163	-0.08409161865711212	0.05625427886843681	-0.04349922388792038	-0.011190029792487621	0.08501653373241425	-0.04442061111330986	0.01944071613252163	0.016771839931607246	-0.007248962298035622	-0.07684379816055298	-0.04922841489315033	0.0375390350818634
0.11929653584957123	-0.0013416704023256898	0.06346648931503296	0.07859935611486435	0.18602889776229858	-0.09999958425760269	-0.09204372018575668	-0.07183012366294861	0.02568877674639225	-0.03807350620627403	0.13054995238780975	-0.07965318113565445	-0.29279208183288574	0.17273642122745514	0.3825731575489044	-0.07860445976257324	-0.1594419628381729	-0.19594918191432953	0.35280442237854004	0.07716010510921478	-0.1617400050163269	-0.12103654444217682	0.10447199642658234	0.015289222821593285	0.12317374348640442	0.18608412146568298	-0.1169435977935791	-0.018949195742607117	0.07766702026128769	-0.30611807107925415	0.00857866182923317	-0.08885952085256577	0.2663250267505646	-0.07047044485807419	-0.015217375010251999	-0.04293941333889961	-0.03440077230334282	0.05162651091814041	0.047778308391571045	-0.10578722506761551	0.16154342889785767	0.03795325383543968	0.12309648841619492	0.21467114984989166	-0.13590018451213837	0.15221019089221954	0.013507218100130558	0.13001225888729095	0.22255493700504303	-0.15607072412967682	0.020780721679329872	-0.08676879853010178	0.0879824161529541	-0.2628805339336395	0.14090432226657867	-0.0421048067510128	-0.1764722317457199	-0.07714303582906723	0.012470999732613564	-0.2303338348865509	0.03822740167379379	0.1674206703901291	-0.05803913250565529	0.15890569984912872
-0.05415252596139908	-0.09731362015008926	0.05194571241736412	-0.00553659163415432	-0.15175893902778625	-0.012794469483196735	0.0390373170375824	0.004225258249789476	-0.04487108066678047	0.09852460026741028	0.037351448088884354	0.03386569768190384	0.1407393515110016	0.0003388742625247687	-0.15014541149139404	0.014459826052188873	0.057090576738119125	0.10660281032323837	-0.008849105797708035	-0.06075453758239746	0.05968165397644043	-0.024438519030809402	0.004204956814646721	0.08449626713991165	-0.13179434835910797	-0.002134911948814988	-0.07244612276554108	-0.01775633916258812	-0.053626928478479385	0.20001815259456635	-0.020886274054646492	0.017919111996889114	-0.08166221529245377	0.07497729361057281	-0.04814353957772255	0.0029862031806260347	-0.03327608108520508	-0.11444205045700073	0.0047659436240792274	0.013603107072412968	-0.05097266286611557	-0.015266401693224907	-0.026352521032094955	-0.08443218469619751	-0.03778832405805588	-0.06266190111637115	-0.05184037983417511	-0.09949227422475815	-0.05123601853847504	-0.02845887467265129	-0.08347418904304504	-0.10221056640148163	-0.08409161865711212	0.05625427886843681	-0.04349922388792038	-0.011190029792487621	0.08501653373241425	-0.04442061111330986	0.01944071613252163	0.016771839931607246	-0.007248962298035622	-0.07684379816055298	-0.04922841489315033	0.0375390350818634
-0.003464240115135908	0.08831239491701126	-0.1018550843000412	-0.15006157755851746	0.01478763297200203	-0.032335326075553894	0.08015965670347214	-0.01884722337126732	-0.015947559848427773	0.16448166966438293	0.009359411895275116	-0.06761805713176727	-0.028882067650556564	-0.07193989306688309	-0.07250215858221054	0.04543827474117279	-0.015443217009305954	-0.23626163601875305	0.01782657764852047	0.26581284403800964	0.09899436682462692	-0.0811660960316658	0.03123830258846283	-0.20845583081245422	0.1292927861213684	-0.08275807648897171	0.20969314873218536	0.03317504748702049	0.2807557284832001	0.022979537025094032	0.041887007653713226	0.1236206591129303	-0.09564357250928879	-0.09378518164157867	-0.015096466057002544	0.13729622960090637	0.0019495021551847458	-0.08581503480672836	0.06965646892786026	-0.13563735783100128	0.015345461666584015	-0.14986073970794678	0.11783524602651596	-0.1480482965707779	-0.04694536328315735	-0.07334865629673004	0.08888301998376846	0.025236735120415688	-0.05234674736857414	0.24445238709449768	0.06610889732837677	0.2988368570804596	-0.09608327597379684	-0.029729869216680527	-0.01682968996465206	-0.0963536873459816	0.08629350364208221	0.08877281099557877	-0.2548385262489319	0.1682453751564026	-0.01796971820294857	-0.11370789259672165	0.12307143956422806	0.15179064869880676
-0.05415252596139908	-0.09731362015008926	0.05194571241736412	-0.00553659163415432	-0.15175893902778625	-0.012794469483196735	0.0390373170375824	0.004225258249789476	-0.04487108066678047	0.09852460026741028	0.037351448088884354	0.03386569768190384	0.1407393515110016	0.0003388742625247687	-0.15014541149139404	0.014459826052188873	0.057090576738119125	0.10660281032323837	-0.008849105797708035	-0.06075453758239746	0.05968165397644043	-0.024438519030809402	0.004204956814646721	0.08449626713991165	-0.13179434835910797	-0.002134911948814988	-0.07244612276554108	-0.01775633916258812	-0.053626928478479385	0.20001815259456635	-0.020886274054646492	0.017919111996889114	-0.08166221529245377	0.07497729361057281	-0.04814353957772255	0.0029862031806260347	-0.03327608108520508	-0.11444205045700073	0.0047659436240792274	0.013603107072412968	-0.05097266286611557	-0.015266401693224907	-0.026352521032094955	-0.08443218469619751	-0.03778832405805588	-0.06266190111637115	-0.05184037983417511	-0.09949227422475815	-0.05123601853847504	-0.02845887467265129	-0.08347418904304504	-0.10221056640148163	-0.08409161865711212	0.05625427886843681	-0.04349922388792038	-0.011190029792487621	0.08501653373241425	-0.04442061111330986	0.01944071613252163	0.016771839931607246	-0.007248962298035622	-0.07684379816055298	-0.04922841489315033	0.0375390350818634
-0.003464240115135908	0.08831239491701126	-0.1018550843000412	-0.15006157755851746	0.01478763297200203	-0.032335326075553894	0.08015965670347214	-0.01884722337126732	-0.015947559848427773	0.16448166966438293	0.009359411895275116	-0.06761805713176727	-0.028882067650556564	-0.07193989306688309	-0.07250215858221054	0.04543827474117279	-0.015443217009305954	-0.23626163601875305	0.01782657764852047	0.26581284403800964	0.09899436682462692	-0.0811660960316658	0.03123830258846283	-0.20845583081245422	0.1292927861213684	-0.08275807648897171	0.20969314873218536	0.03317504748702049	0.2807557284832001	0.022979537025094032	0.041887007653713226	0.1236206591129303	-0.09564357250928879	-0.09378518164157867	-0.015096466057002544	0.13729622960090637	0.0019495021551847458	-0.08581503480672836	0.06965646892786026	-0.13563735783100128	0.015345461666584015	-0.14986073970794678	0.11783524602651596	-0.1480482965707779	-0.04694536328315735	-0.07334865629673004	0.08888301998376846	0.025236735120415688	-0.05234674736857414	0.24445238709449768	0.06610889732837677	0.2988368570804596	-0.09608327597379684	-0.029729869216680527	-0.01682968996465206	-0.0963536873459816	0.08629350364208221	0.08877281099557877	-0.2548385262489319	0.1682453751564026	-0.01796971820294857	-0.11370789259672165	0.12307143956422806	0.15179064869880676
-0.003464240115135908	0.08831239491701126	-0.1018550843000412	-0.15006157755851746	0.01478763297200203	-0.032335326075553894	0.08015965670347214	-0.01884722337126732	-0.015947559848427773	0.16448166966438293	0.009359411895275116	-0.06761805713176727	-0.028882067650556564	-0.07193989306688309	-0.07250215858221054	0.04543827474117279	-0.015443217009305954	-0.23626163601875305	0.01782657764852047	0.26581284403800964	0.09899436682462692	-0.0811660960316658	0.03123830258846283	-0.20845583081245422	0.1292927861213684	-0.08275807648897171	0.20969314873218536	0.03317504748702049	0.2807557284832001	0.022979537025094032	0.041887007653713226	0.1236206591129303	-0.09564357250928879	-0.09378518164157867	-0.015096466057002544	0.13729622960090637	0.0019495021551847458	-0.08581503480672836	0.06965646892786026	-0.13563735783100128	0.015345461666584015	-0.14986073970794678	0.11783524602651596	-0.1480482965707779	-0.04694536328315735	-0.07334865629673004	0.08888301998376846	0.025236735120415688	-0.05234674736857414	0.24445238709449768	0.06610889732837677	0.2988368570804596	-0.09608327597379684	-0.029729869216680527	-0.01682968996465206	-0.0963536873459816	0.08629350364208221	0.08877281099557877	-0.2548385262489319	0.1682453751564026	-0.01796971820294857	-0.11370789259672165	0.12307143956422806	0.15179064869880676
-0.003464240115135908	0.08831239491701126	-0.1018550843000412	-0.15006157755851746	0.01478763297200203	-0.032335326075553894	0.08015965670347214	-0.01884722337126732	-0.015947559848427773	0.16448166966438293	0.009359411895275116	-0.06761805713176727	-0.028882067650556564	-0.07193989306688309	-0.07250215858221054	0.04543827474117279	-0.015443217009305954	-0.23626163601875305	0.01782657764852047	0.26581284403800964	0.09899436682462692	-0.0811660960316658	0.03123830258846283	-0.20845583081245422	0.1292927861213684	-0.08275807648897171	0.20969314873218536	0.03317504748702049	0.2807557284832001	0.022979537025094032	0.041887007653713226	0.1236206591129303	-0.09564357250928879	-0.09378518164157867	-0.015096466057002544	0.13729622960090637	0.0019495021551847458	-0.08581503480672836	0.06965646892786026	-0.13563735783100128	0.015345461666584015	-0.14986073970794678	0.11783524602651596	-0.1480482965707779	-0.04694536328315735	-0.07334865629673004	0.08888301998376846	0.025236735120415688	-0.05234674736857414	0.24445238709449768	0.06610889732837677	0.2988368570804596	-0.09608327597379684	-0.029729869216680527	-0.01682968996465206	-0.0963536873459816	0.08629350364208221	0.08877281099557877	-0.2548385262489319	0.1682453751564026	-0.01796971820294857	-0.11370789259672165	0.12307143956422806	0.15179064869880676
-0.003464240115135908	0.08831239491701126	-0.1018550843000412	-0.15006157755851746	0.01478763297200203	-0.032335326075553894	0.08015965670347214	-0.01884722337126732	-0.015947559848427773	0.16448166966438293	0.009359411895275116	-0.06761805713176727	-0.028882067650556564	-0.07193989306688309	-0.07250215858221054	0.04543827474117279	-0.015443217009305954	-0.23626163601875305	0.01782657764852047	0.26581284403800964	0.09899436682462692	-0.0811660960316658	0.03123830258846283	-0.20845583081245422	0.1292927861213684	-0.08275807648897171	0.20969314873218536	0.03317504748702049	0.2807557284832001	0.022979537025094032	0.041887007653713226	0.1236206591129303	-0.09564357250928879	-0.09378518164157867	-0.015096466057002544	0.13729622960090637	0.0019495021551847458	-0.08581503480672836	0.06965646892786026	-0.13563735783100128	0.015345461666584015	-0.14986073970794678	0.11783524602651596	-0.1480482965707779	-0.04694536328315735	-0.07334865629673004	0.08888301998376846	0.025236735120415688	-0.05234674736857414	0.24445238709449768	0.06610889732837677	0.2988368570804596	-0.09608327597379684	-0.029729869216680527	-0.01682968996465206	-0.0963536873459816	0.08629350364208221	0.08877281099557877	-0.2548385262489319	0.1682453751564026	-0.01796971820294857	-0.11370789259672165	0.12307143956422806	0.15179064869880676
-0.05415252596139908	-0.09731362015008926	0.05194571241736412	-0.00553659163415432	-0.15175893902778625	-0.012794469483196735	0.0390373170375824	0.004225258249789476	-0.04487108066678047	0.09852460026741028	0.037351448088884354	0.03386569768190384	0.1407393515110016	0.0003388742625247687	-0.15014541149139404	0.014459826052188873	0.057090576738119125	0.10660281032323837	-0.008849105797708035	-0.06075453758239746	0.05968165397644043	-0.024438519030809402	0.004204956814646721	0.08449626713991165	-0.13179434835910797	-0.002134911948814988	-0.07244612276554108	-0.01775633916258812	-0.053626928478479385	0.20001815259456635	-0.020886274054646492	0.017919111996889114	-0.08166221529245377	0.07497729361057281	-0.04814353957772255	0.0029862031806260347	-0.03327608108520508	-0.11444205045700073	0.0047659436240792274	0.013603107072412968	-0.05097266286611557	-0.015266401693224907	-0.026352521032094955	-0.08443218469619751	-0.03778832405805588	-0.06266190111637115	-0.05184037983417511	-0.09949227422475815	-0.05123601853847504	-0.02845887467265129	-0.08347418904304504	-0.10221056640148163	-0.08409161865711212	0.05625427886843681	-0.04349922388792038	-0.011190029792487621	0.08501653373241425	-0.04442061111330986	0.01944071613252163	0.016771839931607246	-0.007248962298035622	-0.07684379816055298	-0.04922841489315033	0.0375390350818634
-0.003464240115135908	0.08831239491701126	-0.1018550843000412	-0.15006157755851746	0.01478763297200203	-0.032335326075553894	0.08015965670347214	-0.01884722337126732	-0.015947559848427773	0.16448166966438293	0.009359411895275116	-0.06761805713176727	-0.028882067650556564	-0.07193989306688309	-0.07250215858221054	0.04543827474117279	-0.015443217009305954	-0.23626163601875305	0.01782657764852047	0.26581284403800964	0.09899436682462692	-0.0811660960316658	0.03123830258846283	-0.20845583081245422	0.1292927861213684	-0.08275807648897171	0.20969314873218536	0.03317504748702049	0.2807557284832001	0.022979537025094032	0.041887007653713226	0.1236206591129303	-0.09564357250928879	-0.09378518164157867	-0.015096466057002544	0.13729622960090637	0.0019495021551847458	-0.08581503480672836	0.06965646892786026	-0.13563735783100128	0.015345461666584015	-0.14986073970794678	0.11783524602651596	-0.1480482965707779	-0.04694536328315735	-0.07334865629673004	0.08888301998376846	0.025236735120415688	-0.05234674736857414	0.24445238709449768	0.06610889732837677	0.2988368570804596	-0.09608327597379684	-0.029729869216680527	-0.01682968996465206	-0.0963536873459816	0.08629350364208221	0.08877281099557877	-0.2548385262489319	0.1682453751564026	-0.01796971820294857	-0.11370789259672165	0.12307143956422806	0.15179064869880676
-0.003464240115135908	0.08831239491701126	-0.1018550843000412	-0.15006157755851746	0.01478763297200203	-0.032335326075553894	0.08015965670347214	-0.01884722337126732	-0.015947559848427773	0.16448166966438293	0.009359411895275116	-0.06761805713176727	-0.028882067650556564	-0.07193989306688309	-0.07250215858221054	0.04543827474117279	-0.015443217009305954	-0.23626163601875305	0.01782657764852047	0.26581284403800964	0.09899436682462692	-0.0811660960316658	0.03123830258846283	-0.20845583081245422	0.1292927861213684	-0.08275807648897171	0.20969314873218536	0.03317504748702049	0.2807557284832001	0.022979537025094032	0.041887007653713226	0.1236206591129303	-0.09564357250928879	-0.09378518164157867	-0.015096466057002544	0.13729622960090637	0.0019495021551847458	-0.08581503480672836	0.06965646892786026	-0.13563735783100128	0.015345461666584015	-0.14986073970794678	0.11783524602651596	-0.1480482965707779	-0.04694536328315735	-0.07334865629673004	0.08888301998376846	0.025236735120415688	-0.05234674736857414	0.24445238709449768	0.06610889732837677	0.2988368570804596	-0.09608327597379684	-0.029729869216680527	-0.01682968996465206	-0.0963536873459816	0.08629350364208221	0.08877281099557877	-0.2548385262489319	0.1682453751564026	-0.01796971820294857	-0.11370789259672165	0.12307143956422806	0.15179064869880676
-0.003464240115135908	0.08831239491701126	-0.1018550843000412	-0.15006157755851746	0.01478763297200203	-0.032335326075553894	0.08015965670347214	-0.01884722337126732	-0.015947559848427773	0.16448166966438293	0.009359411895275116	-0.06761805713176727	-0.028882067650556564	-0.07193989306688309	-0.07250215858221054	0.04543827474117279	-0.015443217009305954	-0.23626163601875305	0.01782657764852047	0.26581284403800964	0.09899436682462692	-0.0811660960316658	0.03123830258846283	-0.20845583081245422	0.1292927861213684	-0.08275807648897171	0.20969314873218536	0.03317504748702049	0.2807557284832001	0.022979537025094032	0.041887007653713226	0.1236206591129303	-0.09564357250928879	-0.09378518164157867	-0.015096466057002544	0.13729622960090637	0.0019495021551847458	-0.08581503480672836	0.06965646892786026	-0.13563735783100128	0.015345461666584015	-0.14986073970794678	0.11783524602651596	-0.1480482965707779	-0.04694536328315735	-0.07334865629673004	0.08888301998376846	0.025236735120415688	-0.05234674736857414	0.24445238709449768	0.06610889732837677	0.2988368570804596	-0.09608327597379684	-0.029729869216680527	-0.01682968996465206	-0.0963536873459816	0.08629350364208221	0.08877281099557877	-0.2548385262489319	0.1682453751564026	-0.01796971820294857	-0.11370789259672165	0.12307143956422806	0.15179064869880676
-0.003464240115135908	0.08831239491701126	-0.1018550843000412	-0.15006157755851746	0.01478763297200203	-0.032335326075553894	0.08015965670347214	-0.01884722337126732	-0.015947559848427773	0.16448166966438293	0.009359411895275116	-0.06761805713176727	-0.028882067650556564	-0.07193989306688309	-0.07250215858221054	0.04543827474117279	-0.015443217009305954	-0.23626163601875305	0.01782657764852047	0.26581284403800964	0.09899436682462692	-0.0811660960316658	0.03123830258846283	-0.20845583081245422	0.1292927861213684	-0.08275807648897171	0.20969314873218536	0.03317504748702049	0.2807557284832001	0.022979537025094032	0.041887007653713226	0.1236206591129303	-0.09564357250928879	-0.09378518164157867	-0.015096466057002544	0.13729622960090637	0.0019495021551847458	-0.08581503480672836	0.06965646892786026	-0.13563735783100128	0.015345461666584015	-0.14986073970794678	0.11783524602651596	-0.1480482965707779	-0.04694536328315735	-0.07334865629673004	0.08888301998376846	0.025236735120415688	-0.05234674736857414	0.24445238709449768	0.06610889732837677	0.2988368570804596	-0.09608327597379684	-0.029729869216680527	-0.01682968996465206	-0.0963536873459816	0.08629350364208221	0.08877281099557877	-0.2548385262489319	0.1682453751564026	-0.01796971820294857	-0.11370789259672165	0.12307143956422806	0.15179064869880676
-0.05415252596139908	-0.09731362015008926	0.05194571241736412	-0.00553659163415432	-0.15175893902778625	-0.012794469483196735	0.0390373170375824	0.004225258249789476	-0.04487108066678047	0.09852460026741028	0.037351448088884354	0.03386569768190384	0.1407393515110016	0.0003388742625247687	-0.15014541149139404	0.014459826052188873	0.057090576738119125	0.10660281032323837	-0.008849105797708035	-0.06075453758239746	0.05968165397644043	-0.024438519030809402	0.004204956814646721	0.08449626713991165	-0.13179434835910797	-0.002134911948814988	-0.07244612276554108	-0.01775633916258812	-0.053626928478479385	0.20001815259456635	-0.020886274054646492	0.017919111996889114	-0.08166221529245377	0.07497729361057281	-0.04814353957772255	0.0029862031806260347	-0.03327608108520508	-0.11444205045700073	0.0047659436240792274	0.013603107072412968	-0.05097266286611557	-0.015266401693224907	-0.026352521032094955	-0.08443218469619751	-0.03778832405805588	-0.06266190111637115	-0.05184037983417511	-0.09949227422475815	-0.05123601853847504	-0.02845887467265129	-0.08347418904304504	-0.10221056640148163	-0.08409161865711212	0.05625427886843681	-0.04349922388792038	-0.011190029792487621	0.08501653373241425	-0.04442061111330986	0.01944071613252163	0.016771839931607246	-0.007248962298035622	-0.07684379816055298	-0.04922841489315033	0.0375390350818634
-0.05415252596139908	-0.09731362015008926	0.05194571241736412	-0.00553659163415432	-0.15175893902778625	-0.012794469483196735	0.0390373170375824	0.004225258249789476	-0.04487108066678047	0.09852460026741028	0.037351448088884354	0.03386569768190384	0.1407393515110016	0.0003388742625247687	-0.15014541149139404	0.014459826052188873	0.057090576738119125	0.10660281032323837	-0.008849105797708035	-0.06075453758239746	0.05968165397644043	-0.024438519030809402	0.004204956814646721	0.08449626713991165	-0.13179434835910797	-0.002134911948814988	-0.07244612276554108	-0.01775633916258812	-0.053626928478479385	0.20001815259456635	-0.020886274054646492	0.017919111996889114	-0.08166221529245377	0.07497729361057281	-0.04814353957772255	0.0029862031806260347	-0.03327608108520508	-0.11444205045700073	0.0047659436240792274	0.013603107072412968	-0.05097266286611557	-0.015266401693224907	-0.026352521032094955	-0.08443218469619751	-0.03778832405805588	-0.06266190111637115	-0.05184037983417511	-0.09949227422475815	-0.05123601853847504	-0.02845887467265129	-0.08347418904304504	-0.10221056640148163	-0.08409161865711212	0.05625427886843681	-0.04349922388792038	-0.011190029792487621	0.08501653373241425	-0.04442061111330986	0.01944071613252163	0.016771839931607246	-0.007248962298035622	-0.07684379816055298	-0.04922841489315033	0.0375390350818634
-0.003464240115135908	0.08831239491701126	-0.1018550843000412	-0.15006157755851746	0.01478763297200203	-0.032335326075553894	0.08015965670347214	-0.01884722337126732	-0.015947559848427773	0.16448166966438293	0.009359411895275116	-0.06761805713176727	-0.028882067650556564	-0.07193989306688309	-0.07250215858221054	0.04543827474117279	-0.015443217009305954	-0.23626163601875305	0.01782657764852047	0.26581284403800964	0.09899436682462692	-0.0811660960316658	0.03123830258846283	-0.20845583081245422	0.1292927861213684	-0.08275807648897171	0.20969314873218536	0.03317504748702049	0.2807557284832001	0.022979537025094032	0.041887007653713226	0.1236206591129303	-0.09564357250928879	-0.09378518164157867	-0.015096466057002544	0.13729622960090637	0.0019495021551847458	-0.08581503480672836	0.06965646892786026	-0.13563735783100128	0.015345461666584015	-0.14986073970794678	0.11783524602651596	-0.1480482965707779	-0.04694536328315735	-0.07334865629673004	0.08888301998376846	0.025236735120415688	-0.05234674736857414	0.24445238709449768	0.06610889732837677	0.2988368570804596	-0.09608327597379684	-0.029729869216680527	-0.01682968996465206	-0.0963536873459816	0.08629350364208221	0.08877281099557877	-0.2548385262489319	0.1682453751564026	-0.01796971820294857	-0.11370789259672165	0.12307143956422806	0.15179064869880676
-0.003464240115135908	0.08831239491701126	-0.1018550843000412	-0.15006157755851746	0.01478763297200203	-0.032335326075553894	0.08015965670347214	-0.01884722337126732	-0.015947559848427773	0.16448166966438293	0.009359411895275116	-0.06761805713176727	-0.028882067650556564	-0.07193989306688309	-0.07250215858221054	0.04543827474117279	-0.015443217009305954	-0.23626163601875305	0.01782657764852047	0.26581284403800964	0.09899436682462692	-0.0811660960316658	0.03123830258846283	-0.20845583081245422	0.1292927861213684	-0.08275807648897171	0.20969314873218536	0.03317504748702049	0.2807557284832001	0.022979537025094032	0.041887007653713226	0.1236206591129303	-0.09564357250928879	-0.09378518164157867	-0.015096466057002544	0.13729622960090637	0.0019495021551847458	-0.08581503480672836	0.06965646892786026	-0.13563735783100128	0.015345461666584015	-0.14986073970794678	0.11783524602651596	-0.1480482965707779	-0.04694536328315735	-0.07334865629673004	0.08888301998376846	0.025236735120415688	-0.05234674736857414	0.24445238709449768	0.06610889732837677	0.2988368570804596	-0.09608327597379684	-0.029729869216680527	-0.01682968996465206	-0.0963536873459816	0.08629350364208221	0.08877281099557877	-0.2548385262489319	0.1682453751564026	-0.01796971820294857	-0.11370789259672165	0.12307143956422806	0.15179064869880676
-0.05415252596139908	-0.09731362015008926	0.05194571241736412	-0.00553659163415432	-0.15175893902778625	-0.012794469483196735	0.0390373170375824	0.004225258249789476	-0.04487108066678047	0.09852460026741028	0.037351448088884354	0.03386569768190384	0.1407393515110016	0.0003388742625247687	-0.15014541149139404	0.014459826052188873	0.057090576738119125	0.10660281032323837	-0.008849105797708035	-0.06075453758239746	0.05968165397644043	-0.024438519030809402	0.004204956814646721	0.08449626713991165	-0.13179434835910797	-0.002134911948814988	-0.07244612276554108	-0.01775633916258812	-0.053626928478479385	0.20001815259456635	-0.020886274054646492	0.017919111996889114	-0.08166221529245377	0.07497729361057281	-0.04814353957772255	0.0029862031806260347	-0.03327608108520508	-0.11444205045700073	0.0047659436240792274	0.013603107072412968	-0.05097266286611557	-0.015266401693224907	-0.026352521032094955	-0.08443218469619751	-0.03778832405805588	-0.06266190111637115	-0.05184037983417511	-0.09949227422475815	-0.05123601853847504	-0.02845887467265129	-0.08347418904304504	-0.10221056640148163	-0.08409161865711212	0.05625427886843681	-0.04349922388792038	-0.011190029792487621	0.08501653373241425	-0.04442061111330986	0.01944071613252163	0.016771839931607246	-0.007248962298035622	-0.07684379816055298	-0.04922841489315033	0.0375390350818634
-0.05415252596139908	-0.09731362015008926	0.05194571241736412	-0.00553659163415432	-0.15175893902778625	-0.012794469483196735	0.0390373170375824	0.004225258249789476	-0.04487108066678047	0.09852460026741028	0.037351448088884354	0.03386569768190384	0.1407393515110016	0.0003388742625247687	-0.15014541149139404	0.014459826052188873	0.057090576738119125	0.10660281032323837	-0.008849105797708035	-0.06075453758239746	0.05968165397644043	-0.024438519030809402	0.004204956814646721	0.08449626713991165	-0.13179434835910797	-0.002134911948814988	-0.07244612276554108	-0.01775633916258812	-0.053626928478479385	0.20001815259456635	-0.020886274054646492	0.017919111996889114	-0.08166221529245377	0.07497729361057281	-0.04814353957772255	0.0029862031806260347	-0.03327608108520508	-0.11444205045700073	0.0047659436240792274	0.013603107072412968	-0.05097266286611557	-0.015266401693224907	-0.026352521032094955	-0.08443218469619751	-0.03778832405805588	-0.06266190111637115	-0.05184037983417511	-0.09949227422475815	-0.05123601853847504	-0.02845887467265129	-0.08347418904304504	-0.10221056640148163	-0.08409161865711212	0.05625427886843681	-0.04349922388792038	-0.011190029792487621	0.08501653373241425	-0.04442061111330986	0.01944071613252163	0.016771839931607246	-0.007248962298035622	-0.07684379816055298	-0.04922841489315033	0.0375390350818634
-0.05415252596139908	-0.09731362015008926	0.05194571241736412	-0.00553659163415432	-0.15175893902778625	-0.012794469483196735	0.0390373170375824	0.004225258249789476	-0.04487108066678047	0.09852460026741028	0.037351448088884354	0.03386569768190384	0.1407393515110016	0.0003388742625247687	-0.15014541149139404	0.014459826052188873	0.057090576738119125	0.10660281032323837	-0.008849105797708035	-0.06075453758239746	0.05968165397644043	-0.024438519030809402	0.004204956814646721	0.08449626713991165	-0.13179434835910797	-0.002134911948814988	-0.07244612276554108	-0.01775633916258812	-0.053626928478479385	0.20001815259456635	-0.020886274054646492	0.017919111996889114	-0.08166221529245377	0.07497729361057281	-0.04814353957772255	0.0029862031806260347	-0.03327608108520508	-0.11444205045700073	0.0047659436240792274	0.013603107072412968	-0.05097266286611557	-0.015266401693224907	-0.026352521032094955	-0.08443218469619751	-0.03778832405805588	-0.06266190111637115	-0.05184037983417511	-0.09949227422475815	-0.05123601853847504	-0.02845887467265129	-0.08347418904304504	-0.10221056640148163	-0.08409161865711212	0.05625427886843681	-0.04349922388792038	-0.011190029792487621	0.08501653373241425	-0.04442061111330986	0.01944071613252163	0.016771839931607246	-0.007248962298035622	-0.07684379816055298	-0.04922841489315033	0.0375390350818634
0.07451340556144714	-0.1302158385515213	-0.045159127563238144	-0.07461479306221008	-0.07400742918252945	0.013103063218295574	-0.12426639348268509	-0.12178903818130493	0.03863939642906189	-0.09348297119140625	0.01893361657857895	0.22222331166267395	0.025319594889879227	0.18991588056087494	0.1271955817937851	0.027260133996605873	0.15950407087802887	-0.09192687273025513	0.10910259187221527	-0.09660732001066208	-0.11986425518989563	0.14745497703552246	-0.025035033002495766	-0.1561252325773239	-0.10498674213886261	0.0496516227722168	-0.10097085684537888	-0.201327845454216	-0.14734335243701935	-0.056778136640787125	0.08707039803266525	-0.1442296802997589	0.15687334537506104	0.09631402790546417	0.003906262572854757	-0.040699947625398636	-0.08437643200159073	-0.05379484221339226	-0.07886885851621628	-0.06739917397499084	0.12578672170639038	-0.14818508923053741	-0.024317879229784012	0.0371248722076416	-0.1066737025976181	0.05503492057323456	-0.05130891129374504	0.050206467509269714	0.060299165546894073	0.057288408279418945	-0.03430918976664543	-0.09074319154024124	-0.005368830636143684	0.02087130770087242	-0.01475684903562069	0.21005770564079285	-0.008122469298541546	-0.040997330099344254	-0.07412511110305786	-0.02632245421409607	-0.1914938986301422	0.21789172291755676	-0.05756014212965965	-0.07012733817100525
-0.05415252596139908	-0.09731362015008926	0.05194571241736412	-0.00553659163415432	-0.15175893902778625	-0.012794469483196735	0.0390373170375824	0.004225258249789476	-0.04487108066678047	0.09852460026741028	0.037351448088884354	0.03386569768190384	0.1407393515110016	0.0003388742625247687	-0.15014541149139404	0.014459826052188873	0.057090576738119125	0.10660281032323837	-0.008849105797708035	-0.06075453758239746	0.05968165397644043	-0.024438519030809402	0.004204956814646721	0.08449626713991165	-0.13179434835910797	-0.002134911948814988	-0.07244612276554108	-0.01775633916258812	-0.053626928478479385	0.20001815259456635	-0.020886274054646492	0.017919111996889114	-0.08166221529245377	0.07497729361057281	-0.04814353957772255	0.0029862031806260347	-0.03327608108520508	-0.11444205045700073	0.0047659436240792274	0.013603107072412968	-0.05097266286611557	-0.015266401693224907	-0.026352521032094955	-0.08443218469619751	-0.03778832405805588	-0.06266190111637115	-0.05184037983417511	-0.09949227422475815	-0.05123601853847504	-0.02845887467265129	-0.08347418904304504	-0.10221056640148163	-0.08409161865711212	0.05625427886843681	-0.04349922388792038	-0.011190029792487621	0.08501653373241425	-0.04442061111330986	0.01944071613252163	0.016771839931607246	-0.007248962298035622	-0.07684379816055298	-0.04922841489315033	0.0375390350818634
-0.003464240115135908	0.08831239491701126	-0.1018550843000412	-0.15006157755851746	0.01478763297200203	-0.032335326075553894	0.08015965670347214	-0.01884722337126732	-0.015947559848427773	0.16448166966438293	0.009359411895275116	-0.06761805713176727	-0.028882067650556564	-0.07193989306688309	-0.07250215858221054	0.04543827474117279	-0.015443217009305954	-0.23626163601875305	0.01782657764852047	0.26581284403800964	0.09899436682462692	-0.0811660960316658	0.03123830258846283	-0.20845583081245422	0.1292927861213684	-0.08275807648897171	0.20969314873218536	0.03317504748702049	0.2807557284832001	0.022979537025094032	0.041887007653713226	0.1236206591129303	-0.09564357250928879	-0.09378518164157867	-0.015096466057002544	0.13729622960090637	0.0019495021551847458	-0.08581503480672836	0.06965646892786026	-0.13563735783100128	0.015345461666584015	-0.14986073970794678	0.11783524602651596	-0.1480482965707779	-0.04694536328315735	-0.07334865629673004	0.08888301998376846	0.025236735120415688	-0.05234674736857414	0.24445238709449768	0.06610889732837677	0.2988368570804596	-0.09608327597379684	-0.029729869216680527	-0.01682968996465206	-0.0963536873459816	0.08629350364208221	0.08877281099557877	-0.2548385262489319	0.1682453751564026	-0.01796971820294857	-0.11370789259672165	0.12307143956422806	0.15179064869880676
-0.05415252596139908	-0.09731362015008926	0.05194571241736412	-0.00553659163415432	-0.15175893902778625	-0.012794469483196735	0.0390373170375824	0.004225258249789476	-0.04487108066678047	0.09852460026741028	0.037351448088884354	0.03386569768190384	0.1407393515110016	0.0003388742625247687	-0.15014541149139404	0.014459826052188873	0.057090576738119125	0.10660281032323837	-0.008849105797708035	-0.06075453758239746	0.05968165397644043	-0.024438519030809402	0.004204956814646721	0.08449626713991165	-0.13179434835910797	-0.002134911948814988	-0.07244612276554108	-0.01775633916258812	-0.053626928478479385	0.20001815259456635	-0.020886274054646492	0.017919111996889114	-0.08166221529245377	0.07497729361057281	-0.04814353957772255	0.0029862031806260347	-0.03327608108520508	-0.11444205045700073	0.0047659436240792274	0.013603107072412968	-0.05097266286611557	-0.015266401693224907	-0.026352521032094955	-0.08443218469619751	-0.03778832405805588	-0.06266190111637115	-0.05184037983417511	-0.09949227422475815	-0.05123601853847504	-0.02845887467265129	-0.08347418904304504	-0.10221056640148163	-0.08409161865711212	0.05625427886843681	-0.04349922388792038	-0.011190029792487621	0.08501653373241425	-0.04442061111330986	0.01944071613252163	0.016771839931607246	-0.007248962298035622	-0.07684379816055298	-0.04922841489315033	0.0375390350818634
-0.003464240115135908	0.08831239491701126	-0.1018550843000412	-0.15006157755851746	0.01478763297200203	-0.032335326075553894	0.08015965670347214	-0.01884722337126732	-0.015947559848427773	0.16448166966438293	0.009359411895275116	-0.06761805713176727	-0.028882067650556564	-0.07193989306688309	-0.07250215858221054	0.04543827474117279	-0.015443217009305954	-0.23626163601875305	0.01782657764852047	0.26581284403800964	0.09899436682462692	-0.0811660960316658	0.03123830258846283	-0.20845583081245422	0.1292927861213684	-0.08275807648897171	0.20969314873218536	0.03317504748702049	0.2807557284832001	0.022979537025094032	0.041887007653713226	0.1236206591129303	-0.09564357250928879	-0.09378518164157867	-0.015096466057002544	0.13729622960090637	0.0019495021551847458	-0.08581503480672836	0.06965646892786026	-0.13563735783100128	0.015345461666584015	-0.14986073970794678	0.11783524602651596	-0.1480482965707779	-0.04694536328315735	-0.07334865629673004	0.08888301998376846	0.025236735120415688	-0.05234674736857414	0.24445238709449768	0.06610889732837677	0.2988368570804596	-0.09608327597379684	-0.029729869216680527	-0.01682968996465206	-0.0963536873459816	0.08629350364208221	0.08877281099557877	-0.2548385262489319	0.1682453751564026	-0.01796971820294857	-0.11370789259672165	0.12307143956422806	0.15179064869880676
-0.003464240115135908	0.08831239491701126	-0.1018550843000412	-0.15006157755851746	0.01478763297200203	-0.032335326075553894	0.08015965670347214	-0.01884722337126732	-0.015947559848427773	0.16448166966438293	0.009359411895275116	-0.06761805713176727	-0.028882067650556564	-0.07193989306688309	-0.07250215858221054	0.04543827474117279	-0.015443217009305954	-0.23626163601875305	0.01782657764852047	0.26581284403800964	0.09899436682462692	-0.0811660960316658	0.03123830258846283	-0.20845583081245422	0.1292927861213684	-0.08275807648897171	0.20969314873218536	0.03317504748702049	0.2807557284832001	0.022979537025094032	0.041887007653713226	0.1236206591129303	-0.09564357250928879	-0.09378518164157867	-0.015096466057002544	0.13729622960090637	0.0019495021551847458	-0.08581503480672836	0.06965646892786026	-0.13563735783100128	0.015345461666584015	-0.14986073970794678	0.11783524602651596	-0.1480482965707779	-0.04694536328315735	-0.07334865629673004	0.08888301998376846	0.025236735120415688	-0.05234674736857414	0.24445238709449768	0.06610889732837677	0.2988368570804596	-0.09608327597379684	-0.029729869216680527	-0.01682968996465206	-0.0963536873459816	0.08629350364208221	0.08877281099557877	-0.2548385262489319	0.1682453751564026	-0.01796971820294857	-0.11370789259672165	0.12307143956422806	0.15179064869880676
-0.003464240115135908	0.08831239491701126	-0.1018550843000412	-0.15006157755851746	0.01478763297200203	-0.032335326075553894	0.08015965670347214	-0.01884722337126732	-0.015947559848427773	0.16448166966438293	0.009359411895275116	-0.06761805713176727	-0.028882067650556564	-0.07193989306688309	-0.07250215858221054	0.04543827474117279	-0.015443217009305954	-0.23626163601875305	0.01782657764852047	0.26581284403800964	0.09899436682462692	-0.0811660960316658	0.03123830258846283	-0.20845583081245422	0.1292927861213684	-0.08275807648897171	0.20969314873218536	0.03317504748702049	0.2807557284832001	0.022979537025094032	0.041887007653713226	0.1236206591129303	-0.09564357250928879	-0.09378518164157867	-0.015096466057002544	0.13729622960090637	0.0019495021551847458	-0.08581503480672836	0.06965646892786026	-0.13563735783100128	0.015345461666584015	-0.14986073970794678	0.11783524602651596	-0.1480482965707779	-0.04694536328315735	-0.07334865629673004	0.08888301998376846	0.025236735120415688	-0.05234674736857414	0.24445238709449768	0.06610889732837677	0.2988368570804596	-0.09608327597379684	-0.029729869216680527	-0.01682968996465206	-0.0963536873459816	0.08629350364208221	0.08877281099557877	-0.2548385262489319	0.1682453751564026	-0.01796971820294857	-0.11370789259672165	0.12307143956422806	0.15179064869880676
-0.003464240115135908	0.08831239491701126	-0.1018550843000412	-0.15006157755851746	0.01478763297200203	-0.032335326075553894	0.08015965670347214	-0.01884722337126732	-0.015947559848427773	0.16448166966438293	0.009359411895275116	-0.06761805713176727	-0.028882067650556564	-0.07193989306688309	-0.07250215858221054	0.04543827474117279	-0.015443217009305954	-0.23626163601875305	0.01782657764852047	0.26581284403800964	0.09899436682462692	-0.0811660960316658	0.03123830258846283	-0.20845583081245422	0.1292927861213684	-0.08275807648897171	0.20969314873218536	0.03317504748702049	0.2807557284832001	0.022979537025094032	0.041887007653713226	0.1236206591129303	-0.09564357250928879	-0.09378518164157867	-0.015096466057002544	0.13729622960090637	0.0019495021551847458	-0.08581503480672836	0.06965646892786026	-0.13563735783100128	0.015345461666584015	-0.14986073970794678	0.11783524602651596	-0.1480482965707779	-0.04694536328315735	-0.07334865629673004	0.08888301998376846	0.025236735120415688	-0.05234674736857414	0.24445238709449768	0.06610889732837677	0.2988368570804596	-0.09608327597379684	-0.029729869216680527	-0.01682968996465206	-0.0963536873459816	0.08629350364208221	0.08877281099557877	-0.2548385262489319	0.1682453751564026	-0.01796971820294857	-0.11370789259672165	0.12307143956422806	0.15179064869880676
-0.003464240115135908	0.08831239491701126	-0.1018550843000412	-0.15006157755851746	0.01478763297200203	-0.032335326075553894	0.08015965670347214	-0.01884722337126732	-0.015947559848427773	0.16448166966438293	0.009359411895275116	-0.06761805713176727	-0.028882067650556564	-0.07193989306688309	-0.07250215858221054	0.04543827474117279	-0.015443217009305954	-0.23626163601875305	0.01782657764852047	0.26581284403800964	0.09899436682462692	-0.0811660960316658	0.03123830258846283	-0.20845583081245422	0.1292927861213684	-0.08275807648897171	0.20969314873218536	0.03317504748702049	0.2807557284832001	0.022979537025094032	0.041887007653713226	0.1236206591129303	-0.09564357250928879	-0.09378518164157867	-0.015096466057002544	0.13729622960090637	0.0019495021551847458	-0.08581503480672836	0.06965646892786026	-0.13563735783100128	0.015345461666584015	-0.14986073970794678	0.11783524602651596	-0.1480482965707779	-0.04694536328315735	-0.07334865629673004	0.08888301998376846	0.025236735120415688	-0.05234674736857414	0.24445238709449768	0.06610889732837677	0.2988368570804596	-0.09608327597379684	-0.029729869216680527	-0.01682968996465206	-0.0963536873459816	0.08629350364208221	0.08877281099557877	-0.2548385262489319	0.1682453751564026	-0.01796971820294857	-0.11370789259672165	0.12307143956422806	0.15179064869880676
-0.003464240115135908	0.08831239491701126	-0.1018550843000412	-0.15006157755851746	0.01478763297200203	-0.032335326075553894	0.08015965670347214	-0.01884722337126732	-0.015947559848427773	0.16448166966438293	0.009359411895275116	-0.06761805713176727	-0.028882067650556564	-0.07193989306688309	-0.07250215858221054	0.04543827474117279	-0.015443217009305954	-0.23626163601875305	0.01782657764852047	0.26581284403800964	0.09899436682462692	-0.0811660960316658	0.03123830258846283	-0.20845583081245422	0.1292927861213684	-0.08275807648897171	0.20969314873218536	0.03317504748702049	0.2807557284832001	0.022979537025094032	0.041887007653713226	0.1236206591129303	-0.09564357250928879	-0.09378518164157867	-0.015096466057002544	0.13729622960090637	0.0019495021551847458	-0.08581503480672836	0.06965646892786026	-0.13563735783100128	0.015345461666584015	-0.14986073970794678	0.11783524602651596	-0.1480482965707779	-0.04694536328315735	-0.07334865629673004	0.08888301998376846	0.025236735120415688	-0.05234674736857414	0.24445238709449768	0.06610889732837677	0.2988368570804596	-0.09608327597379684	-0.029729869216680527	-0.01682968996465206	-0.0963536873459816	0.08629350364208221	0.08877281099557877	-0.2548385262489319	0.1682453751564026	-0.01796971820294857	-0.11370789259672165	0.12307143956422806	0.15179064869880676
-0.003464240115135908	0.08831239491701126	-0.1018550843000412	-0.15006157755851746	0.01478763297200203	-0.032335326075553894	0.08015965670347214	-0.01884722337126732	-0.015947559848427773	0.16448166966438293	0.009359411895275116	-0.06761805713176727	-0.028882067650556564	-0.07193989306688309	-0.07250215858221054	0.04543827474117279	-0.015443217009305954	-0.23626163601875305	0.01782657764852047	0.26581284403800964	0.09899436682462692	-0.0811660960316658	0.03123830258846283	-0.20845583081245422	0.1292927861213684	-0.08275807648897171	0.20969314873218536	0.03317504748702049	0.2807557284832001	0.022979537025094032	0.041887007653713226	0.1236206591129303	-0.09564357250928879	-0.09378518164157867	-0.015096466057002544	0.13729622960090637	0.0019495021551847458	-0.08581503480672836	0.06965646892786026	-0.13563735783100128	0.015345461666584015	-0.14986073970794678	0.11783524602651596	-0.1480482965707779	-0.04694536328315735	-0.07334865629673004	0.08888301998376846	0.025236735120415688	-0.05234674736857414	0.24445238709449768	0.06610889732837677	0.2988368570804596	-0.09608327597379684	-0.029729869216680527	-0.01682968996465206	-0.0963536873459816	0.08629350364208221	0.08877281099557877	-0.2548385262489319	0.1682453751564026	-0.01796971820294857	-0.11370789259672165	0.12307143956422806	0.15179064869880676
-0.003464240115135908	0.08831239491701126	-0.1018550843000412	-0.15006157755851746	0.01478763297200203	-0.032335326075553894	0.08015965670347214	-0.01884722337126732	-0.015947559848427773	0.16448166966438293	0.009359411895275116	-0.06761805713176727	-0.028882067650556564	-0.07193989306688309	-0.07250215858221054	0.04543827474117279	-0.015443217009305954	-0.23626163601875305	0.01782657764852047	0.26581284403800964	0.09899436682462692	-0.0811660960316658	0.03123830258846283	-0.20845583081245422	0.1292927861213684	-0.08275807648897171	0.20969314873218536	0.03317504748702049	0.2807557284832001	0.022979537025094032	0.041887007653713226	0.1236206591129303	-0.09564357250928879	-0.09378518164157867	-0.015096466057002544	0.13729622960090637	0.0019495021551847458	-0.08581503480672836	0.06965646892786026	-0.13563735783100128	0.015345461666584015	-0.14986073970794678	0.11783524602651596	-0.1480482965707779	-0.04694536328315735	-0.07334865629673004	0.08888301998376846	0.025236735120415688	-0.05234674736857414	0.24445238709449768	0.06610889732837677	0.2988368570804596	-0.09608327597379684	-0.029729869216680527	-0.01682968996465206	-0.0963536873459816	0.08629350364208221	0.08877281099557877	-0.2548385262489319	0.1682453751564026	-0.01796971820294857	-0.11370789259672165	0.12307143956422806	0.15179064869880676
-0.003464240115135908	0.08831239491701126	-0.1018550843000412	-0.15006157755851746	0.01478763297200203	-0.032335326075553894	0.08015965670347214	-0.01884722337126732	-0.015947559848427773	0.16448166966438293	0.009359411895275116	-0.06761805713176727	-0.028882067650556564	-0.07193989306688309	-0.07250215858221054	0.04543827474117279	-0.015443217009305954	-0.23626163601875305	0.01782657764852047	0.26581284403800964	0.09899436682462692	-0.0811660960316658	0.03123830258846283	-0.20845583081245422	0.1292927861213684	-0.08275807648897171	0.20969314873218536	0.03317504748702049	0.2807557284832001	0.022979537025094032	0.041887007653713226	0.1236206591129303	-0.09564357250928879	-0.09378518164157867	-0.015096466057002544	0.13729622960090637	0.0019495021551847458	-0.08581503480672836	0.06965646892786026	-0.13563735783100128	0.015345461666584015	-0.14986073970794678	0.11783524602651596	-0.1480482965707779	-0.04694536328315735	-0.07334865629673004	0.08888301998376846	0.025236735120415688	-0.05234674736857414	0.24445238709449768	0.06610889732837677	0.2988368570804596	-0.09608327597379684	-0.029729869216680527	-0.01682968996465206	-0.0963536873459816	0.08629350364208221	0.08877281099557877	-0.2548385262489319	0.1682453751564026	-0.01796971820294857	-0.11370789259672165	0.12307143956422806	0.15179064869880676
-0.07583089172840118	0.1548813134431839	-0.023502053692936897	0.046011991798877716	0.09905874729156494	-0.12846434116363525	-0.09718049317598343	-0.012068027630448341	-0.04282863810658455	-0.24094752967357635	-0.0918889120221138	-0.10374733805656433	-0.013719058595597744	0.07049937546253204	-0.26458147168159485	-0.059393465518951416	-0.2310243546962738	0.25690901279449463	-0.1642841398715973	-0.308129221200943	0.14804935455322266	-0.03844616562128067	-0.21360516548156738	0.16822782158851624	-0.004977526143193245	-0.20785857737064362	0.04563566669821739	-0.03671136125922203	-0.12498302757740021	0.16977311670780182	-0.21586531400680542	0.02378316968679428	0.12950335443019867	-0.021169770509004593	-0.04467152804136276	-0.03388182446360588	0.031493861228227615	0.02039790339767933	0.016703100875020027	-0.023359086364507675	-0.21701589226722717	0.13892368972301483	-0.09431672096252441	0.19872047007083893	0.1997494250535965	0.07444683462381363	-0.1734880805015564	-0.01088742446154356	0.0686965361237526	-0.10892776399850845	-0.020133832469582558	-0.0993184968829155	0.033174555748701096	-0.01112400833517313	0.06416906416416168	0.01721571944653988	-0.12926602363586426	-0.0048854900524020195	0.27416375279426575	0.05699137598276138	0.15242566168308258	0.03750953450798988	0.022052280604839325	-0.037245556712150574
-0.07583089172840118	0.1548813134431839	-0.023502053692936897	0.046011991798877716	0.09905874729156494	-0.12846434116363525	-0.09718049317598343	-0.012068027630448341	-0.04282863810658455	-0.24094752967357635	-0.0918889120221138	-0.10374733805656433	-0.013719058595597744	0.07049937546253204	-0.26458147168159485	-0.059393465518951416	-0.2310243546962738	0.25690901279449463	-0.1642841398715973	-0.308129221200943	0.14804935455322266	-0.03844616562128067	-0.21360516548156738	0.16822782158851624	-0.004977526143193245	-0.20785857737064362	0.04563566669821739	-0.03671136125922203	-0.12498302757740021	0.16977311670780182	-0.21586531400680542	0.02378316968679428	0.12950335443019867	-0.021169770509004593	-0.04467152804136276	-0.03388182446360588	0.031493861228227615	0.02039790339767933	0.016703100875020027	-0.023359086364507675	-0.21701589226722717	0.13892368972301483	-0.09431672096252441	0.19872047007083893	0.1997494250535965	0.07444683462381363	-0.1734880805015564	-0.01088742446154356	0.0686965361237526	-0.10892776399850845	-0.020133832469582558	-0.0993184968829155	0.033174555748701096	-0.01112400833517313	0.06416906416416168	0.01721571944653988	-0.12926602363586426	-0.0048854900524020195	0.27416375279426575	0.05699137598276138	0.15242566168308258	0.03750953450798988	0.022052280604839325	-0.037245556712150574
-0.003464240115135908	0.08831239491701126	-0.1018550843000412	-0.15006157755851746	0.01478763297200203	-0.032335326075553894	0.08015965670347214	-0.01884722337126732	-0.015947559848427773	0.16448166966438293	0.009359411895275116	-0.06761805713176727	-0.028882067650556564	-0.07193989306688309	-0.07250215858221054	0.04543827474117279	-0.015443217009305954	-0.23626163601875305	0.01782657764852047	0.26581284403800964	0.09899436682462692	-0.0811660960316658	0.03123830258846283	-0.20845583081245422	0.1292927861213684	-0.08275807648897171	0.20969314873218536	0.03317504748702049	0.2807557284832001	0.022979537025094032	0.041887007653713226	0.1236206591129303	-0.09564357250928879	-0.09378518164157867	-0.015096466057002544	0.13729622960090637	0.0019495021551847458	-0.08581503480672836	0.06965646892786026	-0.13563735783100128	0.015345461666584015	-0.14986073970794678	0.11783524602651596	-0.1480482965707779	-0.04694536328315735	-0.07334865629673004	0.08888301998376846	0.025236735120415688	-0.05234674736857414	0.24445238709449768	0.06610889732837677	0.2988368570804596	-0.09608327597379684	-0.029729869216680527	-0.01682968996465206	-0.0963536873459816	0.08629350364208221	0.08877281099557877	-0.2548385262489319	0.1682453751564026	-0.01796971820294857	-0.11370789259672165	0.12307143956422806	0.15179064869880676
-0.05415252596139908	-0.09731362015008926	0.05194571241736412	-0.00553659163415432	-0.15175893902778625	-0.012794469483196735	0.0390373170375824	0.004225258249789476	-0.04487108066678047	0.09852460026741028	0.037351448088884354	0.03386569768190384	0.1407393515110016	0.0003388742625247687	-0.15014541149139404	0.014459826052188873	0.057090576738119125	0.10660281032323837	-0.008849105797708035	-0.06075453758239746	0.05968165397644043	-0.024438519030809402	0.004204956814646721	0.08449626713991165	-0.13179434835910797	-0.002134911948814988	-0.07244612276554108	-0.01775633916258812	-0.053626928478479385	0.20001815259456635	-0.020886274054646492	0.017919111996889114	-0.08166221529245377	0.07497729361057281	-0.04814353957772255	0.0029862031806260347	-0.03327608108520508	-0.11444205045700073	0.0047659436240792274	0.013603107072412968	-0.05097266286611557	-0.015266401693224907	-0.026352521032094955	-0.08443218469619751	-0.03778832405805588	-0.06266190111637115	-0.05184037983417511	-0.09949227422475815	-0.05123601853847504	-0.02845887467265129	-0.08347418904304504	-0.10221056640148163	-0.08409161865711212	0.05625427886843681	-0.04349922388792038	-0.011190029792487621	0.08501653373241425	-0.04442061111330986	0.01944071613252163	0.016771839931607246	-0.007248962298035622	-0.07684379816055298	-0.04922841489315033	0.0375390350818634
-0.05415252596139908	-0.09731362015008926	0.05194571241736412	-0.00553659163415432	-0.15175893902778625	-0.012794469483196735	0.0390373170375824	0.004225258249789476	-0.04487108066678047	0.09852460026741028	0.037351448088884354	0.03386569768190384	0.1407393515110016	0.0003388742625247687	-0.15014541149139404	0.014459826052188873	0.057090576738119125	0.10660281032323837	-0.008849105797708035	-0.06075453758239746	0.05968165397644043	-0.024438519030809402	0.004204956814646721	0.08449626713991165	-0.13179434835910797	-0.002134911948814988	-0.07244612276554108	-0.01775633916258812	-0.053626928478479385	0.20001815259456635	-0.020886274054646492	0.017919111996889114	-0.08166221529245377	0.07497729361057281	-0.04814353957772255	0.0029862031806260347	-0.03327608108520508	-0.11444205045700073	0.0047659436240792274	0.013603107072412968	-0.05097266286611557	-0.015266401693224907	-0.026352521032094955	-0.08443218469619751	-0.03778832405805588	-0.06266190111637115	-0.05184037983417511	-0.09949227422475815	-0.05123601853847504	-0.02845887467265129	-0.08347418904304504	-0.10221056640148163	-0.08409161865711212	0.05625427886843681	-0.04349922388792038	-0.011190029792487621	0.08501653373241425	-0.04442061111330986	0.01944071613252163	0.016771839931607246	-0.007248962298035622	-0.07684379816055298	-0.04922841489315033	0.0375390350818634
-0.05415252596139908	-0.09731362015008926	0.05194571241736412	-0.00553659163415432	-0.15175893902778625	-0.012794469483196735	0.0390373170375824	0.004225258249789476	-0.04487108066678047	0.09852460026741028	0.037351448088884354	0.03386569768190384	0.1407393515110016	0.0003388742625247687	-0.15014541149139404	0.014459826052188873	0.057090576738119125	0.10660281032323837	-0.008849105797708035	-0.06075453758239746	0.05968165397644043	-0.024438519030809402	0.004204956814646721	0.08449626713991165	-0.13179434835910797	-0.002134911948814988	-0.07244612276554108	-0.01775633916258812	-0.053626928478479385	0.20001815259456635	-0.020886274054646492	0.017919111996889114	-0.08166221529245377	0.07497729361057281	-0.04814353957772255	0.0029862031806260347	-0.03327608108520508	-0.11444205045700073	0.0047659436240792274	0.013603107072412968	-0.05097266286611557	-0.015266401693224907	-0.026352521032094955	-0.08443218469619751	-0.03778832405805588	-0.06266190111637115	-0.05184037983417511	-0.09949227422475815	-0.05123601853847504	-0.02845887467265129	-0.08347418904304504	-0.10221056640148163	-0.08409161865711212	0.05625427886843681	-0.04349922388792038	-0.011190029792487621	0.08501653373241425	-0.04442061111330986	0.01944071613252163	0.016771839931607246	-0.007248962298035622	-0.07684379816055298	-0.04922841489315033	0.0375390350818634
-0.05415252596139908	-0.09731362015008926	0.05194571241736412	-0.00553659163415432	-0.15175893902778625	-0.012794469483196735	0.0390373170375824	0.004225258249789476	-0.04487108066678047	0.09852460026741028	0.037351448088884354	0.03386569768190384	0.1407393515110016	0.0003388742625247687	-0.15014541149139404	0.014459826052188873	0.057090576738119125	0.10660281032323837	-0.008849105797708035	-0.06075453758239746	0.05968165397644043	-0.024438519030809402	0.004204956814646721	0.08449626713991165	-0.13179434835910797	-0.002134911948814988	-0.07244612276554108	-0.01775633916258812	-0.053626928478479385	0.20001815259456635	-0.020886274054646492	0.017919111996889114	-0.08166221529245377	0.07497729361057281	-0.04814353957772255	0.0029862031806260347	-0.03327608108520508	-0.11444205045700073	0.0047659436240792274	0.013603107072412968	-0.05097266286611557	-0.015266401693224907	-0.026352521032094955	-0.08443218469619751	-0.03778832405805588	-0.06266190111637115	-0.05184037983417511	-0.09949227422475815	-0.05123601853847504	-0.02845887467265129	-0.08347418904304504	-0.10221056640148163	-0.08409161865711212	0.05625427886843681	-0.04349922388792038	-0.011190029792487621	0.08501653373241425	-0.04442061111330986	0.01944071613252163	0.016771839931607246	-0.007248962298035622	-0.07684379816055298	-0.04922841489315033	0.0375390350818634
0.11929653584957123	-0.0013416704023256898	0.06346648931503296	0.07859935611486435	0.18602889776229858	-0.09999958425760269	-0.09204372018575668	-0.07183012366294861	0.02568877674639225	-0.03807350620627403	0.13054995238780975	-0.07965318113565445	-0.29279208183288574	0.17273642122745514	0.3825731575489044	-0.07860445976257324	-0.1594419628381729	-0.19594918191432953	0.35280442237854004	0.07716010510921478	-0.1617400050163269	-0.12103654444217682	0.10447199642658234	0.015289222821593285	0.12317374348640442	0.18608412146568298	-0.1169435977935791	-0.018949195742607117	0.07766702026128769	-0.30611807107925415	0.00857866182923317	-0.08885952085256577	0.2663250267505646	-0.07047044485807419	-0.015217375010251999	-0.04293941333889961	-0.03440077230334282	0.05162651091814041	0.047778308391571045	-0.10578722506761551	0.16154342889785767	0.03795325383543968	0.12309648841619492	0.21467114984989166	-0.13590018451213837	0.15221019089221954	0.013507218100130558	0.13001225888729095	0.22255493700504303	-0.15607072412967682	0.020780721679329872	-0.08676879853010178	0.0879824161529541	-0.2628805339336395	0.14090432226657867	-0.0421048067510128	-0.1764722317457199	-0.07714303582906723	0.012470999732613564	-0.2303338348865509	0.03822740167379379	0.1674206703901291	-0.05803913250565529	0.15890569984912872
-0.07583089172840118	0.1548813134431839	-0.023502053692936897	0.046011991798877716	0.09905874729156494	-0.12846434116363525	-0.09718049317598343	-0.012068027630448341	-0.04282863810658455	-0.24094752967357635	-0.0918889120221138	-0.10374733805656433	-0.013719058595597744	0.07049937546253204	-0.26458147168159485	-0.059393465518951416	-0.2310243546962738	0.25690901279449463	-0.1642841398715973	-0.308129221200943	0.14804935455322266	-0.03844616562128067	-0.21360516548156738	0.16822782158851624	-0.004977526143193245	-0.20785857737064362	0.04563566669821739	-0.03671136125922203	-0.12498302757740021	0.16977311670780182	-0.21586531400680542	0.02378316968679428	0.12950335443019867	-0.021169770509004593	-0.04467152804136276	-0.03388182446360588	0.031493861228227615	0.02039790339767933	0.016703100875020027	-0.023359086364507675	-0.21701589226722717	0.13892368972301483	-0.09431672096252441	0.19872047007083893	0.1997494250535965	0.07444683462381363	-0.1734880805015564	-0.01088742446154356	0.0686965361237526	-0.10892776399850845	-0.020133832469582558	-0.0993184968829155	0.033174555748701096	-0.01112400833517313	0.06416906416416168	0.01721571944653988	-0.12926602363586426	-0.0048854900524020195	0.27416375279426575	0.05699137598276138	0.15242566168308258	0.03750953450798988	0.022052280604839325	-0.037245556712150574
-0.05415252596139908	-0.09731362015008926	0.05194571241736412	-0.00553659163415432	-0.15175893902778625	-0.012794469483196735	0.0390373170375824	0.004225258249789476	-0.04487108066678047	0.09852460026741028	0.037351448088884354	0.03386569768190384	0.1407393515110016	0.0003388742625247687	-0.15014541149139404	0.014459826052188873	0.057090576738119125	0.10660281032323837	-0.008849105797708035	-0.06075453758239746	0.05968165397644043	-0.024438519030809402	0.004204956814646721	0.08449626713991165	-0.13179434835910797	-0.002134911948814988	-0.07244612276554108	-0.01775633916258812	-0.053626928478479385	0.20001815259456635	-0.020886274054646492	0.017919111996889114	-0.08166221529245377	0.07497729361057281	-0.04814353957772255	0.0029862031806260347	-0.03327608108520508	-0.11444205045700073	0.0047659436240792274	0.013603107072412968	-0.05097266286611557	-0.015266401693224907	-0.026352521032094955	-0.08443218469619751	-0.03778832405805588	-0.06266190111637115	-0.05184037983417511	-0.09949227422475815	-0.05123601853847504	-0.02845887467265129	-0.08347418904304504	-0.10221056640148163	-0.08409161865711212	0.05625427886843681	-0.04349922388792038	-0.011190029792487621	0.08501653373241425	-0.04442061111330986	0.01944071613252163	0.016771839931607246	-0.007248962298035622	-0.07684379816055298	-0.04922841489315033	0.0375390350818634
-0.05415252596139908	-0.09731362015008926	0.05194571241736412	-0.00553659163415432	-0.15175893902778625	-0.012794469483196735	0.0390373170375824	0.004225258249789476	-0.04487108066678047	0.09852460026741028	0.037351448088884354	0.03386569768190384	0.1407393515110016	0.0003388742625247687	-0.15014541149139404	0.014459826052188873	0.057090576738119125	0.10660281032323837	-0.008849105797708035	-0.06075453758239746	0.05968165397644043	-0.024438519030809402	0.004204956814646721	0.08449626713991165	-0.13179434835910797	-0.002134911948814988	-0.07244612276554108	-0.01775633916258812	-0.053626928478479385	0.20001815259456635	-0.020886274054646492	0.017919111996889114	-0.08166221529245377	0.07497729361057281	-0.04814353957772255	0.0029862031806260347	-0.03327608108520508	-0.11444205045700073	0.0047659436240792274	0.013603107072412968	-0.05097266286611557	-0.015266401693224907	-0.026352521032094955	-0.08443218469619751	-0.03778832405805588	-0.06266190111637115	-0.05184037983417511	-0.09949227422475815	-0.05123601853847504	-0.02845887467265129	-0.08347418904304504	-0.10221056640148163	-0.08409161865711212	0.05625427886843681	-0.04349922388792038	-0.011190029792487621	0.08501653373241425	-0.04442061111330986	0.01944071613252163	0.016771839931607246	-0.007248962298035622	-0.07684379816055298	-0.04922841489315033	0.0375390350818634
-0.003464240115135908	0.08831239491701126	-0.1018550843000412	-0.15006157755851746	0.01478763297200203	-0.032335326075553894	0.08015965670347214	-0.01884722337126732	-0.015947559848427773	0.16448166966438293	0.009359411895275116	-0.06761805713176727	-0.028882067650556564	-0.07193989306688309	-0.07250215858221054	0.04543827474117279	-0.015443217009305954	-0.23626163601875305	0.01782657764852047	0.26581284403800964	0.09899436682462692	-0.0811660960316658	0.03123830258846283	-0.20845583081245422	0.1292927861213684	-0.08275807648897171	0.20969314873218536	0.03317504748702049	0.2807557284832001	0.022979537025094032	0.041887007653713226	0.1236206591129303	-0.09564357250928879	-0.09378518164157867	-0.015096466057002544	0.13729622960090637	0.0019495021551847458	-0.08581503480672836	0.06965646892786026	-0.13563735783100128	0.015345461666584015	-0.14986073970794678	0.11783524602651596	-0.1480482965707779	-0.04694536328315735	-0.07334865629673004	0.08888301998376846	0.025236735120415688	-0.05234674736857414	0.24445238709449768	0.06610889732837677	0.2988368570804596	-0.09608327597379684	-0.029729869216680527	-0.01682968996465206	-0.0963536873459816	0.08629350364208221	0.08877281099557877	-0.2548385262489319	0.1682453751564026	-0.01796971820294857	-0.11370789259672165	0.12307143956422806	0.15179064869880676
-0.003464240115135908	0.08831239491701126	-0.1018550843000412	-0.15006157755851746	0.01478763297200203	-0.032335326075553894	0.08015965670347214	-0.01884722337126732	-0.015947559848427773	0.16448166966438293	0.009359411895275116	-0.06761805713176727	-0.028882067650556564	-0.07193989306688309	-0.07250215858221054	0.04543827474117279	-0.015443217009305954	-0.23626163601875305	0.01782657764852047	0.26581284403800964	0.09899436682462692	-0.0811660960316658	0.03123830258846283	-0.20845583081245422	0.1292927861213684	-0.08275807648897171	0.20969314873218536	0.03317504748702049	0.2807557284832001	0.022979537025094032	0.041887007653713226	0.1236206591129303	-0.09564357250928879	-0.09378518164157867	-0.015096466057002544	0.13729622960090637	0.0019495021551847458	-0.08581503480672836	0.06965646892786026	-0.13563735783100128	0.015345461666584015	-0.14986073970794678	0.11783524602651596	-0.1480482965707779	-0.04694536328315735	-0.07334865629673004	0.08888301998376846	0.025236735120415688	-0.05234674736857414	0.24445238709449768	0.06610889732837677	0.2988368570804596	-0.09608327597379684	-0.029729869216680527	-0.01682968996465206	-0.0963536873459816	0.08629350364208221	0.08877281099557877	-0.2548385262489319	0.1682453751564026	-0.01796971820294857	-0.11370789259672165	0.12307143956422806	0.15179064869880676
0.00793988723307848	0.004525001626461744	0.010171172209084034	-0.059145472943782806	0.06937368959188461	0.26912277936935425	-0.020908953621983528	0.11031358689069748	0.12022843956947327	0.04232555627822876	-0.06140780448913574	0.1624724119901657	0.08216725289821625	-0.07121115177869797	0.14113259315490723	0.130079448223114	0.1705837994813919	0.13306933641433716	-0.004423731006681919	0.04356296360492706	-0.09063662588596344	-0.030827030539512634	-0.07730340212583542	0.04391664266586304	0.02886890433728695	0.02367858774960041	0.020472614094614983	0.14174939692020416	-0.11792638152837753	-0.02576540969312191	-0.024155138060450554	0.12228121608495712	-0.2253120243549347	-0.07352866977453232	0.03053237311542034	-0.020261086523532867	-0.009128112345933914	-0.11100992560386658	-0.18924002349376678	0.011733918450772762	0.18220847845077515	0.04910073056817055	-0.10182513296604156	-0.15794627368450165	0.08819806575775146	0.06215694919228554	0.1660492718219757	-0.0007915295427665114	-0.07097276300191879	0.01432794239372015	-0.02735348604619503	-0.03415324538946152	0.019635839387774467	0.025130264461040497	0.04354897886514664	0.04874445125460625	0.12795966863632202	-0.09785152971744537	0.03670186921954155	0.14141295850276947	0.07637135684490204	0.016099970787763596	0.019640333950519562	-0.03407514840364456
-0.05415252596139908	-0.09731362015008926	0.05194571241736412	-0.00553659163415432	-0.15175893902778625	-0.012794469483196735	0.0390373170375824	0.004225258249789476	-0.04487108066678047	0.09852460026741028	0.037351448088884354	0.03386569768190384	0.1407393515110016	0.0003388742625247687	-0.15014541149139404	0.014459826052188873	0.057090576738119125	0.10660281032323837	-0.008849105797708035	-0.06075453758239746	0.05968165397644043	-0.024438519030809402	0.004204956814646721	0.08449626713991165	-0.13179434835910797	-0.002134911948814988	-0.07244612276554108	-0.01775633916258812	-0.053626928478479385	0.20001815259456635	-0.020886274054646492	0.017919111996889114	-0.08166221529245377	0.07497729361057281	-0.04814353957772255	0.0029862031806260347	-0.03327608108520508	-0.11444205045700073	0.0047659436240792274	0.013603107072412968	-0.05097266286611557	-0.015266401693224907	-0.026352521032094955	-0.08443218469619751	-0.03778832405805588	-0.06266190111637115	-0.05184037983417511	-0.09949227422475815	-0.05123601853847504	-0.02845887467265129	-0.08347418904304504	-0.10221056640148163	-0.08409161865711212	0.05625427886843681	-0.04349922388792038	-0.011190029792487621	0.08501653373241425	-0.04442061111330986	0.01944071613252163	0.016771839931607246	-0.007248962298035622	-0.07684379816055298	-0.04922841489315033	0.0375390350818634
-0.003464240115135908	0.08831239491701126	-0.1018550843000412	-0.15006157755851746	0.01478763297200203	-0.032335326075553894	0.08015965670347214	-0.01884722337126732	-0.015947559848427773	0.16448166966438293	0.009359411895275116	-0.06761805713176727	-0.028882067650556564	-0.07193989306688309	-0.07250215858221054	0.04543827474117279	-0.015443217009305954	-0.23626163601875305	0.01782657764852047	0.26581284403800964	0.09899436682462692	-0.0811660960316658	0.03123830258846283	-0.20845583081245422	0.1292927861213684	-0.08275807648897171	0.20969314873218536	0.03317504748702049	0.2807557284832001	0.022979537025094032	0.041887007653713226	0.1236206591129303	-0.09564357250928879	-0.09378518164157867	-0.015096466057002544	0.13729622960090637	0.0019495021551847458	-0.08581503480672836	0.06965646892786026	-0.13563735783100128	0.015345461666584015	-0.14986073970794678	0.11783524602651596	-0.1480482965707779	-0.04694536328315735	-0.07334865629673004	0.08888301998376846	0.025236735120415688	-0.05234674736857414	0.24445238709449768	0.06610889732837677	0.2988368570804596	-0.09608327597379684	-0.029729869216680527	-0.01682968996465206	-0.0963536873459816	0.08629350364208221	0.08877281099557877	-0.2548385262489319	0.1682453751564026	-0.01796971820294857	-0.11370789259672165	0.12307143956422806	0.15179064869880676
-0.003464240115135908	0.08831239491701126	-0.1018550843000412	-0.15006157755851746	0.01478763297200203	-0.032335326075553894	0.08015965670347214	-0.01884722337126732	-0.015947559848427773	0.16448166966438293	0.009359411895275116	-0.06761805713176727	-0.028882067650556564	-0.07193989306688309	-0.07250215858221054	0.04543827474117279	-0.015443217009305954	-0.23626163601875305	0.01782657764852047	0.26581284403800964	0.09899436682462692	-0.0811660960316658	0.03123830258846283	-0.20845583081245422	0.1292927861213684	-0.08275807648897171	0.20969314873218536	0.03317504748702049	0.2807557284832001	0.022979537025094032	0.041887007653713226	0.1236206591129303	-0.09564357250928879	-0.09378518164157867	-0.015096466057002544	0.13729622960090637	0.0019495021551847458	-0.08581503480672836	0.06965646892786026	-0.13563735783100128	0.015345461666584015	-0.14986073970794678	0.11783524602651596	-0.1480482965707779	-0.04694536328315735	-0.07334865629673004	0.08888301998376846	0.025236735120415688	-0.05234674736857414	0.24445238709449768	0.06610889732837677	0.2988368570804596	-0.09608327597379684	-0.029729869216680527	-0.01682968996465206	-0.0963536873459816	0.08629350364208221	0.08877281099557877	-0.2548385262489319	0.1682453751564026	-0.01796971820294857	-0.11370789259672165	0.12307143956422806	0.15179064869880676
-0.003464240115135908	0.08831239491701126	-0.1018550843000412	-0.15006157755851746	0.01478763297200203	-0.032335326075553894	0.08015965670347214	-0.01884722337126732	-0.015947559848427773	0.16448166966438293	0.009359411895275116	-0.06761805713176727	-0.028882067650556564	-0.07193989306688309	-0.07250215858221054	0.04543827474117279	-0.015443217009305954	-0.23626163601875305	0.01782657764852047	0.26581284403800964	0.09899436682462692	-0.0811660960316658	0.03123830258846283	-0.20845583081245422	0.1292927861213684	-0.08275807648897171	0.20969314873218536	0.03317504748702049	0.2807557284832001	0.022979537025094032	0.041887007653713226	0.1236206591129303	-0.09564357250928879	-0.09378518164157867	-0.015096466057002544	0.13729622960090637	0.0019495021551847458	-0.08581503480672836	0.06965646892786026	-0.13563735783100128	0.015345461666584015	-0.14986073970794678	0.11783524602651596	-0.1480482965707779	-0.04694536328315735	-0.07334865629673004	0.08888301998376846	0.025236735120415688	-0.05234674736857414	0.24445238709449768	0.06610889732837677	0.2988368570804596	-0.09608327597379684	-0.029729869216680527	-0.01682968996465206	-0.0963536873459816	0.08629350364208221	0.08877281099557877	-0.2548385262489319	0.1682453751564026	-0.01796971820294857	-0.11370789259672165	0.12307143956422806	0.15179064869880676
-0.003464240115135908	0.08831239491701126	-0.1018550843000412	-0.15006157755851746	0.01478763297200203	-0.032335326075553894	0.08015965670347214	-0.01884722337126732	-0.015947559848427773	0.16448166966438293	0.009359411895275116	-0.06761805713176727	-0.028882067650556564	-0.07193989306688309	-0.07250215858221054	0.04543827474117279	-0.015443217009305954	-0.23626163601875305	0.01782657764852047	0.26581284403800964	0.09899436682462692	-0.0811660960316658	0.03123830258846283	-0.20845583081245422	0.1292927861213684	-0.08275807648897171	0.20969314873218536	0.03317504748702049	0.2807557284832001	0.022979537025094032	0.041887007653713226	0.1236206591129303	-0.09564357250928879	-0.09378518164157867	-0.015096466057002544	0.13729622960090637	0.0019495021551847458	-0.08581503480672836	0.06965646892786026	-0.13563735783100128	0.015345461666584015	-0.14986073970794678	0.11783524602651596	-0.1480482965707779	-0.04694536328315735	-0.07334865629673004	0.08888301998376846	0.025236735120415688	-0.05234674736857414	0.24445238709449768	0.06610889732837677	0.2988368570804596	-0.09608327597379684	-0.029729869216680527	-0.01682968996465206	-0.0963536873459816	0.08629350364208221	0.08877281099557877	-0.2548385262489319	0.1682453751564026	-0.01796971820294857	-0.11370789259672165	0.12307143956422806	0.15179064869880676
-0.003464240115135908	0.08831239491701126	-0.1018550843000412	-0.15006157755851746	0.01478763297200203	-0.032335326075553894	0.08015965670347214	-0.01884722337126732	-0.015947559848427773	0.16448166966438293	0.009359411895275116	-0.06761805713176727	-0.028882067650556564	-0.07193989306688309	-0.07250215858221054	0.04543827474117279	-0.015443217009305954	-0.23626163601875305	0.01782657764852047	0.26581284403800964	0.09899436682462692	-0.0811660960316658	0.03123830258846283	-0.20845583081245422	0.1292927861213684	-0.08275807648897171	0.20969314873218536	0.03317504748702049	0.2807557284832001	0.022979537025094032	0.041887007653713226	0.1236206591129303	-0.09564357250928879	-0.09378518164157867	-0.015096466057002544	0.13729622960090637	0.0019495021551847458	-0.08581503480672836	0.06965646892786026	-0.13563735783100128	0.015345461666584015	-0.14986073970794678	0.11783524602651596	-0.1480482965707779	-0.04694536328315735	-0.07334865629673004	0.08888301998376846	0.025236735120415688	-0.05234674736857414	0.24445238709449768	0.06610889732837677	0.2988368570804596	-0.09608327597379684	-0.029729869216680527	-0.01682968996465206	-0.0963536873459816	0.08629350364208221	0.08877281099557877	-0.2548385262489319	0.1682453751564026	-0.01796971820294857	-0.11370789259672165	0.12307143956422806	0.15179064869880676
-0.07583089172840118	0.1548813134431839	-0.023502053692936897	0.046011991798877716	0.09905874729156494	-0.12846434116363525	-0.09718049317598343	-0.012068027630448341	-0.04282863810658455	-0.24094752967357635	-0.0918889120221138	-0.10374733805656433	-0.013719058595597744	0.07049937546253204	-0.26458147168159485	-0.059393465518951416	-0.2310243546962738	0.25690901279449463	-0.1642841398715973	-0.308129221200943	0.14804935455322266	-0.03844616562128067	-0.21360516548156738	0.16822782158851624	-0.004977526143193245	-0.20785857737064362	0.04563566669821739	-0.03671136125922203	-0.12498302757740021	0.16977311670780182	-0.21586531400680542	0.02378316968679428	0.12950335443019867	-0.021169770509004593	-0.04467152804136276	-0.03388182446360588	0.031493861228227615	0.02039790339767933	0.016703100875020027	-0.023359086364507675	-0.21701589226722717	0.13892368972301483	-0.09431672096252441	0.19872047007083893	0.1997494250535965	0.07444683462381363	-0.1734880805015564	-0.01088742446154356	0.0686965361237526	-0.10892776399850845	-0.020133832469582558	-0.0993184968829155	0.033174555748701096	-0.01112400833517313	0.06416906416416168	0.01721571944653988	-0.12926602363586426	-0.0048854900524020195	0.27416375279426575	0.05699137598276138	0.15242566168308258	0.03750953450798988	0.022052280604839325	-0.037245556712150574
-0.05415252596139908	-0.09731362015008926	0.05194571241736412	-0.00553659163415432	-0.15175893902778625	-0.012794469483196735	0.0390373170375824	0.004225258249789476	-0.04487108066678047	0.09852460026741028	0.037351448088884354	0.03386569768190384	0.1407393515110016	0.0003388742625247687	-0.15014541149139404	0.014459826052188873	0.057090576738119125	0.10660281032323837	-0.008849105797708035	-0.06075453758239746	0.05968165397644043	-0.024438519030809402	0.004204956814646721	0.08449626713991165	-0.13179434835910797	-0.002134911948814988	-0.07244612276554108	-0.01775633916258812	-0.053626928478479385	0.20001815259456635	-0.020886274054646492	0.017919111996889114	-0.08166221529245377	0.07497729361057281	-0.04814353957772255	0.0029862031806260347	-0.03327608108520508	-0.11444205045700073	0.0047659436240792274	0.013603107072412968	-0.05097266286611557	-0.015266401693224907	-0.026352521032094955	-0.08443218469619751	-0.03778832405805588	-0.06266190111637115	-0.05184037983417511	-0.09949227422475815	-0.05123601853847504	-0.02845887467265129	-0.08347418904304504	-0.10221056640148163	-0.08409161865711212	0.05625427886843681	-0.04349922388792038	-0.011190029792487621	0.08501653373241425	-0.04442061111330986	0.01944071613252163	0.016771839931607246	-0.007248962298035622	-0.07684379816055298	-0.04922841489315033	0.0375390350818634
-0.003464240115135908	0.08831239491701126	-0.1018550843000412	-0.15006157755851746	0.01478763297200203	-0.032335326075553894	0.08015965670347214	-0.01884722337126732	-0.015947559848427773	0.16448166966438293	0.009359411895275116	-0.06761805713176727	-0.028882067650556564	-0.07193989306688309	-0.07250215858221054	0.04543827474117279	-0.015443217009305954	-0.23626163601875305	0.01782657764852047	0.26581284403800964	0.09899436682462692	-0.0811660960316658	0.03123830258846283	-0.20845583081245422	0.1292927861213684	-0.08275807648897171	0.20969314873218536	0.03317504748702049	0.2807557284832001	0.022979537025094032	0.041887007653713226	0.1236206591129303	-0.09564357250928879	-0.09378518164157867	-0.015096466057002544	0.13729622960090637	0.0019495021551847458	-0.08581503480672836	0.06965646892786026	-0.13563735783100128	0.015345461666584015	-0.14986073970794678	0.11783524602651596	-0.1480482965707779	-0.04694536328315735	-0.07334865629673004	0.08888301998376846	0.025236735120415688	-0.05234674736857414	0.24445238709449768	0.06610889732837677	0.2988368570804596	-0.09608327597379684	-0.029729869216680527	-0.01682968996465206	-0.0963536873459816	0.08629350364208221	0.08877281099557877	-0.2548385262489319	0.1682453751564026	-0.01796971820294857	-0.11370789259672165	0.12307143956422806	0.15179064869880676
-0.05415252596139908	-0.09731362015008926	0.05194571241736412	-0.00553659163415432	-0.15175893902778625	-0.012794469483196735	0.0390373170375824	0.004225258249789476	-0.04487108066678047	0.09852460026741028	0.037351448088884354	0.03386569768190384	0.1407393515110016	0.0003388742625247687	-0.15014541149139404	0.014459826052188873	0.057090576738119125	0.10660281032323837	-0.008849105797708035	-0.06075453758239746	0.05968165397644043	-0.024438519030809402	0.004204956814646721	0.08449626713991165	-0.13179434835910797	-0.002134911948814988	-0.07244612276554108	-0.01775633916258812	-0.053626928478479385	0.20001815259456635	-0.020886274054646492	0.017919111996889114	-0.08166221529245377	0.07497729361057281	-0.04814353957772255	0.0029862031806260347	-0.03327608108520508	-0.11444205045700073	0.0047659436240792274	0.013603107072412968	-0.05097266286611557	-0.015266401693224907	-0.026352521032094955	-0.08443218469619751	-0.03778832405805588	-0.06266190111637115	-0.05184037983417511	-0.09949227422475815	-0.05123601853847504	-0.02845887467265129	-0.08347418904304504	-0.10221056640148163	-0.08409161865711212	0.05625427886843681	-0.04349922388792038	-0.011190029792487621	0.08501653373241425	-0.04442061111330986	0.01944071613252163	0.016771839931607246	-0.007248962298035622	-0.07684379816055298	-0.04922841489315033	0.0375390350818634
-0.05415252596139908	-0.09731362015008926	0.05194571241736412	-0.00553659163415432	-0.15175893902778625	-0.012794469483196735	0.0390373170375824	0.004225258249789476	-0.04487108066678047	0.09852460026741028	0.037351448088884354	0.03386569768190384	0.1407393515110016	0.0003388742625247687	-0.15014541149139404	0.014459826052188873	0.057090576738119125	0.10660281032323837	-0.008849105797708035	-0.06075453758239746	0.05968165397644043	-0.024438519030809402	0.004204956814646721	0.08449626713991165	-0.13179434835910797	-0.002134911948814988	-0.07244612276554108	-0.01775633916258812	-0.053626928478479385	0.20001815259456635	-0.020886274054646492	0.017919111996889114	-0.08166221529245377	0.07497729361057281	-0.04814353957772255	0.0029862031806260347	-0.03327608108520508	-0.11444205045700073	0.0047659436240792274	0.013603107072412968	-0.05097266286611557	-0.015266401693224907	-0.026352521032094955	-0.08443218469619751	-0.03778832405805588	-0.06266190111637115	-0.05184037983417511	-0.09949227422475815	-0.05123601853847504	-0.02845887467265129	-0.08347418904304504	-0.10221056640148163	-0.08409161865711212	0.05625427886843681	-0.04349922388792038	-0.011190029792487621	0.08501653373241425	-0.04442061111330986	0.01944071613252163	0.016771839931607246	-0.007248962298035622	-0.07684379816055298	-0.04922841489315033	0.0375390350818634
-0.05415252596139908	-0.09731362015008926	0.05194571241736412	-0.00553659163415432	-0.15175893902778625	-0.012794469483196735	0.0390373170375824	0.004225258249789476	-0.04487108066678047	0.09852460026741028	0.037351448088884354	0.03386569768190384	0.1407393515110016	0.0003388742625247687	-0.15014541149139404	0.014459826052188873	0.057090576738119125	0.10660281032323837	-0.008849105797708035	-0.06075453758239746	0.05968165397644043	-0.024438519030809402	0.004204956814646721	0.08449626713991165	-0.13179434835910797	-0.002134911948814988	-0.07244612276554108	-0.01775633916258812	-0.053626928478479385	0.20001815259456635	-0.020886274054646492	0.017919111996889114	-0.08166221529245377	0.07497729361057281	-0.04814353957772255	0.0029862031806260347	-0.03327608108520508	-0.11444205045700073	0.0047659436240792274	0.013603107072412968	-0.05097266286611557	-0.015266401693224907	-0.026352521032094955	-0.08443218469619751	-0.03778832405805588	-0.06266190111637115	-0.05184037983417511	-0.09949227422475815	-0.05123601853847504	-0.02845887467265129	-0.08347418904304504	-0.10221056640148163	-0.08409161865711212	0.05625427886843681	-0.04349922388792038	-0.011190029792487621	0.08501653373241425	-0.04442061111330986	0.01944071613252163	0.016771839931607246	-0.007248962298035622	-0.07684379816055298	-0.04922841489315033	0.0375390350818634
-0.003464240115135908	0.08831239491701126	-0.1018550843000412	-0.15006157755851746	0.01478763297200203	-0.032335326075553894	0.08015965670347214	-0.01884722337126732	-0.015947559848427773	0.16448166966438293	0.009359411895275116	-0.06761805713176727	-0.028882067650556564	-0.07193989306688309	-0.07250215858221054	0.04543827474117279	-0.015443217009305954	-0.23626163601875305	0.01782657764852047	0.26581284403800964	0.09899436682462692	-0.0811660960316658	0.03123830258846283	-0.20845583081245422	0.1292927861213684	-0.08275807648897171	0.20969314873218536	0.03317504748702049	0.2807557284832001	0.022979537025094032	0.041887007653713226	0.1236206591129303	-0.09564357250928879	-0.09378518164157867	-0.015096466057002544	0.13729622960090637	0.0019495021551847458	-0.08581503480672836	0.06965646892786026	-0.13563735783100128	0.015345461666584015	-0.14986073970794678	0.11783524602651596	-0.1480482965707779	-0.04694536328315735	-0.07334865629673004	0.08888301998376846	0.025236735120415688	-0.05234674736857414	0.24445238709449768	0.06610889732837677	0.2988368570804596	-0.09608327597379684	-0.029729869216680527	-0.01682968996465206	-0.0963536873459816	0.08629350364208221	0.08877281099557877	-0.2548385262489319	0.1682453751564026	-0.01796971820294857	-0.11370789259672165	0.12307143956422806	0.15179064869880676
0.07451340556144714	-0.1302158385515213	-0.045159127563238144	-0.07461479306221008	-0.07400742918252945	0.013103063218295574	-0.12426639348268509	-0.12178903818130493	0.03863939642906189	-0.09348297119140625	0.01893361657857895	0.22222331166267395	0.025319594889879227	0.18991588056087494	0.1271955817937851	0.027260133996605873	0.15950407087802887	-0.09192687273025513	0.10910259187221527	-0.09660732001066208	-0.11986425518989563	0.14745497703552246	-0.025035033002495766	-0.1561252325773239	-0.10498674213886261	0.0496516227722168	-0.10097085684537888	-0.201327845454216	-0.14734335243701935	-0.056778136640787125	0.08707039803266525	-0.1442296802997589	0.15687334537506104	0.09631402790546417	0.003906262572854757	-0.040699947625398636	-0.08437643200159073	-0.05379484221339226	-0.07886885851621628	-0.06739917397499084	0.12578672170639038	-0.14818508923053741	-0.024317879229784012	0.0371248722076416	-0.1066737025976181	0.05503492057323456	-0.05130891129374504	0.050206467509269714	0.060299165546894073	0.057288408279418945	-0.03430918976664543	-0.09074319154024124	-0.005368830636143684	0.02087130770087242	-0.01475684903562069	0.21005770564079285	-0.008122469298541546	-0.040997330099344254	-0.07412511110305786	-0.02632245421409607	-0.1914938986301422	0.21789172291755676	-0.05756014212965965	-0.07012733817100525
-0.05415252596139908	-0.09731362015008926	0.05194571241736412	-0.00553659163415432	-0.15175893902778625	-0.012794469483196735	0.0390373170375824	0.004225258249789476	-0.04487108066678047	0.09852460026741028	0.037351448088884354	0.03386569768190384	0.1407393515110016	0.0003388742625247687	-0.15014541149139404	0.014459826052188873	0.057090576738119125	0.10660281032323837	-0.008849105797708035	-0.06075453758239746	0.05968165397644043	-0.024438519030809402	0.004204956814646721	0.08449626713991165	-0.13179434835910797	-0.002134911948814988	-0.07244612276554108	-0.01775633916258812	-0.053626928478479385	0.20001815259456635	-0.020886274054646492	0.017919111996889114	-0.08166221529245377	0.07497729361057281	-0.04814353957772255	0.0029862031806260347	-0.03327608108520508	-0.11444205045700073	0.0047659436240792274	0.013603107072412968	-0.05097266286611557	-0.015266401693224907	-0.026352521032094955	-0.08443218469619751	-0.03778832405805588	-0.06266190111637115	-0.05184037983417511	-0.09949227422475815	-0.05123601853847504	-0.02845887467265129	-0.08347418904304504	-0.10221056640148163	-0.08409161865711212	0.05625427886843681	-0.04349922388792038	-0.011190029792487621	0.08501653373241425	-0.04442061111330986	0.01944071613252163	0.016771839931607246	-0.007248962298035622	-0.07684379816055298	-0.04922841489315033	0.0375390350818634
-0.05415252596139908	-0.09731362015008926	0.05194571241736412	-0.00553659163415432	-0.15175893902778625	-0.012794469483196735	0.0390373170375824	0.004225258249789476	-0.04487108066678047	0.09852460026741028	0.037351448088884354	0.03386569768190384	0.1407393515110016	0.0003388742625247687	-0.15014541149139404	0.014459826052188873	0.057090576738119125	0.10660281032323837	-0.008849105797708035	-0.06075453758239746	0.05968165397644043	-0.024438519030809402	0.004204956814646721	0.08449626713991165	-0.13179434835910797	-0.002134911948814988	-0.07244612276554108	-0.01775633916258812	-0.053626928478479385	0.20001815259456635	-0.020886274054646492	0.017919111996889114	-0.08166221529245377	0.07497729361057281	-0.04814353957772255	0.0029862031806260347	-0.03327608108520508	-0.11444205045700073	0.0047659436240792274	0.013603107072412968	-0.05097266286611557	-0.015266401693224907	-0.026352521032094955	-0.08443218469619751	-0.03778832405805588	-0.06266190111637115	-0.05184037983417511	-0.09949227422475815	-0.05123601853847504	-0.02845887467265129	-0.08347418904304504	-0.10221056640148163	-0.08409161865711212	0.05625427886843681	-0.04349922388792038	-0.011190029792487621	0.08501653373241425	-0.04442061111330986	0.01944071613252163	0.016771839931607246	-0.007248962298035622	-0.07684379816055298	-0.04922841489315033	0.0375390350818634
-0.07583089172840118	0.1548813134431839	-0.023502053692936897	0.046011991798877716	0.09905874729156494	-0.12846434116363525	-0.09718049317598343	-0.012068027630448341	-0.04282863810658455	-0.24094752967357635	-0.0918889120221138	-0.10374733805656433	-0.013719058595597744	0.07049937546253204	-0.26458147168159485	-0.059393465518951416	-0.2310243546962738	0.25690901279449463	-0.1642841398715973	-0.308129221200943	0.14804935455322266	-0.03844616562128067	-0.21360516548156738	0.16822782158851624	-0.004977526143193245	-0.20785857737064362	0.04563566669821739	-0.03671136125922203	-0.12498302757740021	0.16977311670780182	-0.21586531400680542	0.02378316968679428	0.12950335443019867	-0.021169770509004593	-0.04467152804136276	-0.03388182446360588	0.031493861228227615	0.02039790339767933	0.016703100875020027	-0.023359086364507675	-0.21701589226722717	0.13892368972301483	-0.09431672096252441	0.19872047007083893	0.1997494250535965	0.07444683462381363	-0.1734880805015564	-0.01088742446154356	0.0686965361237526	-0.10892776399850845	-0.020133832469582558	-0.0993184968829155	0.033174555748701096	-0.01112400833517313	0.06416906416416168	0.01721571944653988	-0.12926602363586426	-0.0048854900524020195	0.27416375279426575	0.05699137598276138	0.15242566168308258	0.03750953450798988	0.022052280604839325	-0.037245556712150574
-0.003464240115135908	0.08831239491701126	-0.1018550843000412	-0.15006157755851746	0.01478763297200203	-0.032335326075553894	0.08015965670347214	-0.01884722337126732	-0.015947559848427773	0.16448166966438293	0.009359411895275116	-0.06761805713176727	-0.028882067650556564	-0.07193989306688309	-0.07250215858221054	0.04543827474117279	-0.015443217009305954	-0.23626163601875305	0.01782657764852047	0.26581284403800964	0.09899436682462692	-0.0811660960316658	0.03123830258846283	-0.20845583081245422	0.1292927861213684	-0.08275807648897171	0.20969314873218536	0.03317504748702049	0.2807557284832001	0.022979537025094032	0.041887007653713226	0.1236206591129303	-0.09564357250928879	-0.09378518164157867	-0.015096466057002544	0.13729622960090637	0.0019495021551847458	-0.08581503480672836	0.06965646892786026	-0.13563735783100128	0.015345461666584015	-0.14986073970794678	0.11783524602651596	-0.1480482965707779	-0.04694536328315735	-0.07334865629673004	0.08888301998376846	0.025236735120415688	-0.05234674736857414	0.24445238709449768	0.06610889732837677	0.2988368570804596	-0.09608327597379684	-0.029729869216680527	-0.01682968996465206	-0.0963536873459816	0.08629350364208221	0.08877281099557877	-0.2548385262489319	0.1682453751564026	-0.01796971820294857	-0.11370789259672165	0.12307143956422806	0.15179064869880676
-0.003464240115135908	0.08831239491701126	-0.1018550843000412	-0.15006157755851746	0.01478763297200203	-0.032335326075553894	0.08015965670347214	-0.01884722337126732	-0.015947559848427773	0.16448166966438293	0.009359411895275116	-0.06761805713176727	-0.028882067650556564	-0.07193989306688309	-0.07250215858221054	0.04543827474117279	-0.015443217009305954	-0.23626163601875305	0.01782657764852047	0.26581284403800964	0.09899436682462692	-0.0811660960316658	0.03123830258846283	-0.20845583081245422	0.1292927861213684	-0.08275807648897171	0.20969314873218536	0.03317504748702049	0.2807557284832001	0.022979537025094032	0.041887007653713226	0.1236206591129303	-0.09564357250928879	-0.09378518164157867	-0.015096466057002544	0.13729622960090637	0.0019495021551847458	-0.08581503480672836	0.06965646892786026	-0.13563735783100128	0.015345461666584015	-0.14986073970794678	0.11783524602651596	-0.1480482965707779	-0.04694536328315735	-0.07334865629673004	0.08888301998376846	0.025236735120415688	-0.05234674736857414	0.24445238709449768	0.06610889732837677	0.2988368570804596	-0.09608327597379684	-0.029729869216680527	-0.01682968996465206	-0.0963536873459816	0.08629350364208221	0.08877281099557877	-0.2548385262489319	0.1682453751564026	-0.01796971820294857	-0.11370789259672165	0.12307143956422806	0.15179064869880676
-0.003464240115135908	0.08831239491701126	-0.1018550843000412	-0.15006157755851746	0.01478763297200203	-0.032335326075553894	0.08015965670347214	-0.01884722337126732	-0.015947559848427773	0.16448166966438293	0.009359411895275116	-0.06761805713176727	-0.028882067650556564	-0.07193989306688309	-0.07250215858221054	0.04543827474117279	-0.015443217009305954	-0.23626163601875305	0.01782657764852047	0.26581284403800964	0.09899436682462692	-0.0811660960316658	0.03123830258846283	-0.20845583081245422	0.1292927861213684	-0.08275807648897171	0.20969314873218536	0.03317504748702049	0.2807557284832001	0.022979537025094032	0.041887007653713226	0.1236206591129303	-0.09564357250928879	-0.09378518164157867	-0.015096466057002544	0.13729622960090637	0.0019495021551847458	-0.08581503480672836	0.06965646892786026	-0.13563735783100128	0.015345461666584015	-0.14986073970794678	0.11783524602651596	-0.1480482965707779	-0.04694536328315735	-0.07334865629673004	0.08888301998376846	0.025236735120415688	-0.05234674736857414	0.24445238709449768	0.06610889732837677	0.2988368570804596	-0.09608327597379684	-0.029729869216680527	-0.01682968996465206	-0.0963536873459816	0.08629350364208221	0.08877281099557877	-0.2548385262489319	0.1682453751564026	-0.01796971820294857	-0.11370789259672165	0.12307143956422806	0.15179064869880676
-0.05415252596139908	-0.09731362015008926	0.05194571241736412	-0.00553659163415432	-0.15175893902778625	-0.012794469483196735	0.0390373170375824	0.004225258249789476	-0.04487108066678047	0.09852460026741028	0.037351448088884354	0.03386569768190384	0.1407393515110016	0.0003388742625247687	-0.15014541149139404	0.014459826052188873	0.057090576738119125	0.10660281032323837	-0.008849105797708035	-0.06075453758239746	0.05968165397644043	-0.024438519030809402	0.004204956814646721	0.08449626713991165	-0.13179434835910797	-0.002134911948814988	-0.07244612276554108	-0.01775633916258812	-0.053626928478479385	0.20001815259456635	-0.020886274054646492	0.017919111996889114	-0.08166221529245377	0.07497729361057281	-0.04814353957772255	0.0029862031806260347	-0.03327608108520508	-0.11444205045700073	0.0047659436240792274	0.013603107072412968	-0.05097266286611557	-0.015266401693224907	-0.026352521032094955	-0.08443218469619751	-0.03778832405805588	-0.06266190111637115	-0.05184037983417511	-0.09949227422475815	-0.05123601853847504	-0.02845887467265129	-0.08347418904304504	-0.10221056640148163	-0.08409161865711212	0.05625427886843681	-0.04349922388792038	-0.011190029792487621	0.08501653373241425	-0.04442061111330986	0.01944071613252163	0.016771839931607246	-0.007248962298035622	-0.07684379816055298	-0.04922841489315033	0.0375390350818634
-0.003464240115135908	0.08831239491701126	-0.1018550843000412	-0.15006157755851746	0.01478763297200203	-0.032335326075553894	0.08015965670347214	-0.01884722337126732	-0.015947559848427773	0.16448166966438293	0.009359411895275116	-0.06761805713176727	-0.028882067650556564	-0.07193989306688309	-0.07250215858221054	0.04543827474117279	-0.015443217009305954	-0.23626163601875305	0.01782657764852047	0.26581284403800964	0.09899436682462692	-0.0811660960316658	0.03123830258846283	-0.20845583081245422	0.1292927861213684	-0.08275807648897171	0.20969314873218536	0.03317504748702049	0.2807557284832001	0.022979537025094032	0.041887007653713226	0.1236206591129303	-0.09564357250928879	-0.09378518164157867	-0.015096466057002544	0.13729622960090637	0.0019495021551847458	-0.08581503480672836	0.06965646892786026	-0.13563735783100128	0.015345461666584015	-0.14986073970794678	0.11783524602651596	-0.1480482965707779	-0.04694536328315735	-0.07334865629673004	0.08888301998376846	0.025236735120415688	-0.05234674736857414	0.24445238709449768	0.06610889732837677	0.2988368570804596	-0.09608327597379684	-0.029729869216680527	-0.01682968996465206	-0.0963536873459816	0.08629350364208221	0.08877281099557877	-0.2548385262489319	0.1682453751564026	-0.01796971820294857	-0.11370789259672165	0.12307143956422806	0.15179064869880676
-0.003464240115135908	0.08831239491701126	-0.1018550843000412	-0.15006157755851746	0.01478763297200203	-0.032335326075553894	0.08015965670347214	-0.01884722337126732	-0.015947559848427773	0.16448166966438293	0.009359411895275116	-0.06761805713176727	-0.028882067650556564	-0.07193989306688309	-0.07250215858221054	0.04543827474117279	-0.015443217009305954	-0.23626163601875305	0.01782657764852047	0.26581284403800964	0.09899436682462692	-0.0811660960316658	0.03123830258846283	-0.20845583081245422	0.1292927861213684	-0.08275807648897171	0.20969314873218536	0.03317504748702049	0.2807557284832001	0.022979537025094032	0.041887007653713226	0.1236206591129303	-0.09564357250928879	-0.09378518164157867	-0.015096466057002544	0.13729622960090637	0.0019495021551847458	-0.08581503480672836	0.06965646892786026	-0.13563735783100128	0.015345461666584015	-0.14986073970794678	0.11783524602651596	-0.1480482965707779	-0.04694536328315735	-0.07334865629673004	0.08888301998376846	0.025236735120415688	-0.05234674736857414	0.24445238709449768	0.06610889732837677	0.2988368570804596	-0.09608327597379684	-0.029729869216680527	-0.01682968996465206	-0.0963536873459816	0.08629350364208221	0.08877281099557877	-0.2548385262489319	0.1682453751564026	-0.01796971820294857	-0.11370789259672165	0.12307143956422806	0.15179064869880676
-0.003464240115135908	0.08831239491701126	-0.1018550843000412	-0.15006157755851746	0.01478763297200203	-0.032335326075553894	0.08015965670347214	-0.01884722337126732	-0.015947559848427773	0.16448166966438293	0.009359411895275116	-0.06761805713176727	-0.028882067650556564	-0.07193989306688309	-0.07250215858221054	0.04543827474117279	-0.015443217009305954	-0.23626163601875305	0.01782657764852047	0.26581284403800964	0.09899436682462692	-0.0811660960316658	0.03123830258846283	-0.20845583081245422	0.1292927861213684	-0.08275807648897171	0.20969314873218536	0.03317504748702049	0.2807557284832001	0.022979537025094032	0.041887007653713226	0.1236206591129303	-0.09564357250928879	-0.09378518164157867	-0.015096466057002544	0.13729622960090637	0.0019495021551847458	-0.08581503480672836	0.06965646892786026	-0.13563735783100128	0.015345461666584015	-0.14986073970794678	0.11783524602651596	-0.1480482965707779	-0.04694536328315735	-0.07334865629673004	0.08888301998376846	0.025236735120415688	-0.05234674736857414	0.24445238709449768	0.06610889732837677	0.2988368570804596	-0.09608327597379684	-0.029729869216680527	-0.01682968996465206	-0.0963536873459816	0.08629350364208221	0.08877281099557877	-0.2548385262489319	0.1682453751564026	-0.01796971820294857	-0.11370789259672165	0.12307143956422806	0.15179064869880676
-0.003464240115135908	0.08831239491701126	-0.1018550843000412	-0.15006157755851746	0.01478763297200203	-0.032335326075553894	0.08015965670347214	-0.01884722337126732	-0.015947559848427773	0.16448166966438293	0.009359411895275116	-0.06761805713176727	-0.028882067650556564	-0.07193989306688309	-0.07250215858221054	0.04543827474117279	-0.015443217009305954	-0.23626163601875305	0.01782657764852047	0.26581284403800964	0.09899436682462692	-0.0811660960316658	0.03123830258846283	-0.20845583081245422	0.1292927861213684	-0.08275807648897171	0.20969314873218536	0.03317504748702049	0.2807557284832001	0.022979537025094032	0.041887007653713226	0.1236206591129303	-0.09564357250928879	-0.09378518164157867	-0.015096466057002544	0.13729622960090637	0.0019495021551847458	-0.08581503480672836	0.06965646892786026	-0.13563735783100128	0.015345461666584015	-0.14986073970794678	0.11783524602651596	-0.1480482965707779	-0.04694536328315735	-0.07334865629673004	0.08888301998376846	0.025236735120415688	-0.05234674736857414	0.24445238709449768	0.06610889732837677	0.2988368570804596	-0.09608327597379684	-0.029729869216680527	-0.01682968996465206	-0.0963536873459816	0.08629350364208221	0.08877281099557877	-0.2548385262489319	0.1682453751564026	-0.01796971820294857	-0.11370789259672165	0.12307143956422806	0.15179064869880676
-0.003464240115135908	0.08831239491701126	-0.1018550843000412	-0.15006157755851746	0.01478763297200203	-0.032335326075553894	0.08015965670347214	-0.01884722337126732	-0.015947559848427773	0.16448166966438293	0.009359411895275116	-0.06761805713176727	-0.028882067650556564	-0.07193989306688309	-0.07250215858221054	0.04543827474117279	-0.015443217009305954	-0.23626163601875305	0.01782657764852047	0.26581284403800964	0.09899436682462692	-0.0811660960316658	0.03123830258846283	-0.20845583081245422	0.1292927861213684	-0.08275807648897171	0.20969314873218536	0.03317504748702049	0.2807557284832001	0.022979537025094032	0.041887007653713226	0.1236206591129303	-0.09564357250928879	-0.09378518164157867	-0.015096466057002544	0.13729622960090637	0.0019495021551847458	-0.08581503480672836	0.06965646892786026	-0.13563735783100128	0.015345461666584015	-0.14986073970794678	0.11783524602651596	-0.1480482965707779	-0.04694536328315735	-0.07334865629673004	0.08888301998376846	0.025236735120415688	-0.05234674736857414	0.24445238709449768	0.06610889732837677	0.2988368570804596	-0.09608327597379684	-0.029729869216680527	-0.01682968996465206	-0.0963536873459816	0.08629350364208221	0.08877281099557877	-0.2548385262489319	0.1682453751564026	-0.01796971820294857	-0.11370789259672165	0.12307143956422806	0.15179064869880676
-0.05415252596139908	-0.09731362015008926	0.05194571241736412	-0.00553659163415432	-0.15175893902778625	-0.012794469483196735	0.0390373170375824	0.004225258249789476	-0.04487108066678047	0.09852460026741028	0.037351448088884354	0.03386569768190384	0.1407393515110016	0.0003388742625247687	-0.15014541149139404	0.014459826052188873	0.057090576738119125	0.10660281032323837	-0.008849105797708035	-0.06075453758239746	0.05968165397644043	-0.024438519030809402	0.004204956814646721	0.08449626713991165	-0.13179434835910797	-0.002134911948814988	-0.07244612276554108	-0.01775633916258812	-0.053626928478479385	0.20001815259456635	-0.020886274054646492	0.017919111996889114	-0.08166221529245377	0.07497729361057281	-0.04814353957772255	0.0029862031806260347	-0.03327608108520508	-0.11444205045700073	0.0047659436240792274	0.013603107072412968	-0.05097266286611557	-0.015266401693224907	-0.026352521032094955	-0.08443218469619751	-0.03778832405805588	-0.06266190111637115	-0.05184037983417511	-0.09949227422475815	-0.05123601853847504	-0.02845887467265129	-0.08347418904304504	-0.10221056640148163	-0.08409161865711212	0.05625427886843681	-0.04349922388792038	-0.011190029792487621	0.08501653373241425	-0.04442061111330986	0.01944071613252163	0.016771839931607246	-0.007248962298035622	-0.07684379816055298	-0.04922841489315033	0.0375390350818634
-0.05415252596139908	-0.09731362015008926	0.05194571241736412	-0.00553659163415432	-0.15175893902778625	-0.012794469483196735	0.0390373170375824	0.004225258249789476	-0.04487108066678047	0.09852460026741028	0.037351448088884354	0.03386569768190384	0.1407393515110016	0.0003388742625247687	-0.15014541149139404	0.014459826052188873	0.057090576738119125	0.10660281032323837	-0.008849105797708035	-0.06075453758239746	0.05968165397644043	-0.024438519030809402	0.004204956814646721	0.08449626713991165	-0.13179434835910797	-0.002134911948814988	-0.07244612276554108	-0.01775633916258812	-0.053626928478479385	0.20001815259456635	-0.020886274054646492	0.017919111996889114	-0.08166221529245377	0.07497729361057281	-0.04814353957772255	0.0029862031806260347	-0.03327608108520508	-0.11444205045700073	0.0047659436240792274	0.013603107072412968	-0.05097266286611557	-0.015266401693224907	-0.026352521032094955	-0.08443218469619751	-0.03778832405805588	-0.06266190111637115	-0.05184037983417511	-0.09949227422475815	-0.05123601853847504	-0.02845887467265129	-0.08347418904304504	-0.10221056640148163	-0.08409161865711212	0.05625427886843681	-0.04349922388792038	-0.011190029792487621	0.08501653373241425	-0.04442061111330986	0.01944071613252163	0.016771839931607246	-0.007248962298035622	-0.07684379816055298	-0.04922841489315033	0.0375390350818634
-0.003464240115135908	0.08831239491701126	-0.1018550843000412	-0.15006157755851746	0.01478763297200203	-0.032335326075553894	0.08015965670347214	-0.01884722337126732	-0.015947559848427773	0.16448166966438293	0.009359411895275116	-0.06761805713176727	-0.028882067650556564	-0.07193989306688309	-0.07250215858221054	0.04543827474117279	-0.015443217009305954	-0.23626163601875305	0.01782657764852047	0.26581284403800964	0.09899436682462692	-0.0811660960316658	0.03123830258846283	-0.20845583081245422	0.1292927861213684	-0.08275807648897171	0.20969314873218536	0.03317504748702049	0.2807557284832001	0.022979537025094032	0.041887007653713226	0.1236206591129303	-0.09564357250928879	-0.09378518164157867	-0.015096466057002544	0.13729622960090637	0.0019495021551847458	-0.08581503480672836	0.06965646892786026	-0.13563735783100128	0.015345461666584015	-0.14986073970794678	0.11783524602651596	-0.1480482965707779	-0.04694536328315735	-0.07334865629673004	0.08888301998376846	0.025236735120415688	-0.05234674736857414	0.24445238709449768	0.06610889732837677	0.2988368570804596	-0.09608327597379684	-0.029729869216680527	-0.01682968996465206	-0.0963536873459816	0.08629350364208221	0.08877281099557877	-0.2548385262489319	0.1682453751564026	-0.01796971820294857	-0.11370789259672165	0.12307143956422806	0.15179064869880676
-0.05415252596139908	-0.09731362015008926	0.05194571241736412	-0.00553659163415432	-0.15175893902778625	-0.012794469483196735	0.0390373170375824	0.004225258249789476	-0.04487108066678047	0.09852460026741028	0.037351448088884354	0.03386569768190384	0.1407393515110016	0.0003388742625247687	-0.15014541149139404	0.014459826052188873	0.057090576738119125	0.10660281032323837	-0.008849105797708035	-0.06075453758239746	0.05968165397644043	-0.024438519030809402	0.004204956814646721	0.08449626713991165	-0.13179434835910797	-0.002134911948814988	-0.07244612276554108	-0.01775633916258812	-0.053626928478479385	0.20001815259456635	-0.020886274054646492	0.017919111996889114	-0.08166221529245377	0.07497729361057281	-0.04814353957772255	0.0029862031806260347	-0.03327608108520508	-0.11444205045700073	0.0047659436240792274	0.013603107072412968	-0.05097266286611557	-0.015266401693224907	-0.026352521032094955	-0.08443218469619751	-0.03778832405805588	-0.06266190111637115	-0.05184037983417511	-0.09949227422475815	-0.05123601853847504	-0.02845887467265129	-0.08347418904304504	-0.10221056640148163	-0.08409161865711212	0.05625427886843681	-0.04349922388792038	-0.011190029792487621	0.08501653373241425	-0.04442061111330986	0.01944071613252163	0.016771839931607246	-0.007248962298035622	-0.07684379816055298	-0.04922841489315033	0.0375390350818634
-0.05415252596139908	-0.09731362015008926	0.05194571241736412	-0.00553659163415432	-0.15175893902778625	-0.012794469483196735	0.0390373170375824	0.004225258249789476	-0.04487108066678047	0.09852460026741028	0.037351448088884354	0.03386569768190384	0.1407393515110016	0.0003388742625247687	-0.15014541149139404	0.014459826052188873	0.057090576738119125	0.10660281032323837	-0.008849105797708035	-0.06075453758239746	0.05968165397644043	-0.024438519030809402	0.004204956814646721	0.08449626713991165	-0.13179434835910797	-0.002134911948814988	-0.07244612276554108	-0.01775633916258812	-0.053626928478479385	0.20001815259456635	-0.020886274054646492	0.017919111996889114	-0.08166221529245377	0.07497729361057281	-0.04814353957772255	0.0029862031806260347	-0.03327608108520508	-0.11444205045700073	0.0047659436240792274	0.013603107072412968	-0.05097266286611557	-0.015266401693224907	-0.026352521032094955	-0.08443218469619751	-0.03778832405805588	-0.06266190111637115	-0.05184037983417511	-0.09949227422475815	-0.05123601853847504	-0.02845887467265129	-0.08347418904304504	-0.10221056640148163	-0.08409161865711212	0.05625427886843681	-0.04349922388792038	-0.011190029792487621	0.08501653373241425	-0.04442061111330986	0.01944071613252163	0.016771839931607246	-0.007248962298035622	-0.07684379816055298	-0.04922841489315033	0.0375390350818634
-0.05415252596139908	-0.09731362015008926	0.05194571241736412	-0.00553659163415432	-0.15175893902778625	-0.012794469483196735	0.0390373170375824	0.004225258249789476	-0.04487108066678047	0.09852460026741028	0.037351448088884354	0.03386569768190384	0.1407393515110016	0.0003388742625247687	-0.15014541149139404	0.014459826052188873	0.057090576738119125	0.10660281032323837	-0.008849105797708035	-0.06075453758239746	0.05968165397644043	-0.024438519030809402	0.004204956814646721	0.08449626713991165	-0.13179434835910797	-0.002134911948814988	-0.07244612276554108	-0.01775633916258812	-0.053626928478479385	0.20001815259456635	-0.020886274054646492	0.017919111996889114	-0.08166221529245377	0.07497729361057281	-0.04814353957772255	0.0029862031806260347	-0.03327608108520508	-0.11444205045700073	0.0047659436240792274	0.013603107072412968	-0.05097266286611557	-0.015266401693224907	-0.026352521032094955	-0.08443218469619751	-0.03778832405805588	-0.06266190111637115	-0.05184037983417511	-0.09949227422475815	-0.05123601853847504	-0.02845887467265129	-0.08347418904304504	-0.10221056640148163	-0.08409161865711212	0.05625427886843681	-0.04349922388792038	-0.011190029792487621	0.08501653373241425	-0.04442061111330986	0.01944071613252163	0.016771839931607246	-0.007248962298035622	-0.07684379816055298	-0.04922841489315033	0.0375390350818634
-0.003464240115135908	0.08831239491701126	-0.1018550843000412	-0.15006157755851746	0.01478763297200203	-0.032335326075553894	0.08015965670347214	-0.01884722337126732	-0.015947559848427773	0.16448166966438293	0.009359411895275116	-0.06761805713176727	-0.028882067650556564	-0.07193989306688309	-0.07250215858221054	0.04543827474117279	-0.015443217009305954	-0.23626163601875305	0.01782657764852047	0.26581284403800964	0.09899436682462692	-0.0811660960316658	0.03123830258846283	-0.20845583081245422	0.1292927861213684	-0.08275807648897171	0.20969314873218536	0.03317504748702049	0.2807557284832001	0.022979537025094032	0.041887007653713226	0.1236206591129303	-0.09564357250928879	-0.09378518164157867	-0.015096466057002544	0.13729622960090637	0.0019495021551847458	-0.08581503480672836	0.06965646892786026	-0.13563735783100128	0.015345461666584015	-0.14986073970794678	0.11783524602651596	-0.1480482965707779	-0.04694536328315735	-0.07334865629673004	0.08888301998376846	0.025236735120415688	-0.05234674736857414	0.24445238709449768	0.06610889732837677	0.2988368570804596	-0.09608327597379684	-0.029729869216680527	-0.01682968996465206	-0.0963536873459816	0.08629350364208221	0.08877281099557877	-0.2548385262489319	0.1682453751564026	-0.01796971820294857	-0.11370789259672165	0.12307143956422806	0.15179064869880676
0.11929653584957123	-0.0013416704023256898	0.06346648931503296	0.07859935611486435	0.18602889776229858	-0.09999958425760269	-0.09204372018575668	-0.07183012366294861	0.02568877674639225	-0.03807350620627403	0.13054995238780975	-0.07965318113565445	-0.29279208183288574	0.17273642122745514	0.3825731575489044	-0.07860445976257324	-0.1594419628381729	-0.19594918191432953	0.35280442237854004	0.07716010510921478	-0.1617400050163269	-0.12103654444217682	0.10447199642658234	0.015289222821593285	0.12317374348640442	0.18608412146568298	-0.1169435977935791	-0.018949195742607117	0.07766702026128769	-0.30611807107925415	0.00857866182923317	-0.08885952085256577	0.2663250267505646	-0.07047044485807419	-0.015217375010251999	-0.04293941333889961	-0.03440077230334282	0.05162651091814041	0.047778308391571045	-0.10578722506761551	0.16154342889785767	0.03795325383543968	0.12309648841619492	0.21467114984989166	-0.13590018451213837	0.15221019089221954	0.013507218100130558	0.13001225888729095	0.22255493700504303	-0.15607072412967682	0.020780721679329872	-0.08676879853010178	0.0879824161529541	-0.2628805339336395	0.14090432226657867	-0.0421048067510128	-0.1764722317457199	-0.07714303582906723	0.012470999732613564	-0.2303338348865509	0.03822740167379379	0.1674206703901291	-0.05803913250565529	0.15890569984912872
-0.05415252596139908	-0.09731362015008926	0.05194571241736412	-0.00553659163415432	-0.15175893902778625	-0.012794469483196735	0.0390373170375824	0.004225258249789476	-0.04487108066678047	0.09852460026741028	0.037351448088884354	0.03386569768190384	0.1407393515110016	0.0003388742625247687	-0.15014541149139404	0.014459826052188873	0.057090576738119125	0.10660281032323837	-0.008849105797708035	-0.06075453758239746	0.05968165397644043	-0.024438519030809402	0.004204956814646721	0.08449626713991165	-0.13179434835910797	-0.002134911948814988	-0.07244612276554108	-0.01775633916258812	-0.053626928478479385	0.20001815259456635	-0.020886274054646492	0.017919111996889114	-0.08166221529245377	0.07497729361057281	-0.04814353957772255	0.0029862031806260347	-0.03327608108520508	-0.11444205045700073	0.0047659436240792274	0.013603107072412968	-0.05097266286611557	-0.015266401693224907	-0.026352521032094955	-0.08443218469619751	-0.03778832405805588	-0.06266190111637115	-0.05184037983417511	-0.09949227422475815	-0.05123601853847504	-0.02845887467265129	-0.08347418904304504	-0.10221056640148163	-0.08409161865711212	0.05625427886843681	-0.04349922388792038	-0.011190029792487621	0.08501653373241425	-0.04442061111330986	0.01944071613252163	0.016771839931607246	-0.007248962298035622	-0.07684379816055298	-0.04922841489315033	0.0375390350818634
-0.05415252596139908	-0.09731362015008926	0.05194571241736412	-0.00553659163415432	-0.15175893902778625	-0.012794469483196735	0.0390373170375824	0.004225258249789476	-0.04487108066678047	0.09852460026741028	0.037351448088884354	0.03386569768190384	0.1407393515110016	0.0003388742625247687	-0.15014541149139404	0.014459826052188873	0.057090576738119125	0.10660281032323837	-0.008849105797708035	-0.06075453758239746	0.05968165397644043	-0.024438519030809402	0.004204956814646721	0.08449626713991165	-0.13179434835910797	-0.002134911948814988	-0.07244612276554108	-0.01775633916258812	-0.053626928478479385	0.20001815259456635	-0.020886274054646492	0.017919111996889114	-0.08166221529245377	0.07497729361057281	-0.04814353957772255	0.0029862031806260347	-0.03327608108520508	-0.11444205045700073	0.0047659436240792274	0.013603107072412968	-0.05097266286611557	-0.015266401693224907	-0.026352521032094955	-0.08443218469619751	-0.03778832405805588	-0.06266190111637115	-0.05184037983417511	-0.09949227422475815	-0.05123601853847504	-0.02845887467265129	-0.08347418904304504	-0.10221056640148163	-0.08409161865711212	0.05625427886843681	-0.04349922388792038	-0.011190029792487621	0.08501653373241425	-0.04442061111330986	0.01944071613252163	0.016771839931607246	-0.007248962298035622	-0.07684379816055298	-0.04922841489315033	0.0375390350818634
-0.07583089172840118	0.1548813134431839	-0.023502053692936897	0.046011991798877716	0.09905874729156494	-0.12846434116363525	-0.09718049317598343	-0.012068027630448341	-0.04282863810658455	-0.24094752967357635	-0.0918889120221138	-0.10374733805656433	-0.013719058595597744	0.07049937546253204	-0.26458147168159485	-0.059393465518951416	-0.2310243546962738	0.25690901279449463	-0.1642841398715973	-0.308129221200943	0.14804935455322266	-0.03844616562128067	-0.21360516548156738	0.16822782158851624	-0.004977526143193245	-0.20785857737064362	0.04563566669821739	-0.03671136125922203	-0.12498302757740021	0.16977311670780182	-0.21586531400680542	0.02378316968679428	0.12950335443019867	-0.021169770509004593	-0.04467152804136276	-0.03388182446360588	0.031493861228227615	0.02039790339767933	0.016703100875020027	-0.023359086364507675	-0.21701589226722717	0.13892368972301483	-0.09431672096252441	0.19872047007083893	0.1997494250535965	0.07444683462381363	-0.1734880805015564	-0.01088742446154356	0.0686965361237526	-0.10892776399850845	-0.020133832469582558	-0.0993184968829155	0.033174555748701096	-0.01112400833517313	0.06416906416416168	0.01721571944653988	-0.12926602363586426	-0.0048854900524020195	0.27416375279426575	0.05699137598276138	0.15242566168308258	0.03750953450798988	0.022052280604839325	-0.037245556712150574
-0.003464240115135908	0.08831239491701126	-0.1018550843000412	-0.15006157755851746	0.01478763297200203	-0.032335326075553894	0.08015965670347214	-0.01884722337126732	-0.015947559848427773	0.16448166966438293	0.009359411895275116	-0.06761805713176727	-0.028882067650556564	-0.07193989306688309	-0.07250215858221054	0.04543827474117279	-0.015443217009305954	-0.23626163601875305	0.01782657764852047	0.26581284403800964	0.09899436682462692	-0.0811660960316658	0.03123830258846283	-0.20845583081245422	0.1292927861213684	-0.08275807648897171	0.20969314873218536	0.03317504748702049	0.2807557284832001	0.022979537025094032	0.041887007653713226	0.1236206591129303	-0.09564357250928879	-0.09378518164157867	-0.015096466057002544	0.13729622960090637	0.0019495021551847458	-0.08581503480672836	0.06965646892786026	-0.13563735783100128	0.015345461666584015	-0.14986073970794678	0.11783524602651596	-0.1480482965707779	-0.04694536328315735	-0.07334865629673004	0.08888301998376846	0.025236735120415688	-0.05234674736857414	0.24445238709449768	0.06610889732837677	0.2988368570804596	-0.09608327597379684	-0.029729869216680527	-0.01682968996465206	-0.0963536873459816	0.08629350364208221	0.08877281099557877	-0.2548385262489319	0.1682453751564026	-0.01796971820294857	-0.11370789259672165	0.12307143956422806	0.15179064869880676
-0.003464240115135908	0.08831239491701126	-0.1018550843000412	-0.15006157755851746	0.01478763297200203	-0.032335326075553894	0.08015965670347214	-0.01884722337126732	-0.015947559848427773	0.16448166966438293	0.009359411895275116	-0.06761805713176727	-0.028882067650556564	-0.07193989306688309	-0.07250215858221054	0.04543827474117279	-0.015443217009305954	-0.23626163601875305	0.01782657764852047	0.26581284403800964	0.09899436682462692	-0.0811660960316658	0.03123830258846283	-0.20845583081245422	0.1292927861213684	-0.08275807648897171	0.20969314873218536	0.03317504748702049	0.2807557284832001	0.022979537025094032	0.041887007653713226	0.1236206591129303	-0.09564357250928879	-0.09378518164157867	-0.015096466057002544	0.13729622960090637	0.0019495021551847458	-0.08581503480672836	0.06965646892786026	-0.13563735783100128	0.015345461666584015	-0.14986073970794678	0.11783524602651596	-0.1480482965707779	-0.04694536328315735	-0.07334865629673004	0.08888301998376846	0.025236735120415688	-0.05234674736857414	0.24445238709449768	0.06610889732837677	0.2988368570804596	-0.09608327597379684	-0.029729869216680527	-0.01682968996465206	-0.0963536873459816	0.08629350364208221	0.08877281099557877	-0.2548385262489319	0.1682453751564026	-0.01796971820294857	-0.11370789259672165	0.12307143956422806	0.15179064869880676
-0.003464240115135908	0.08831239491701126	-0.1018550843000412	-0.15006157755851746	0.01478763297200203	-0.032335326075553894	0.08015965670347214	-0.01884722337126732	-0.015947559848427773	0.16448166966438293	0.009359411895275116	-0.06761805713176727	-0.028882067650556564	-0.07193989306688309	-0.07250215858221054	0.04543827474117279	-0.015443217009305954	-0.23626163601875305	0.01782657764852047	0.26581284403800964	0.09899436682462692	-0.0811660960316658	0.03123830258846283	-0.20845583081245422	0.1292927861213684	-0.08275807648897171	0.20969314873218536	0.03317504748702049	0.2807557284832001	0.022979537025094032	0.041887007653713226	0.1236206591129303	-0.09564357250928879	-0.09378518164157867	-0.015096466057002544	0.13729622960090637	0.0019495021551847458	-0.08581503480672836	0.06965646892786026	-0.13563735783100128	0.015345461666584015	-0.14986073970794678	0.11783524602651596	-0.1480482965707779	-0.04694536328315735	-0.07334865629673004	0.08888301998376846	0.025236735120415688	-0.05234674736857414	0.24445238709449768	0.06610889732837677	0.2988368570804596	-0.09608327597379684	-0.029729869216680527	-0.01682968996465206	-0.0963536873459816	0.08629350364208221	0.08877281099557877	-0.2548385262489319	0.1682453751564026	-0.01796971820294857	-0.11370789259672165	0.12307143956422806	0.15179064869880676
-0.05415252596139908	-0.09731362015008926	0.05194571241736412	-0.00553659163415432	-0.15175893902778625	-0.012794469483196735	0.0390373170375824	0.004225258249789476	-0.04487108066678047	0.09852460026741028	0.037351448088884354	0.03386569768190384	0.1407393515110016	0.0003388742625247687	-0.15014541149139404	0.014459826052188873	0.057090576738119125	0.10660281032323837	-0.008849105797708035	-0.06075453758239746	0.05968165397644043	-0.024438519030809402	0.004204956814646721	0.08449626713991165	-0.13179434835910797	-0.002134911948814988	-0.07244612276554108	-0.01775633916258812	-0.053626928478479385	0.20001815259456635	-0.020886274054646492	0.017919111996889114	-0.08166221529245377	0.07497729361057281	-0.04814353957772255	0.0029862031806260347	-0.03327608108520508	-0.11444205045700073	0.0047659436240792274	0.013603107072412968	-0.05097266286611557	-0.015266401693224907	-0.026352521032094955	-0.08443218469619751	-0.03778832405805588	-0.06266190111637115	-0.05184037983417511	-0.09949227422475815	-0.05123601853847504	-0.02845887467265129	-0.08347418904304504	-0.10221056640148163	-0.08409161865711212	0.05625427886843681	-0.04349922388792038	-0.011190029792487621	0.08501653373241425	-0.04442061111330986	0.01944071613252163	0.016771839931607246	-0.007248962298035622	-0.07684379816055298	-0.04922841489315033	0.0375390350818634
-0.003464240115135908	0.08831239491701126	-0.1018550843000412	-0.15006157755851746	0.01478763297200203	-0.032335326075553894	0.08015965670347214	-0.01884722337126732	-0.015947559848427773	0.16448166966438293	0.009359411895275116	-0.06761805713176727	-0.028882067650556564	-0.07193989306688309	-0.07250215858221054	0.04543827474117279	-0.015443217009305954	-0.23626163601875305	0.01782657764852047	0.26581284403800964	0.09899436682462692	-0.0811660960316658	0.03123830258846283	-0.20845583081245422	0.1292927861213684	-0.08275807648897171	0.20969314873218536	0.03317504748702049	0.2807557284832001	0.022979537025094032	0.041887007653713226	0.1236206591129303	-0.09564357250928879	-0.09378518164157867	-0.015096466057002544	0.13729622960090637	0.0019495021551847458	-0.08581503480672836	0.06965646892786026	-0.13563735783100128	0.015345461666584015	-0.14986073970794678	0.11783524602651596	-0.1480482965707779	-0.04694536328315735	-0.07334865629673004	0.08888301998376846	0.025236735120415688	-0.05234674736857414	0.24445238709449768	0.06610889732837677	0.2988368570804596	-0.09608327597379684	-0.029729869216680527	-0.01682968996465206	-0.0963536873459816	0.08629350364208221	0.08877281099557877	-0.2548385262489319	0.1682453751564026	-0.01796971820294857	-0.11370789259672165	0.12307143956422806	0.15179064869880676
-0.003464240115135908	0.08831239491701126	-0.1018550843000412	-0.15006157755851746	0.01478763297200203	-0.032335326075553894	0.08015965670347214	-0.01884722337126732	-0.015947559848427773	0.16448166966438293	0.009359411895275116	-0.06761805713176727	-0.028882067650556564	-0.07193989306688309	-0.07250215858221054	0.04543827474117279	-0.015443217009305954	-0.23626163601875305	0.01782657764852047	0.26581284403800964	0.09899436682462692	-0.0811660960316658	0.03123830258846283	-0.20845583081245422	0.1292927861213684	-0.08275807648897171	0.20969314873218536	0.03317504748702049	0.2807557284832001	0.022979537025094032	0.041887007653713226	0.1236206591129303	-0.09564357250928879	-0.09378518164157867	-0.015096466057002544	0.13729622960090637	0.0019495021551847458	-0.08581503480672836	0.06965646892786026	-0.13563735783100128	0.015345461666584015	-0.14986073970794678	0.11783524602651596	-0.1480482965707779	-0.04694536328315735	-0.07334865629673004	0.08888301998376846	0.025236735120415688	-0.05234674736857414	0.24445238709449768	0.06610889732837677	0.2988368570804596	-0.09608327597379684	-0.029729869216680527	-0.01682968996465206	-0.0963536873459816	0.08629350364208221	0.08877281099557877	-0.2548385262489319	0.1682453751564026	-0.01796971820294857	-0.11370789259672165	0.12307143956422806	0.15179064869880676
-0.003464240115135908	0.08831239491701126	-0.1018550843000412	-0.15006157755851746	0.01478763297200203	-0.032335326075553894	0.08015965670347214	-0.01884722337126732	-0.015947559848427773	0.16448166966438293	0.009359411895275116	-0.06761805713176727	-0.028882067650556564	-0.07193989306688309	-0.07250215858221054	0.04543827474117279	-0.015443217009305954	-0.23626163601875305	0.01782657764852047	0.26581284403800964	0.09899436682462692	-0.0811660960316658	0.03123830258846283	-0.20845583081245422	0.1292927861213684	-0.08275807648897171	0.20969314873218536	0.03317504748702049	0.2807557284832001	0.022979537025094032	0.041887007653713226	0.1236206591129303	-0.09564357250928879	-0.09378518164157867	-0.015096466057002544	0.13729622960090637	0.0019495021551847458	-0.08581503480672836	0.06965646892786026	-0.13563735783100128	0.015345461666584015	-0.14986073970794678	0.11783524602651596	-0.1480482965707779	-0.04694536328315735	-0.07334865629673004	0.08888301998376846	0.025236735120415688	-0.05234674736857414	0.24445238709449768	0.06610889732837677	0.2988368570804596	-0.09608327597379684	-0.029729869216680527	-0.01682968996465206	-0.0963536873459816	0.08629350364208221	0.08877281099557877	-0.2548385262489319	0.1682453751564026	-0.01796971820294857	-0.11370789259672165	0.12307143956422806	0.15179064869880676
-0.05415252596139908	-0.09731362015008926	0.05194571241736412	-0.00553659163415432	-0.15175893902778625	-0.012794469483196735	0.0390373170375824	0.004225258249789476	-0.04487108066678047	0.09852460026741028	0.037351448088884354	0.03386569768190384	0.1407393515110016	0.0003388742625247687	-0.15014541149139404	0.014459826052188873	0.057090576738119125	0.10660281032323837	-0.008849105797708035	-0.06075453758239746	0.05968165397644043	-0.024438519030809402	0.004204956814646721	0.08449626713991165	-0.13179434835910797	-0.002134911948814988	-0.07244612276554108	-0.01775633916258812	-0.053626928478479385	0.20001815259456635	-0.020886274054646492	0.017919111996889114	-0.08166221529245377	0.07497729361057281	-0.04814353957772255	0.0029862031806260347	-0.03327608108520508	-0.11444205045700073	0.0047659436240792274	0.013603107072412968	-0.05097266286611557	-0.015266401693224907	-0.026352521032094955	-0.08443218469619751	-0.03778832405805588	-0.06266190111637115	-0.05184037983417511	-0.09949227422475815	-0.05123601853847504	-0.02845887467265129	-0.08347418904304504	-0.10221056640148163	-0.08409161865711212	0.05625427886843681	-0.04349922388792038	-0.011190029792487621	0.08501653373241425	-0.04442061111330986	0.01944071613252163	0.016771839931607246	-0.007248962298035622	-0.07684379816055298	-0.04922841489315033	0.0375390350818634
-0.003464240115135908	0.08831239491701126	-0.1018550843000412	-0.15006157755851746	0.01478763297200203	-0.032335326075553894	0.08015965670347214	-0.01884722337126732	-0.015947559848427773	0.16448166966438293	0.009359411895275116	-0.06761805713176727	-0.028882067650556564	-0.07193989306688309	-0.07250215858221054	0.04543827474117279	-0.015443217009305954	-0.23626163601875305	0.01782657764852047	0.26581284403800964	0.09899436682462692	-0.0811660960316658	0.03123830258846283	-0.20845583081245422	0.1292927861213684	-0.08275807648897171	0.20969314873218536	0.03317504748702049	0.2807557284832001	0.022979537025094032	0.041887007653713226	0.1236206591129303	-0.09564357250928879	-0.09378518164157867	-0.015096466057002544	0.13729622960090637	0.0019495021551847458	-0.08581503480672836	0.06965646892786026	-0.13563735783100128	0.015345461666584015	-0.14986073970794678	0.11783524602651596	-0.1480482965707779	-0.04694536328315735	-0.07334865629673004	0.08888301998376846	0.025236735120415688	-0.05234674736857414	0.24445238709449768	0.06610889732837677	0.2988368570804596	-0.09608327597379684	-0.029729869216680527	-0.01682968996465206	-0.0963536873459816	0.08629350364208221	0.08877281099557877	-0.2548385262489319	0.1682453751564026	-0.01796971820294857	-0.11370789259672165	0.12307143956422806	0.15179064869880676
-0.05415252596139908	-0.09731362015008926	0.05194571241736412	-0.00553659163415432	-0.15175893902778625	-0.012794469483196735	0.0390373170375824	0.004225258249789476	-0.04487108066678047	0.09852460026741028	0.037351448088884354	0.03386569768190384	0.1407393515110016	0.0003388742625247687	-0.15014541149139404	0.014459826052188873	0.057090576738119125	0.10660281032323837	-0.008849105797708035	-0.06075453758239746	0.05968165397644043	-0.024438519030809402	0.004204956814646721	0.08449626713991165	-0.13179434835910797	-0.002134911948814988	-0.07244612276554108	-0.01775633916258812	-0.053626928478479385	0.20001815259456635	-0.020886274054646492	0.017919111996889114	-0.08166221529245377	0.07497729361057281	-0.04814353957772255	0.0029862031806260347	-0.03327608108520508	-0.11444205045700073	0.0047659436240792274	0.013603107072412968	-0.05097266286611557	-0.015266401693224907	-0.026352521032094955	-0.08443218469619751	-0.03778832405805588	-0.06266190111637115	-0.05184037983417511	-0.09949227422475815	-0.05123601853847504	-0.02845887467265129	-0.08347418904304504	-0.10221056640148163	-0.08409161865711212	0.05625427886843681	-0.04349922388792038	-0.011190029792487621	0.08501653373241425	-0.04442061111330986	0.01944071613252163	0.016771839931607246	-0.007248962298035622	-0.07684379816055298	-0.04922841489315033	0.0375390350818634
-0.05415252596139908	-0.09731362015008926	0.05194571241736412	-0.00553659163415432	-0.15175893902778625	-0.012794469483196735	0.0390373170375824	0.004225258249789476	-0.04487108066678047	0.09852460026741028	0.037351448088884354	0.03386569768190384	0.1407393515110016	0.0003388742625247687	-0.15014541149139404	0.014459826052188873	0.057090576738119125	0.10660281032323837	-0.008849105797708035	-0.06075453758239746	0.05968165397644043	-0.024438519030809402	0.004204956814646721	0.08449626713991165	-0.13179434835910797	-0.002134911948814988	-0.07244612276554108	-0.01775633916258812	-0.053626928478479385	0.20001815259456635	-0.020886274054646492	0.017919111996889114	-0.08166221529245377	0.07497729361057281	-0.04814353957772255	0.0029862031806260347	-0.03327608108520508	-0.11444205045700073	0.0047659436240792274	0.013603107072412968	-0.05097266286611557	-0.015266401693224907	-0.026352521032094955	-0.08443218469619751	-0.03778832405805588	-0.06266190111637115	-0.05184037983417511	-0.09949227422475815	-0.05123601853847504	-0.02845887467265129	-0.08347418904304504	-0.10221056640148163	-0.08409161865711212	0.05625427886843681	-0.04349922388792038	-0.011190029792487621	0.08501653373241425	-0.04442061111330986	0.01944071613252163	0.016771839931607246	-0.007248962298035622	-0.07684379816055298	-0.04922841489315033	0.0375390350818634
-0.003464240115135908	0.08831239491701126	-0.1018550843000412	-0.15006157755851746	0.01478763297200203	-0.032335326075553894	0.08015965670347214	-0.01884722337126732	-0.015947559848427773	0.16448166966438293	0.009359411895275116	-0.06761805713176727	-0.028882067650556564	-0.07193989306688309	-0.07250215858221054	0.04543827474117279	-0.015443217009305954	-0.23626163601875305	0.01782657764852047	0.26581284403800964	0.09899436682462692	-0.0811660960316658	0.03123830258846283	-0.20845583081245422	0.1292927861213684	-0.08275807648897171	0.20969314873218536	0.03317504748702049	0.2807557284832001	0.022979537025094032	0.041887007653713226	0.1236206591129303	-0.09564357250928879	-0.09378518164157867	-0.015096466057002544	0.13729622960090637	0.0019495021551847458	-0.08581503480672836	0.06965646892786026	-0.13563735783100128	0.015345461666584015	-0.14986073970794678	0.11783524602651596	-0.1480482965707779	-0.04694536328315735	-0.07334865629673004	0.08888301998376846	0.025236735120415688	-0.05234674736857414	0.24445238709449768	0.06610889732837677	0.2988368570804596	-0.09608327597379684	-0.029729869216680527	-0.01682968996465206	-0.0963536873459816	0.08629350364208221	0.08877281099557877	-0.2548385262489319	0.1682453751564026	-0.01796971820294857	-0.11370789259672165	0.12307143956422806	0.15179064869880676
-0.05415252596139908	-0.09731362015008926	0.05194571241736412	-0.00553659163415432	-0.15175893902778625	-0.012794469483196735	0.0390373170375824	0.004225258249789476	-0.04487108066678047	0.09852460026741028	0.037351448088884354	0.03386569768190384	0.1407393515110016	0.0003388742625247687	-0.15014541149139404	0.014459826052188873	0.057090576738119125	0.10660281032323837	-0.008849105797708035	-0.06075453758239746	0.05968165397644043	-0.024438519030809402	0.004204956814646721	0.08449626713991165	-0.13179434835910797	-0.002134911948814988	-0.07244612276554108	-0.01775633916258812	-0.053626928478479385	0.20001815259456635	-0.020886274054646492	0.017919111996889114	-0.08166221529245377	0.07497729361057281	-0.04814353957772255	0.0029862031806260347	-0.03327608108520508	-0.11444205045700073	0.0047659436240792274	0.013603107072412968	-0.05097266286611557	-0.015266401693224907	-0.026352521032094955	-0.08443218469619751	-0.03778832405805588	-0.06266190111637115	-0.05184037983417511	-0.09949227422475815	-0.05123601853847504	-0.02845887467265129	-0.08347418904304504	-0.10221056640148163	-0.08409161865711212	0.05625427886843681	-0.04349922388792038	-0.011190029792487621	0.08501653373241425	-0.04442061111330986	0.01944071613252163	0.016771839931607246	-0.007248962298035622	-0.07684379816055298	-0.04922841489315033	0.0375390350818634
0.08038521558046341	0.0005135754472576082	-0.03376169502735138	0.23375463485717773	0.1294708102941513	0.14429903030395508	-0.07833225280046463	0.06580182909965515	-0.11050254851579666	0.1977536976337433	-0.12655436992645264	-0.30332252383232117	-0.07545731216669083	-0.2094477117061615	0.27855631709098816	0.05201869457960129	-0.21266701817512512	0.06642396748065948	-0.24257884919643402	0.31215059757232666	-0.14309075474739075	0.09932616353034973	0.08049463480710983	0.04576275497674942	0.22676925361156464	0.26980677247047424	-0.007524337153881788	0.31235137581825256	0.1862468272447586	-0.36587899923324585	0.021694915369153023	0.15989486873149872	0.003825615392997861	0.00021981954341754317	-0.04099944978952408	-0.0265986118465662	0.11322177946567535	0.21519088745117188	-0.0234165508300066	0.09166724979877472	0.21209150552749634	0.12371693551540375	0.08245421946048737	0.05577344074845314	0.12155060470104218	-0.11637064814567566	0.18642176687717438	0.16492027044296265	-0.19432726502418518	-0.125377357006073	0.07976943254470825	0.09477081149816513	0.1760140061378479	0.0550137497484684	-0.005199932027608156	-0.07530691474676132	-0.039003636687994	0.03430863097310066	-0.11450127512216568	-0.06632666289806366	0.08638633042573929	-0.14672110974788666	0.10121762752532959	0.058468081057071686
0.08038521558046341	0.0005135754472576082	-0.03376169502735138	0.23375463485717773	0.1294708102941513	0.14429903030395508	-0.07833225280046463	0.06580182909965515	-0.11050254851579666	0.1977536976337433	-0.12655436992645264	-0.30332252383232117	-0.07545731216669083	-0.2094477117061615	0.27855631709098816	0.05201869457960129	-0.21266701817512512	0.06642396748065948	-0.24257884919643402	0.31215059757232666	-0.14309075474739075	0.09932616353034973	0.08049463480710983	0.04576275497674942	0.22676925361156464	0.26980677247047424	-0.007524337153881788	0.31235137581825256	0.1862468272447586	-0.36587899923324585	0.021694915369153023	0.15989486873149872	0.003825615392997861	0.00021981954341754317	-0.04099944978952408	-0.0265986118465662	0.11322177946567535	0.21519088745117188	-0.0234165508300066	0.09166724979877472	0.21209150552749634	0.12371693551540375	0.08245421946048737	0.05577344074845314	0.12155060470104218	-0.11637064814567566	0.18642176687717438	0.16492027044296265	-0.19432726502418518	-0.125377357006073	0.07976943254470825	0.09477081149816513	0.1760140061378479	0.0550137497484684	-0.005199932027608156	-0.07530691474676132	-0.039003636687994	0.03430863097310066	-0.11450127512216568	-0.06632666289806366	0.08638633042573929	-0.14672110974788666	0.10121762752532959	0.058468081057071686
-0.003464240115135908	0.08831239491701126	-0.1018550843000412	-0.15006157755851746	0.01478763297200203	-0.032335326075553894	0.08015965670347214	-0.01884722337126732	-0.015947559848427773	0.16448166966438293	0.009359411895275116	-0.06761805713176727	-0.028882067650556564	-0.07193989306688309	-0.07250215858221054	0.04543827474117279	-0.015443217009305954	-0.23626163601875305	0.01782657764852047	0.26581284403800964	0.09899436682462692	-0.0811660960316658	0.03123830258846283	-0.20845583081245422	0.1292927861213684	-0.08275807648897171	0.20969314873218536	0.03317504748702049	0.2807557284832001	0.022979537025094032	0.041887007653713226	0.1236206591129303	-0.09564357250928879	-0.09378518164157867	-0.015096466057002544	0.13729622960090637	0.0019495021551847458	-0.08581503480672836	0.06965646892786026	-0.13563735783100128	0.015345461666584015	-0.14986073970794678	0.11783524602651596	-0.1480482965707779	-0.04694536328315735	-0.07334865629673004	0.08888301998376846	0.025236735120415688	-0.05234674736857414	0.24445238709449768	0.06610889732837677	0.2988368570804596	-0.09608327597379684	-0.029729869216680527	-0.01682968996465206	-0.0963536873459816	0.08629350364208221	0.08877281099557877	-0.2548385262489319	0.1682453751564026	-0.01796971820294857	-0.11370789259672165	0.12307143956422806	0.15179064869880676
0.07451340556144714	-0.1302158385515213	-0.045159127563238144	-0.07461479306221008	-0.07400742918252945	0.013103063218295574	-0.12426639348268509	-0.12178903818130493	0.03863939642906189	-0.09348297119140625	0.01893361657857895	0.22222331166267395	0.025319594889879227	0.18991588056087494	0.1271955817937851	0.027260133996605873	0.15950407087802887	-0.09192687273025513	0.10910259187221527	-0.09660732001066208	-0.11986425518989563	0.14745497703552246	-0.025035033002495766	-0.1561252325773239	-0.10498674213886261	0.0496516227722168	-0.10097085684537888	-0.201327845454216	-0.14734335243701935	-0.056778136640787125	0.08707039803266525	-0.1442296802997589	0.15687334537506104	0.09631402790546417	0.003906262572854757	-0.040699947625398636	-0.08437643200159073	-0.05379484221339226	-0.07886885851621628	-0.06739917397499084	0.12578672170639038	-0.14818508923053741	-0.024317879229784012	0.0371248722076416	-0.1066737025976181	0.05503492057323456	-0.05130891129374504	0.050206467509269714	0.060299165546894073	0.057288408279418945	-0.03430918976664543	-0.09074319154024124	-0.005368830636143684	0.02087130770087242	-0.01475684903562069	0.21005770564079285	-0.008122469298541546	-0.040997330099344254	-0.07412511110305786	-0.02632245421409607	-0.1914938986301422	0.21789172291755676	-0.05756014212965965	-0.07012733817100525
0.08038521558046341	0.0005135754472576082	-0.03376169502735138	0.23375463485717773	0.1294708102941513	0.14429903030395508	-0.07833225280046463	0.06580182909965515	-0.11050254851579666	0.1977536976337433	-0.12655436992645264	-0.30332252383232117	-0.07545731216669083	-0.2094477117061615	0.27855631709098816	0.05201869457960129	-0.21266701817512512	0.06642396748065948	-0.24257884919643402	0.31215059757232666	-0.14309075474739075	0.09932616353034973	0.08049463480710983	0.04576275497674942	0.22676925361156464	0.26980677247047424	-0.007524337153881788	0.31235137581825256	0.1862468272447586	-0.36587899923324585	0.021694915369153023	0.15989486873149872	0.003825615392997861	0.00021981954341754317	-0.04099944978952408	-0.0265986118465662	0.11322177946567535	0.21519088745117188	-0.0234165508300066	0.09166724979877472	0.21209150552749634	0.12371693551540375	0.08245421946048737	0.05577344074845314	0.12155060470104218	-0.11637064814567566	0.18642176687717438	0.16492027044296265	-0.19432726502418518	-0.125377357006073	0.07976943254470825	0.09477081149816513	0.1760140061378479	0.0550137497484684	-0.005199932027608156	-0.07530691474676132	-0.039003636687994	0.03430863097310066	-0.11450127512216568	-0.06632666289806366	0.08638633042573929	-0.14672110974788666	0.10121762752532959	0.058468081057071686
-0.003464240115135908	0.08831239491701126	-0.1018550843000412	-0.15006157755851746	0.01478763297200203	-0.032335326075553894	0.08015965670347214	-0.01884722337126732	-0.015947559848427773	0.16448166966438293	0.009359411895275116	-0.06761805713176727	-0.028882067650556564	-0.07193989306688309	-0.07250215858221054	0.04543827474117279	-0.015443217009305954	-0.23626163601875305	0.01782657764852047	0.26581284403800964	0.09899436682462692	-0.0811660960316658	0.03123830258846283	-0.20845583081245422	0.1292927861213684	-0.08275807648897171	0.20969314873218536	0.03317504748702049	0.2807557284832001	0.022979537025094032	0.041887007653713226	0.1236206591129303	-0.09564357250928879	-0.09378518164157867	-0.015096466057002544	0.13729622960090637	0.0019495021551847458	-0.08581503480672836	0.06965646892786026	-0.13563735783100128	0.015345461666584015	-0.14986073970794678	0.11783524602651596	-0.1480482965707779	-0.04694536328315735	-0.07334865629673004	0.08888301998376846	0.025236735120415688	-0.05234674736857414	0.24445238709449768	0.06610889732837677	0.2988368570804596	-0.09608327597379684	-0.029729869216680527	-0.01682968996465206	-0.0963536873459816	0.08629350364208221	0.08877281099557877	-0.2548385262489319	0.1682453751564026	-0.01796971820294857	-0.11370789259672165	0.12307143956422806	0.15179064869880676
-0.05415252596139908	-0.09731362015008926	0.05194571241736412	-0.00553659163415432	-0.15175893902778625	-0.012794469483196735	0.0390373170375824	0.004225258249789476	-0.04487108066678047	0.09852460026741028	0.037351448088884354	0.03386569768190384	0.1407393515110016	0.0003388742625247687	-0.15014541149139404	0.014459826052188873	0.057090576738119125	0.10660281032323837	-0.008849105797708035	-0.06075453758239746	0.05968165397644043	-0.024438519030809402	0.004204956814646721	0.08449626713991165	-0.13179434835910797	-0.002134911948814988	-0.07244612276554108	-0.01775633916258812	-0.053626928478479385	0.20001815259456635	-0.020886274054646492	0.017919111996889114	-0.08166221529245377	0.07497729361057281	-0.04814353957772255	0.0029862031806260347	-0.03327608108520508	-0.11444205045700073	0.0047659436240792274	0.013603107072412968	-0.05097266286611557	-0.015266401693224907	-0.026352521032094955	-0.08443218469619751	-0.03778832405805588	-0.06266190111637115	-0.05184037983417511	-0.09949227422475815	-0.05123601853847504	-0.02845887467265129	-0.08347418904304504	-0.10221056640148163	-0.08409161865711212	0.05625427886843681	-0.04349922388792038	-0.011190029792487621	0.08501653373241425	-0.04442061111330986	0.01944071613252163	0.016771839931607246	-0.007248962298035622	-0.07684379816055298	-0.04922841489315033	0.0375390350818634
-0.003464240115135908	0.08831239491701126	-0.1018550843000412	-0.15006157755851746	0.01478763297200203	-0.032335326075553894	0.08015965670347214	-0.01884722337126732	-0.015947559848427773	0.16448166966438293	0.009359411895275116	-0.06761805713176727	-0.028882067650556564	-0.07193989306688309	-0.07250215858221054	0.04543827474117279	-0.015443217009305954	-0.23626163601875305	0.01782657764852047	0.26581284403800964	0.09899436682462692	-0.0811660960316658	0.03123830258846283	-0.20845583081245422	0.1292927861213684	-0.08275807648897171	0.20969314873218536	0.03317504748702049	0.2807557284832001	0.022979537025094032	0.041887007653713226	0.1236206591129303	-0.09564357250928879	-0.09378518164157867	-0.015096466057002544	0.13729622960090637	0.0019495021551847458	-0.08581503480672836	0.06965646892786026	-0.13563735783100128	0.015345461666584015	-0.14986073970794678	0.11783524602651596	-0.1480482965707779	-0.04694536328315735	-0.07334865629673004	0.08888301998376846	0.025236735120415688	-0.05234674736857414	0.24445238709449768	0.06610889732837677	0.2988368570804596	-0.09608327597379684	-0.029729869216680527	-0.01682968996465206	-0.0963536873459816	0.08629350364208221	0.08877281099557877	-0.2548385262489319	0.1682453751564026	-0.01796971820294857	-0.11370789259672165	0.12307143956422806	0.15179064869880676
-0.05415252596139908	-0.09731362015008926	0.05194571241736412	-0.00553659163415432	-0.15175893902778625	-0.012794469483196735	0.0390373170375824	0.004225258249789476	-0.04487108066678047	0.09852460026741028	0.037351448088884354	0.03386569768190384	0.1407393515110016	0.0003388742625247687	-0.15014541149139404	0.014459826052188873	0.057090576738119125	0.10660281032323837	-0.008849105797708035	-0.06075453758239746	0.05968165397644043	-0.024438519030809402	0.004204956814646721	0.08449626713991165	-0.13179434835910797	-0.002134911948814988	-0.07244612276554108	-0.01775633916258812	-0.053626928478479385	0.20001815259456635	-0.020886274054646492	0.017919111996889114	-0.08166221529245377	0.07497729361057281	-0.04814353957772255	0.0029862031806260347	-0.03327608108520508	-0.11444205045700073	0.0047659436240792274	0.013603107072412968	-0.05097266286611557	-0.015266401693224907	-0.026352521032094955	-0.08443218469619751	-0.03778832405805588	-0.06266190111637115	-0.05184037983417511	-0.09949227422475815	-0.05123601853847504	-0.02845887467265129	-0.08347418904304504	-0.10221056640148163	-0.08409161865711212	0.05625427886843681	-0.04349922388792038	-0.011190029792487621	0.08501653373241425	-0.04442061111330986	0.01944071613252163	0.016771839931607246	-0.007248962298035622	-0.07684379816055298	-0.04922841489315033	0.0375390350818634
0.00793988723307848	0.004525001626461744	0.010171172209084034	-0.059145472943782806	0.06937368959188461	0.26912277936935425	-0.020908953621983528	0.11031358689069748	0.12022843956947327	0.04232555627822876	-0.06140780448913574	0.1624724119901657	0.08216725289821625	-0.07121115177869797	0.14113259315490723	0.130079448223114	0.1705837994813919	0.13306933641433716	-0.004423731006681919	0.04356296360492706	-0.09063662588596344	-0.030827030539512634	-0.07730340212583542	0.04391664266586304	0.02886890433728695	0.02367858774960041	0.020472614094614983	0.14174939692020416	-0.11792638152837753	-0.02576540969312191	-0.024155138060450554	0.12228121608495712	-0.2253120243549347	-0.07352866977453232	0.03053237311542034	-0.020261086523532867	-0.009128112345933914	-0.11100992560386658	-0.18924002349376678	0.011733918450772762	0.18220847845077515	0.04910073056817055	-0.10182513296604156	-0.15794627368450165	0.08819806575775146	0.06215694919228554	0.1660492718219757	-0.0007915295427665114	-0.07097276300191879	0.01432794239372015	-0.02735348604619503	-0.03415324538946152	0.019635839387774467	0.025130264461040497	0.04354897886514664	0.04874445125460625	0.12795966863632202	-0.09785152971744537	0.03670186921954155	0.14141295850276947	0.07637135684490204	0.016099970787763596	0.019640333950519562	-0.03407514840364456
-0.05415252596139908	-0.09731362015008926	0.05194571241736412	-0.00553659163415432	-0.15175893902778625	-0.012794469483196735	0.0390373170375824	0.004225258249789476	-0.04487108066678047	0.09852460026741028	0.037351448088884354	0.03386569768190384	0.1407393515110016	0.0003388742625247687	-0.15014541149139404	0.014459826052188873	0.057090576738119125	0.10660281032323837	-0.008849105797708035	-0.06075453758239746	0.05968165397644043	-0.024438519030809402	0.004204956814646721	0.08449626713991165	-0.13179434835910797	-0.002134911948814988	-0.07244612276554108	-0.01775633916258812	-0.053626928478479385	0.20001815259456635	-0.020886274054646492	0.017919111996889114	-0.08166221529245377	0.07497729361057281	-0.04814353957772255	0.0029862031806260347	-0.03327608108520508	-0.11444205045700073	0.0047659436240792274	0.013603107072412968	-0.05097266286611557	-0.015266401693224907	-0.026352521032094955	-0.08443218469619751	-0.03778832405805588	-0.06266190111637115	-0.05184037983417511	-0.09949227422475815	-0.05123601853847504	-0.02845887467265129	-0.08347418904304504	-0.10221056640148163	-0.08409161865711212	0.05625427886843681	-0.04349922388792038	-0.011190029792487621	0.08501653373241425	-0.04442061111330986	0.01944071613252163	0.016771839931607246	-0.007248962298035622	-0.07684379816055298	-0.04922841489315033	0.0375390350818634
-0.003464240115135908	0.08831239491701126	-0.1018550843000412	-0.15006157755851746	0.01478763297200203	-0.032335326075553894	0.08015965670347214	-0.01884722337126732	-0.015947559848427773	0.16448166966438293	0.009359411895275116	-0.06761805713176727	-0.028882067650556564	-0.07193989306688309	-0.07250215858221054	0.04543827474117279	-0.015443217009305954	-0.23626163601875305	0.01782657764852047	0.26581284403800964	0.09899436682462692	-0.0811660960316658	0.03123830258846283	-0.20845583081245422	0.1292927861213684	-0.08275807648897171	0.20969314873218536	0.03317504748702049	0.2807557284832001	0.022979537025094032	0.041887007653713226	0.1236206591129303	-0.09564357250928879	-0.09378518164157867	-0.015096466057002544	0.13729622960090637	0.0019495021551847458	-0.08581503480672836	0.06965646892786026	-0.13563735783100128	0.015345461666584015	-0.14986073970794678	0.11783524602651596	-0.1480482965707779	-0.04694536328315735	-0.07334865629673004	0.08888301998376846	0.025236735120415688	-0.05234674736857414	0.24445238709449768	0.06610889732837677	0.2988368570804596	-0.09608327597379684	-0.029729869216680527	-0.01682968996465206	-0.0963536873459816	0.08629350364208221	0.08877281099557877	-0.2548385262489319	0.1682453751564026	-0.01796971820294857	-0.11370789259672165	0.12307143956422806	0.15179064869880676
-0.003464240115135908	0.08831239491701126	-0.1018550843000412	-0.15006157755851746	0.01478763297200203	-0.032335326075553894	0.08015965670347214	-0.01884722337126732	-0.015947559848427773	0.16448166966438293	0.009359411895275116	-0.06761805713176727	-0.028882067650556564	-0.07193989306688309	-0.07250215858221054	0.04543827474117279	-0.015443217009305954	-0.23626163601875305	0.01782657764852047	0.26581284403800964	0.09899436682462692	-0.0811660960316658	0.03123830258846283	-0.20845583081245422	0.1292927861213684	-0.08275807648897171	0.20969314873218536	0.03317504748702049	0.2807557284832001	0.022979537025094032	0.041887007653713226	0.1236206591129303	-0.09564357250928879	-0.09378518164157867	-0.015096466057002544	0.13729622960090637	0.0019495021551847458	-0.08581503480672836	0.06965646892786026	-0.13563735783100128	0.015345461666584015	-0.14986073970794678	0.11783524602651596	-0.1480482965707779	-0.04694536328315735	-0.07334865629673004	0.08888301998376846	0.025236735120415688	-0.05234674736857414	0.24445238709449768	0.06610889732837677	0.2988368570804596	-0.09608327597379684	-0.029729869216680527	-0.01682968996465206	-0.0963536873459816	0.08629350364208221	0.08877281099557877	-0.2548385262489319	0.1682453751564026	-0.01796971820294857	-0.11370789259672165	0.12307143956422806	0.15179064869880676
-0.003464240115135908	0.08831239491701126	-0.1018550843000412	-0.15006157755851746	0.01478763297200203	-0.032335326075553894	0.08015965670347214	-0.01884722337126732	-0.015947559848427773	0.16448166966438293	0.009359411895275116	-0.06761805713176727	-0.028882067650556564	-0.07193989306688309	-0.07250215858221054	0.04543827474117279	-0.015443217009305954	-0.23626163601875305	0.01782657764852047	0.26581284403800964	0.09899436682462692	-0.0811660960316658	0.03123830258846283	-0.20845583081245422	0.1292927861213684	-0.08275807648897171	0.20969314873218536	0.03317504748702049	0.2807557284832001	0.022979537025094032	0.041887007653713226	0.1236206591129303	-0.09564357250928879	-0.09378518164157867	-0.015096466057002544	0.13729622960090637	0.0019495021551847458	-0.08581503480672836	0.06965646892786026	-0.13563735783100128	0.015345461666584015	-0.14986073970794678	0.11783524602651596	-0.1480482965707779	-0.04694536328315735	-0.07334865629673004	0.08888301998376846	0.025236735120415688	-0.05234674736857414	0.24445238709449768	0.06610889732837677	0.2988368570804596	-0.09608327597379684	-0.029729869216680527	-0.01682968996465206	-0.0963536873459816	0.08629350364208221	0.08877281099557877	-0.2548385262489319	0.1682453751564026	-0.01796971820294857	-0.11370789259672165	0.12307143956422806	0.15179064869880676
-0.05415252596139908	-0.09731362015008926	0.05194571241736412	-0.00553659163415432	-0.15175893902778625	-0.012794469483196735	0.0390373170375824	0.004225258249789476	-0.04487108066678047	0.09852460026741028	0.037351448088884354	0.03386569768190384	0.1407393515110016	0.0003388742625247687	-0.15014541149139404	0.014459826052188873	0.057090576738119125	0.10660281032323837	-0.008849105797708035	-0.06075453758239746	0.05968165397644043	-0.024438519030809402	0.004204956814646721	0.08449626713991165	-0.13179434835910797	-0.002134911948814988	-0.07244612276554108	-0.01775633916258812	-0.053626928478479385	0.20001815259456635	-0.020886274054646492	0.017919111996889114	-0.08166221529245377	0.07497729361057281	-0.04814353957772255	0.0029862031806260347	-0.03327608108520508	-0.11444205045700073	0.0047659436240792274	0.013603107072412968	-0.05097266286611557	-0.015266401693224907	-0.026352521032094955	-0.08443218469619751	-0.03778832405805588	-0.06266190111637115	-0.05184037983417511	-0.09949227422475815	-0.05123601853847504	-0.02845887467265129	-0.08347418904304504	-0.10221056640148163	-0.08409161865711212	0.05625427886843681	-0.04349922388792038	-0.011190029792487621	0.08501653373241425	-0.04442061111330986	0.01944071613252163	0.016771839931607246	-0.007248962298035622	-0.07684379816055298	-0.04922841489315033	0.0375390350818634
-0.003464240115135908	0.08831239491701126	-0.1018550843000412	-0.15006157755851746	0.01478763297200203	-0.032335326075553894	0.08015965670347214	-0.01884722337126732	-0.015947559848427773	0.16448166966438293	0.009359411895275116	-0.06761805713176727	-0.028882067650556564	-0.07193989306688309	-0.07250215858221054	0.04543827474117279	-0.015443217009305954	-0.23626163601875305	0.01782657764852047	0.26581284403800964	0.09899436682462692	-0.0811660960316658	0.03123830258846283	-0.20845583081245422	0.1292927861213684	-0.08275807648897171	0.20969314873218536	0.03317504748702049	0.2807557284832001	0.022979537025094032	0.041887007653713226	0.1236206591129303	-0.09564357250928879	-0.09378518164157867	-0.015096466057002544	0.13729622960090637	0.0019495021551847458	-0.08581503480672836	0.06965646892786026	-0.13563735783100128	0.015345461666584015	-0.14986073970794678	0.11783524602651596	-0.1480482965707779	-0.04694536328315735	-0.07334865629673004	0.08888301998376846	0.025236735120415688	-0.05234674736857414	0.24445238709449768	0.06610889732837677	0.2988368570804596	-0.09608327597379684	-0.029729869216680527	-0.01682968996465206	-0.0963536873459816	0.08629350364208221	0.08877281099557877	-0.2548385262489319	0.1682453751564026	-0.01796971820294857	-0.11370789259672165	0.12307143956422806	0.15179064869880676
-0.05415252596139908	-0.09731362015008926	0.05194571241736412	-0.00553659163415432	-0.15175893902778625	-0.012794469483196735	0.0390373170375824	0.004225258249789476	-0.04487108066678047	0.09852460026741028	0.037351448088884354	0.03386569768190384	0.1407393515110016	0.0003388742625247687	-0.15014541149139404	0.014459826052188873	0.057090576738119125	0.10660281032323837	-0.008849105797708035	-0.06075453758239746	0.05968165397644043	-0.024438519030809402	0.004204956814646721	0.08449626713991165	-0.13179434835910797	-0.002134911948814988	-0.07244612276554108	-0.01775633916258812	-0.053626928478479385	0.20001815259456635	-0.020886274054646492	0.017919111996889114	-0.08166221529245377	0.07497729361057281	-0.04814353957772255	0.0029862031806260347	-0.03327608108520508	-0.11444205045700073	0.0047659436240792274	0.013603107072412968	-0.05097266286611557	-0.015266401693224907	-0.026352521032094955	-0.08443218469619751	-0.03778832405805588	-0.06266190111637115	-0.05184037983417511	-0.09949227422475815	-0.05123601853847504	-0.02845887467265129	-0.08347418904304504	-0.10221056640148163	-0.08409161865711212	0.05625427886843681	-0.04349922388792038	-0.011190029792487621	0.08501653373241425	-0.04442061111330986	0.01944071613252163	0.016771839931607246	-0.007248962298035622	-0.07684379816055298	-0.04922841489315033	0.0375390350818634
-0.05415252596139908	-0.09731362015008926	0.05194571241736412	-0.00553659163415432	-0.15175893902778625	-0.012794469483196735	0.0390373170375824	0.004225258249789476	-0.04487108066678047	0.09852460026741028	0.037351448088884354	0.03386569768190384	0.1407393515110016	0.0003388742625247687	-0.15014541149139404	0.014459826052188873	0.057090576738119125	0.10660281032323837	-0.008849105797708035	-0.06075453758239746	0.05968165397644043	-0.024438519030809402	0.004204956814646721	0.08449626713991165	-0.13179434835910797	-0.002134911948814988	-0.07244612276554108	-0.01775633916258812	-0.053626928478479385	0.20001815259456635	-0.020886274054646492	0.017919111996889114	-0.08166221529245377	0.07497729361057281	-0.04814353957772255	0.0029862031806260347	-0.03327608108520508	-0.11444205045700073	0.0047659436240792274	0.013603107072412968	-0.05097266286611557	-0.015266401693224907	-0.026352521032094955	-0.08443218469619751	-0.03778832405805588	-0.06266190111637115	-0.05184037983417511	-0.09949227422475815	-0.05123601853847504	-0.02845887467265129	-0.08347418904304504	-0.10221056640148163	-0.08409161865711212	0.05625427886843681	-0.04349922388792038	-0.011190029792487621	0.08501653373241425	-0.04442061111330986	0.01944071613252163	0.016771839931607246	-0.007248962298035622	-0.07684379816055298	-0.04922841489315033	0.0375390350818634
-0.003464240115135908	0.08831239491701126	-0.1018550843000412	-0.15006157755851746	0.01478763297200203	-0.032335326075553894	0.08015965670347214	-0.01884722337126732	-0.015947559848427773	0.16448166966438293	0.009359411895275116	-0.06761805713176727	-0.028882067650556564	-0.07193989306688309	-0.07250215858221054	0.04543827474117279	-0.015443217009305954	-0.23626163601875305	0.01782657764852047	0.26581284403800964	0.09899436682462692	-0.0811660960316658	0.03123830258846283	-0.20845583081245422	0.1292927861213684	-0.08275807648897171	0.20969314873218536	0.03317504748702049	0.2807557284832001	0.022979537025094032	0.041887007653713226	0.1236206591129303	-0.09564357250928879	-0.09378518164157867	-0.015096466057002544	0.13729622960090637	0.0019495021551847458	-0.08581503480672836	0.06965646892786026	-0.13563735783100128	0.015345461666584015	-0.14986073970794678	0.11783524602651596	-0.1480482965707779	-0.04694536328315735	-0.07334865629673004	0.08888301998376846	0.025236735120415688	-0.05234674736857414	0.24445238709449768	0.06610889732837677	0.2988368570804596	-0.09608327597379684	-0.029729869216680527	-0.01682968996465206	-0.0963536873459816	0.08629350364208221	0.08877281099557877	-0.2548385262489319	0.1682453751564026	-0.01796971820294857	-0.11370789259672165	0.12307143956422806	0.15179064869880676
-0.07583089172840118	0.1548813134431839	-0.023502053692936897	0.046011991798877716	0.09905874729156494	-0.12846434116363525	-0.09718049317598343	-0.012068027630448341	-0.04282863810658455	-0.24094752967357635	-0.0918889120221138	-0.10374733805656433	-0.013719058595597744	0.07049937546253204	-0.26458147168159485	-0.059393465518951416	-0.2310243546962738	0.25690901279449463	-0.1642841398715973	-0.308129221200943	0.14804935455322266	-0.03844616562128067	-0.21360516548156738	0.16822782158851624	-0.004977526143193245	-0.20785857737064362	0.04563566669821739	-0.03671136125922203	-0.12498302757740021	0.16977311670780182	-0.21586531400680542	0.02378316968679428	0.12950335443019867	-0.021169770509004593	-0.04467152804136276	-0.03388182446360588	0.031493861228227615	0.02039790339767933	0.016703100875020027	-0.023359086364507675	-0.21701589226722717	0.13892368972301483	-0.09431672096252441	0.19872047007083893	0.1997494250535965	0.07444683462381363	-0.1734880805015564	-0.01088742446154356	0.0686965361237526	-0.10892776399850845	-0.020133832469582558	-0.0993184968829155	0.033174555748701096	-0.01112400833517313	0.06416906416416168	0.01721571944653988	-0.12926602363586426	-0.0048854900524020195	0.27416375279426575	0.05699137598276138	0.15242566168308258	0.03750953450798988	0.022052280604839325	-0.037245556712150574
-0.003464240115135908	0.08831239491701126	-0.1018550843000412	-0.15006157755851746	0.01478763297200203	-0.032335326075553894	0.08015965670347214	-0.01884722337126732	-0.015947559848427773	0.16448166966438293	0.009359411895275116	-0.06761805713176727	-0.028882067650556564	-0.07193989306688309	-0.07250215858221054	0.04543827474117279	-0.015443217009305954	-0.23626163601875305	0.01782657764852047	0.26581284403800964	0.09899436682462692	-0.0811660960316658	0.03123830258846283	-0.20845583081245422	0.1292927861213684	-0.08275807648897171	0.20969314873218536	0.03317504748702049	0.2807557284832001	0.022979537025094032	0.041887007653713226	0.1236206591129303	-0.09564357250928879	-0.09378518164157867	-0.015096466057002544	0.13729622960090637	0.0019495021551847458	-0.08581503480672836	0.06965646892786026	-0.13563735783100128	0.015345461666584015	-0.14986073970794678	0.11783524602651596	-0.1480482965707779	-0.04694536328315735	-0.07334865629673004	0.08888301998376846	0.025236735120415688	-0.05234674736857414	0.24445238709449768	0.06610889732837677	0.2988368570804596	-0.09608327597379684	-0.029729869216680527	-0.01682968996465206	-0.0963536873459816	0.08629350364208221	0.08877281099557877	-0.2548385262489319	0.1682453751564026	-0.01796971820294857	-0.11370789259672165	0.12307143956422806	0.15179064869880676
-0.003464240115135908	0.08831239491701126	-0.1018550843000412	-0.15006157755851746	0.01478763297200203	-0.032335326075553894	0.08015965670347214	-0.01884722337126732	-0.015947559848427773	0.16448166966438293	0.009359411895275116	-0.06761805713176727	-0.028882067650556564	-0.07193989306688309	-0.07250215858221054	0.04543827474117279	-0.015443217009305954	-0.23626163601875305	0.01782657764852047	0.26581284403800964	0.09899436682462692	-0.0811660960316658	0.03123830258846283	-0.20845583081245422	0.1292927861213684	-0.08275807648897171	0.20969314873218536	0.03317504748702049	0.2807557284832001	0.022979537025094032	0.041887007653713226	0.1236206591129303	-0.09564357250928879	-0.09378518164157867	-0.015096466057002544	0.13729622960090637	0.0019495021551847458	-0.08581503480672836	0.06965646892786026	-0.13563735783100128	0.015345461666584015	-0.14986073970794678	0.11783524602651596	-0.1480482965707779	-0.04694536328315735	-0.07334865629673004	0.08888301998376846	0.025236735120415688	-0.05234674736857414	0.24445238709449768	0.06610889732837677	0.2988368570804596	-0.09608327597379684	-0.029729869216680527	-0.01682968996465206	-0.0963536873459816	0.08629350364208221	0.08877281099557877	-0.2548385262489319	0.1682453751564026	-0.01796971820294857	-0.11370789259672165	0.12307143956422806	0.15179064869880676
-0.003464240115135908	0.08831239491701126	-0.1018550843000412	-0.15006157755851746	0.01478763297200203	-0.032335326075553894	0.08015965670347214	-0.01884722337126732	-0.015947559848427773	0.16448166966438293	0.009359411895275116	-0.06761805713176727	-0.028882067650556564	-0.07193989306688309	-0.07250215858221054	0.04543827474117279	-0.015443217009305954	-0.23626163601875305	0.01782657764852047	0.26581284403800964	0.09899436682462692	-0.0811660960316658	0.03123830258846283	-0.20845583081245422	0.1292927861213684	-0.08275807648897171	0.20969314873218536	0.03317504748702049	0.2807557284832001	0.022979537025094032	0.041887007653713226	0.1236206591129303	-0.09564357250928879	-0.09378518164157867	-0.015096466057002544	0.13729622960090637	0.0019495021551847458	-0.08581503480672836	0.06965646892786026	-0.13563735783100128	0.015345461666584015	-0.14986073970794678	0.11783524602651596	-0.1480482965707779	-0.04694536328315735	-0.07334865629673004	0.08888301998376846	0.025236735120415688	-0.05234674736857414	0.24445238709449768	0.06610889732837677	0.2988368570804596	-0.09608327597379684	-0.029729869216680527	-0.01682968996465206	-0.0963536873459816	0.08629350364208221	0.08877281099557877	-0.2548385262489319	0.1682453751564026	-0.01796971820294857	-0.11370789259672165	0.12307143956422806	0.15179064869880676
-0.07583089172840118	0.1548813134431839	-0.023502053692936897	0.046011991798877716	0.09905874729156494	-0.12846434116363525	-0.09718049317598343	-0.012068027630448341	-0.04282863810658455	-0.24094752967357635	-0.0918889120221138	-0.10374733805656433	-0.013719058595597744	0.07049937546253204	-0.26458147168159485	-0.059393465518951416	-0.2310243546962738	0.25690901279449463	-0.1642841398715973	-0.308129221200943	0.14804935455322266	-0.03844616562128067	-0.21360516548156738	0.16822782158851624	-0.004977526143193245	-0.20785857737064362	0.04563566669821739	-0.03671136125922203	-0.12498302757740021	0.16977311670780182	-0.21586531400680542	0.02378316968679428	0.12950335443019867	-0.021169770509004593	-0.04467152804136276	-0.03388182446360588	0.031493861228227615	0.02039790339767933	0.016703100875020027	-0.023359086364507675	-0.21701589226722717	0.13892368972301483	-0.09431672096252441	0.19872047007083893	0.1997494250535965	0.07444683462381363	-0.1734880805015564	-0.01088742446154356	0.0686965361237526	-0.10892776399850845	-0.020133832469582558	-0.0993184968829155	0.033174555748701096	-0.01112400833517313	0.06416906416416168	0.01721571944653988	-0.12926602363586426	-0.0048854900524020195	0.27416375279426575	0.05699137598276138	0.15242566168308258	0.03750953450798988	0.022052280604839325	-0.037245556712150574
-0.003464240115135908	0.08831239491701126	-0.1018550843000412	-0.15006157755851746	0.01478763297200203	-0.032335326075553894	0.08015965670347214	-0.01884722337126732	-0.015947559848427773	0.16448166966438293	0.009359411895275116	-0.06761805713176727	-0.028882067650556564	-0.07193989306688309	-0.07250215858221054	0.04543827474117279	-0.015443217009305954	-0.23626163601875305	0.01782657764852047	0.26581284403800964	0.09899436682462692	-0.0811660960316658	0.03123830258846283	-0.20845583081245422	0.1292927861213684	-0.08275807648897171	0.20969314873218536	0.03317504748702049	0.2807557284832001	0.022979537025094032	0.041887007653713226	0.1236206591129303	-0.09564357250928879	-0.09378518164157867	-0.015096466057002544	0.13729622960090637	0.0019495021551847458	-0.08581503480672836	0.06965646892786026	-0.13563735783100128	0.015345461666584015	-0.14986073970794678	0.11783524602651596	-0.1480482965707779	-0.04694536328315735	-0.07334865629673004	0.08888301998376846	0.025236735120415688	-0.05234674736857414	0.24445238709449768	0.06610889732837677	0.2988368570804596	-0.09608327597379684	-0.029729869216680527	-0.01682968996465206	-0.0963536873459816	0.08629350364208221	0.08877281099557877	-0.2548385262489319	0.1682453751564026	-0.01796971820294857	-0.11370789259672165	0.12307143956422806	0.15179064869880676
-0.003464240115135908	0.08831239491701126	-0.1018550843000412	-0.15006157755851746	0.01478763297200203	-0.032335326075553894	0.08015965670347214	-0.01884722337126732	-0.015947559848427773	0.16448166966438293	0.009359411895275116	-0.06761805713176727	-0.028882067650556564	-0.07193989306688309	-0.07250215858221054	0.04543827474117279	-0.015443217009305954	-0.23626163601875305	0.01782657764852047	0.26581284403800964	0.09899436682462692	-0.0811660960316658	0.03123830258846283	-0.20845583081245422	0.1292927861213684	-0.08275807648897171	0.20969314873218536	0.03317504748702049	0.2807557284832001	0.022979537025094032	0.041887007653713226	0.1236206591129303	-0.09564357250928879	-0.09378518164157867	-0.015096466057002544	0.13729622960090637	0.0019495021551847458	-0.08581503480672836	0.06965646892786026	-0.13563735783100128	0.015345461666584015	-0.14986073970794678	0.11783524602651596	-0.1480482965707779	-0.04694536328315735	-0.07334865629673004	0.08888301998376846	0.025236735120415688	-0.05234674736857414	0.24445238709449768	0.06610889732837677	0.2988368570804596	-0.09608327597379684	-0.029729869216680527	-0.01682968996465206	-0.0963536873459816	0.08629350364208221	0.08877281099557877	-0.2548385262489319	0.1682453751564026	-0.01796971820294857	-0.11370789259672165	0.12307143956422806	0.15179064869880676
-0.05415252596139908	-0.09731362015008926	0.05194571241736412	-0.00553659163415432	-0.15175893902778625	-0.012794469483196735	0.0390373170375824	0.004225258249789476	-0.04487108066678047	0.09852460026741028	0.037351448088884354	0.03386569768190384	0.1407393515110016	0.0003388742625247687	-0.15014541149139404	0.014459826052188873	0.057090576738119125	0.10660281032323837	-0.008849105797708035	-0.06075453758239746	0.05968165397644043	-0.024438519030809402	0.004204956814646721	0.08449626713991165	-0.13179434835910797	-0.002134911948814988	-0.07244612276554108	-0.01775633916258812	-0.053626928478479385	0.20001815259456635	-0.020886274054646492	0.017919111996889114	-0.08166221529245377	0.07497729361057281	-0.04814353957772255	0.0029862031806260347	-0.03327608108520508	-0.11444205045700073	0.0047659436240792274	0.013603107072412968	-0.05097266286611557	-0.015266401693224907	-0.026352521032094955	-0.08443218469619751	-0.03778832405805588	-0.06266190111637115	-0.05184037983417511	-0.09949227422475815	-0.05123601853847504	-0.02845887467265129	-0.08347418904304504	-0.10221056640148163	-0.08409161865711212	0.05625427886843681	-0.04349922388792038	-0.011190029792487621	0.08501653373241425	-0.04442061111330986	0.01944071613252163	0.016771839931607246	-0.007248962298035622	-0.07684379816055298	-0.04922841489315033	0.0375390350818634
-0.003464240115135908	0.08831239491701126	-0.1018550843000412	-0.15006157755851746	0.01478763297200203	-0.032335326075553894	0.08015965670347214	-0.01884722337126732	-0.015947559848427773	0.16448166966438293	0.009359411895275116	-0.06761805713176727	-0.028882067650556564	-0.07193989306688309	-0.07250215858221054	0.04543827474117279	-0.015443217009305954	-0.23626163601875305	0.01782657764852047	0.26581284403800964	0.09899436682462692	-0.0811660960316658	0.03123830258846283	-0.20845583081245422	0.1292927861213684	-0.08275807648897171	0.20969314873218536	0.03317504748702049	0.2807557284832001	0.022979537025094032	0.041887007653713226	0.1236206591129303	-0.09564357250928879	-0.09378518164157867	-0.015096466057002544	0.13729622960090637	0.0019495021551847458	-0.08581503480672836	0.06965646892786026	-0.13563735783100128	0.015345461666584015	-0.14986073970794678	0.11783524602651596	-0.1480482965707779	-0.04694536328315735	-0.07334865629673004	0.08888301998376846	0.025236735120415688	-0.05234674736857414	0.24445238709449768	0.06610889732837677	0.2988368570804596	-0.09608327597379684	-0.029729869216680527	-0.01682968996465206	-0.0963536873459816	0.08629350364208221	0.08877281099557877	-0.2548385262489319	0.1682453751564026	-0.01796971820294857	-0.11370789259672165	0.12307143956422806	0.15179064869880676
-0.07583089172840118	0.1548813134431839	-0.023502053692936897	0.046011991798877716	0.09905874729156494	-0.12846434116363525	-0.09718049317598343	-0.012068027630448341	-0.04282863810658455	-0.24094752967357635	-0.0918889120221138	-0.10374733805656433	-0.013719058595597744	0.07049937546253204	-0.26458147168159485	-0.059393465518951416	-0.2310243546962738	0.25690901279449463	-0.1642841398715973	-0.308129221200943	0.14804935455322266	-0.03844616562128067	-0.21360516548156738	0.16822782158851624	-0.004977526143193245	-0.20785857737064362	0.04563566669821739	-0.03671136125922203	-0.12498302757740021	0.16977311670780182	-0.21586531400680542	0.02378316968679428	0.12950335443019867	-0.021169770509004593	-0.04467152804136276	-0.03388182446360588	0.031493861228227615	0.02039790339767933	0.016703100875020027	-0.023359086364507675	-0.21701589226722717	0.13892368972301483	-0.09431672096252441	0.19872047007083893	0.1997494250535965	0.07444683462381363	-0.1734880805015564	-0.01088742446154356	0.0686965361237526	-0.10892776399850845	-0.020133832469582558	-0.0993184968829155	0.033174555748701096	-0.01112400833517313	0.06416906416416168	0.01721571944653988	-0.12926602363586426	-0.0048854900524020195	0.27416375279426575	0.05699137598276138	0.15242566168308258	0.03750953450798988	0.022052280604839325	-0.037245556712150574
-0.05415252596139908	-0.09731362015008926	0.05194571241736412	-0.00553659163415432	-0.15175893902778625	-0.012794469483196735	0.0390373170375824	0.004225258249789476	-0.04487108066678047	0.09852460026741028	0.037351448088884354	0.03386569768190384	0.1407393515110016	0.0003388742625247687	-0.15014541149139404	0.014459826052188873	0.057090576738119125	0.10660281032323837	-0.008849105797708035	-0.06075453758239746	0.05968165397644043	-0.024438519030809402	0.004204956814646721	0.08449626713991165	-0.13179434835910797	-0.002134911948814988	-0.07244612276554108	-0.01775633916258812	-0.053626928478479385	0.20001815259456635	-0.020886274054646492	0.017919111996889114	-0.08166221529245377	0.07497729361057281	-0.04814353957772255	0.0029862031806260347	-0.03327608108520508	-0.11444205045700073	0.0047659436240792274	0.013603107072412968	-0.05097266286611557	-0.015266401693224907	-0.026352521032094955	-0.08443218469619751	-0.03778832405805588	-0.06266190111637115	-0.05184037983417511	-0.09949227422475815	-0.05123601853847504	-0.02845887467265129	-0.08347418904304504	-0.10221056640148163	-0.08409161865711212	0.05625427886843681	-0.04349922388792038	-0.011190029792487621	0.08501653373241425	-0.04442061111330986	0.01944071613252163	0.016771839931607246	-0.007248962298035622	-0.07684379816055298	-0.04922841489315033	0.0375390350818634
-0.003464240115135908	0.08831239491701126	-0.1018550843000412	-0.15006157755851746	0.01478763297200203	-0.032335326075553894	0.08015965670347214	-0.01884722337126732	-0.015947559848427773	0.16448166966438293	0.009359411895275116	-0.06761805713176727	-0.028882067650556564	-0.07193989306688309	-0.07250215858221054	0.04543827474117279	-0.015443217009305954	-0.23626163601875305	0.01782657764852047	0.26581284403800964	0.09899436682462692	-0.0811660960316658	0.03123830258846283	-0.20845583081245422	0.1292927861213684	-0.08275807648897171	0.20969314873218536	0.03317504748702049	0.2807557284832001	0.022979537025094032	0.041887007653713226	0.1236206591129303	-0.09564357250928879	-0.09378518164157867	-0.015096466057002544	0.13729622960090637	0.0019495021551847458	-0.08581503480672836	0.06965646892786026	-0.13563735783100128	0.015345461666584015	-0.14986073970794678	0.11783524602651596	-0.1480482965707779	-0.04694536328315735	-0.07334865629673004	0.08888301998376846	0.025236735120415688	-0.05234674736857414	0.24445238709449768	0.06610889732837677	0.2988368570804596	-0.09608327597379684	-0.029729869216680527	-0.01682968996465206	-0.0963536873459816	0.08629350364208221	0.08877281099557877	-0.2548385262489319	0.1682453751564026	-0.01796971820294857	-0.11370789259672165	0.12307143956422806	0.15179064869880676
-0.003464240115135908	0.08831239491701126	-0.1018550843000412	-0.15006157755851746	0.01478763297200203	-0.032335326075553894	0.08015965670347214	-0.01884722337126732	-0.015947559848427773	0.16448166966438293	0.009359411895275116	-0.06761805713176727	-0.028882067650556564	-0.07193989306688309	-0.07250215858221054	0.04543827474117279	-0.015443217009305954	-0.23626163601875305	0.01782657764852047	0.26581284403800964	0.09899436682462692	-0.0811660960316658	0.03123830258846283	-0.20845583081245422	0.1292927861213684	-0.08275807648897171	0.20969314873218536	0.03317504748702049	0.2807557284832001	0.022979537025094032	0.041887007653713226	0.1236206591129303	-0.09564357250928879	-0.09378518164157867	-0.015096466057002544	0.13729622960090637	0.0019495021551847458	-0.08581503480672836	0.06965646892786026	-0.13563735783100128	0.015345461666584015	-0.14986073970794678	0.11783524602651596	-0.1480482965707779	-0.04694536328315735	-0.07334865629673004	0.08888301998376846	0.025236735120415688	-0.05234674736857414	0.24445238709449768	0.06610889732837677	0.2988368570804596	-0.09608327597379684	-0.029729869216680527	-0.01682968996465206	-0.0963536873459816	0.08629350364208221	0.08877281099557877	-0.2548385262489319	0.1682453751564026	-0.01796971820294857	-0.11370789259672165	0.12307143956422806	0.15179064869880676
-0.05415252596139908	-0.09731362015008926	0.05194571241736412	-0.00553659163415432	-0.15175893902778625	-0.012794469483196735	0.0390373170375824	0.004225258249789476	-0.04487108066678047	0.09852460026741028	0.037351448088884354	0.03386569768190384	0.1407393515110016	0.0003388742625247687	-0.15014541149139404	0.014459826052188873	0.057090576738119125	0.10660281032323837	-0.008849105797708035	-0.06075453758239746	0.05968165397644043	-0.024438519030809402	0.004204956814646721	0.08449626713991165	-0.13179434835910797	-0.002134911948814988	-0.07244612276554108	-0.01775633916258812	-0.053626928478479385	0.20001815259456635	-0.020886274054646492	0.017919111996889114	-0.08166221529245377	0.07497729361057281	-0.04814353957772255	0.0029862031806260347	-0.03327608108520508	-0.11444205045700073	0.0047659436240792274	0.013603107072412968	-0.05097266286611557	-0.015266401693224907	-0.026352521032094955	-0.08443218469619751	-0.03778832405805588	-0.06266190111637115	-0.05184037983417511	-0.09949227422475815	-0.05123601853847504	-0.02845887467265129	-0.08347418904304504	-0.10221056640148163	-0.08409161865711212	0.05625427886843681	-0.04349922388792038	-0.011190029792487621	0.08501653373241425	-0.04442061111330986	0.01944071613252163	0.016771839931607246	-0.007248962298035622	-0.07684379816055298	-0.04922841489315033	0.0375390350818634
-0.003464240115135908	0.08831239491701126	-0.1018550843000412	-0.15006157755851746	0.01478763297200203	-0.032335326075553894	0.08015965670347214	-0.01884722337126732	-0.015947559848427773	0.16448166966438293	0.009359411895275116	-0.06761805713176727	-0.028882067650556564	-0.07193989306688309	-0.07250215858221054	0.04543827474117279	-0.015443217009305954	-0.23626163601875305	0.01782657764852047	0.26581284403800964	0.09899436682462692	-0.0811660960316658	0.03123830258846283	-0.20845583081245422	0.1292927861213684	-0.08275807648897171	0.20969314873218536	0.03317504748702049	0.2807557284832001	0.022979537025094032	0.041887007653713226	0.1236206591129303	-0.09564357250928879	-0.09378518164157867	-0.015096466057002544	0.13729622960090637	0.0019495021551847458	-0.08581503480672836	0.06965646892786026	-0.13563735783100128	0.015345461666584015	-0.14986073970794678	0.11783524602651596	-0.1480482965707779	-0.04694536328315735	-0.07334865629673004	0.08888301998376846	0.025236735120415688	-0.05234674736857414	0.24445238709449768	0.06610889732837677	0.2988368570804596	-0.09608327597379684	-0.029729869216680527	-0.01682968996465206	-0.0963536873459816	0.08629350364208221	0.08877281099557877	-0.2548385262489319	0.1682453751564026	-0.01796971820294857	-0.11370789259672165	0.12307143956422806	0.15179064869880676
-0.05415252596139908	-0.09731362015008926	0.05194571241736412	-0.00553659163415432	-0.15175893902778625	-0.012794469483196735	0.0390373170375824	0.004225258249789476	-0.04487108066678047	0.09852460026741028	0.037351448088884354	0.03386569768190384	0.1407393515110016	0.0003388742625247687	-0.15014541149139404	0.014459826052188873	0.057090576738119125	0.10660281032323837	-0.008849105797708035	-0.06075453758239746	0.05968165397644043	-0.024438519030809402	0.004204956814646721	0.08449626713991165	-0.13179434835910797	-0.002134911948814988	-0.07244612276554108	-0.01775633916258812	-0.053626928478479385	0.20001815259456635	-0.020886274054646492	0.017919111996889114	-0.08166221529245377	0.07497729361057281	-0.04814353957772255	0.0029862031806260347	-0.03327608108520508	-0.11444205045700073	0.0047659436240792274	0.013603107072412968	-0.05097266286611557	-0.015266401693224907	-0.026352521032094955	-0.08443218469619751	-0.03778832405805588	-0.06266190111637115	-0.05184037983417511	-0.09949227422475815	-0.05123601853847504	-0.02845887467265129	-0.08347418904304504	-0.10221056640148163	-0.08409161865711212	0.05625427886843681	-0.04349922388792038	-0.011190029792487621	0.08501653373241425	-0.04442061111330986	0.01944071613252163	0.016771839931607246	-0.007248962298035622	-0.07684379816055298	-0.04922841489315033	0.0375390350818634
-0.003464240115135908	0.08831239491701126	-0.1018550843000412	-0.15006157755851746	0.01478763297200203	-0.032335326075553894	0.08015965670347214	-0.01884722337126732	-0.015947559848427773	0.16448166966438293	0.009359411895275116	-0.06761805713176727	-0.028882067650556564	-0.07193989306688309	-0.07250215858221054	0.04543827474117279	-0.015443217009305954	-0.23626163601875305	0.01782657764852047	0.26581284403800964	0.09899436682462692	-0.0811660960316658	0.03123830258846283	-0.20845583081245422	0.1292927861213684	-0.08275807648897171	0.20969314873218536	0.03317504748702049	0.2807557284832001	0.022979537025094032	0.041887007653713226	0.1236206591129303	-0.09564357250928879	-0.09378518164157867	-0.015096466057002544	0.13729622960090637	0.0019495021551847458	-0.08581503480672836	0.06965646892786026	-0.13563735783100128	0.015345461666584015	-0.14986073970794678	0.11783524602651596	-0.1480482965707779	-0.04694536328315735	-0.07334865629673004	0.08888301998376846	0.025236735120415688	-0.05234674736857414	0.24445238709449768	0.06610889732837677	0.2988368570804596	-0.09608327597379684	-0.029729869216680527	-0.01682968996465206	-0.0963536873459816	0.08629350364208221	0.08877281099557877	-0.2548385262489319	0.1682453751564026	-0.01796971820294857	-0.11370789259672165	0.12307143956422806	0.15179064869880676
-0.05415252596139908	-0.09731362015008926	0.05194571241736412	-0.00553659163415432	-0.15175893902778625	-0.012794469483196735	0.0390373170375824	0.004225258249789476	-0.04487108066678047	0.09852460026741028	0.037351448088884354	0.03386569768190384	0.1407393515110016	0.0003388742625247687	-0.15014541149139404	0.014459826052188873	0.057090576738119125	0.10660281032323837	-0.008849105797708035	-0.06075453758239746	0.05968165397644043	-0.024438519030809402	0.004204956814646721	0.08449626713991165	-0.13179434835910797	-0.002134911948814988	-0.07244612276554108	-0.01775633916258812	-0.053626928478479385	0.20001815259456635	-0.020886274054646492	0.017919111996889114	-0.08166221529245377	0.07497729361057281	-0.04814353957772255	0.0029862031806260347	-0.03327608108520508	-0.11444205045700073	0.0047659436240792274	0.013603107072412968	-0.05097266286611557	-0.015266401693224907	-0.026352521032094955	-0.08443218469619751	-0.03778832405805588	-0.06266190111637115	-0.05184037983417511	-0.09949227422475815	-0.05123601853847504	-0.02845887467265129	-0.08347418904304504	-0.10221056640148163	-0.08409161865711212	0.05625427886843681	-0.04349922388792038	-0.011190029792487621	0.08501653373241425	-0.04442061111330986	0.01944071613252163	0.016771839931607246	-0.007248962298035622	-0.07684379816055298	-0.04922841489315033	0.0375390350818634
-0.05415252596139908	-0.09731362015008926	0.05194571241736412	-0.00553659163415432	-0.15175893902778625	-0.012794469483196735	0.0390373170375824	0.004225258249789476	-0.04487108066678047	0.09852460026741028	0.037351448088884354	0.03386569768190384	0.1407393515110016	0.0003388742625247687	-0.15014541149139404	0.014459826052188873	0.057090576738119125	0.10660281032323837	-0.008849105797708035	-0.06075453758239746	0.05968165397644043	-0.024438519030809402	0.004204956814646721	0.08449626713991165	-0.13179434835910797	-0.002134911948814988	-0.07244612276554108	-0.01775633916258812	-0.053626928478479385	0.20001815259456635	-0.020886274054646492	0.017919111996889114	-0.08166221529245377	0.07497729361057281	-0.04814353957772255	0.0029862031806260347	-0.03327608108520508	-0.11444205045700073	0.0047659436240792274	0.013603107072412968	-0.05097266286611557	-0.015266401693224907	-0.026352521032094955	-0.08443218469619751	-0.03778832405805588	-0.06266190111637115	-0.05184037983417511	-0.09949227422475815	-0.05123601853847504	-0.02845887467265129	-0.08347418904304504	-0.10221056640148163	-0.08409161865711212	0.05625427886843681	-0.04349922388792038	-0.011190029792487621	0.08501653373241425	-0.04442061111330986	0.01944071613252163	0.016771839931607246	-0.007248962298035622	-0.07684379816055298	-0.04922841489315033	0.0375390350818634
-0.003464240115135908	0.08831239491701126	-0.1018550843000412	-0.15006157755851746	0.01478763297200203	-0.032335326075553894	0.08015965670347214	-0.01884722337126732	-0.015947559848427773	0.16448166966438293	0.009359411895275116	-0.06761805713176727	-0.028882067650556564	-0.07193989306688309	-0.07250215858221054	0.04543827474117279	-0.015443217009305954	-0.23626163601875305	0.01782657764852047	0.26581284403800964	0.09899436682462692	-0.0811660960316658	0.03123830258846283	-0.20845583081245422	0.1292927861213684	-0.08275807648897171	0.20969314873218536	0.03317504748702049	0.2807557284832001	0.022979537025094032	0.041887007653713226	0.1236206591129303	-0.09564357250928879	-0.09378518164157867	-0.015096466057002544	0.13729622960090637	0.0019495021551847458	-0.08581503480672836	0.06965646892786026	-0.13563735783100128	0.015345461666584015	-0.14986073970794678	0.11783524602651596	-0.1480482965707779	-0.04694536328315735	-0.07334865629673004	0.08888301998376846	0.025236735120415688	-0.05234674736857414	0.24445238709449768	0.06610889732837677	0.2988368570804596	-0.09608327597379684	-0.029729869216680527	-0.01682968996465206	-0.0963536873459816	0.08629350364208221	0.08877281099557877	-0.2548385262489319	0.1682453751564026	-0.01796971820294857	-0.11370789259672165	0.12307143956422806	0.15179064869880676
-0.05415252596139908	-0.09731362015008926	0.05194571241736412	-0.00553659163415432	-0.15175893902778625	-0.012794469483196735	0.0390373170375824	0.004225258249789476	-0.04487108066678047	0.09852460026741028	0.037351448088884354	0.03386569768190384	0.1407393515110016	0.0003388742625247687	-0.15014541149139404	0.014459826052188873	0.057090576738119125	0.10660281032323837	-0.008849105797708035	-0.06075453758239746	0.05968165397644043	-0.024438519030809402	0.004204956814646721	0.08449626713991165	-0.13179434835910797	-0.002134911948814988	-0.07244612276554108	-0.01775633916258812	-0.053626928478479385	0.20001815259456635	-0.020886274054646492	0.017919111996889114	-0.08166221529245377	0.07497729361057281	-0.04814353957772255	0.0029862031806260347	-0.03327608108520508	-0.11444205045700073	0.0047659436240792274	0.013603107072412968	-0.05097266286611557	-0.015266401693224907	-0.026352521032094955	-0.08443218469619751	-0.03778832405805588	-0.06266190111637115	-0.05184037983417511	-0.09949227422475815	-0.05123601853847504	-0.02845887467265129	-0.08347418904304504	-0.10221056640148163	-0.08409161865711212	0.05625427886843681	-0.04349922388792038	-0.011190029792487621	0.08501653373241425	-0.04442061111330986	0.01944071613252163	0.016771839931607246	-0.007248962298035622	-0.07684379816055298	-0.04922841489315033	0.0375390350818634
-0.05415252596139908	-0.09731362015008926	0.05194571241736412	-0.00553659163415432	-0.15175893902778625	-0.012794469483196735	0.0390373170375824	0.004225258249789476	-0.04487108066678047	0.09852460026741028	0.037351448088884354	0.03386569768190384	0.1407393515110016	0.0003388742625247687	-0.15014541149139404	0.014459826052188873	0.057090576738119125	0.10660281032323837	-0.008849105797708035	-0.06075453758239746	0.05968165397644043	-0.024438519030809402	0.004204956814646721	0.08449626713991165	-0.13179434835910797	-0.002134911948814988	-0.07244612276554108	-0.01775633916258812	-0.053626928478479385	0.20001815259456635	-0.020886274054646492	0.017919111996889114	-0.08166221529245377	0.07497729361057281	-0.04814353957772255	0.0029862031806260347	-0.03327608108520508	-0.11444205045700073	0.0047659436240792274	0.013603107072412968	-0.05097266286611557	-0.015266401693224907	-0.026352521032094955	-0.08443218469619751	-0.03778832405805588	-0.06266190111637115	-0.05184037983417511	-0.09949227422475815	-0.05123601853847504	-0.02845887467265129	-0.08347418904304504	-0.10221056640148163	-0.08409161865711212	0.05625427886843681	-0.04349922388792038	-0.011190029792487621	0.08501653373241425	-0.04442061111330986	0.01944071613252163	0.016771839931607246	-0.007248962298035622	-0.07684379816055298	-0.04922841489315033	0.0375390350818634
-0.05415252596139908	-0.09731362015008926	0.05194571241736412	-0.00553659163415432	-0.15175893902778625	-0.012794469483196735	0.0390373170375824	0.004225258249789476	-0.04487108066678047	0.09852460026741028	0.037351448088884354	0.03386569768190384	0.1407393515110016	0.0003388742625247687	-0.15014541149139404	0.014459826052188873	0.057090576738119125	0.10660281032323837	-0.008849105797708035	-0.06075453758239746	0.05968165397644043	-0.024438519030809402	0.004204956814646721	0.08449626713991165	-0.13179434835910797	-0.002134911948814988	-0.07244612276554108	-0.01775633916258812	-0.053626928478479385	0.20001815259456635	-0.020886274054646492	0.017919111996889114	-0.08166221529245377	0.07497729361057281	-0.04814353957772255	0.0029862031806260347	-0.03327608108520508	-0.11444205045700073	0.0047659436240792274	0.013603107072412968	-0.05097266286611557	-0.015266401693224907	-0.026352521032094955	-0.08443218469619751	-0.03778832405805588	-0.06266190111637115	-0.05184037983417511	-0.09949227422475815	-0.05123601853847504	-0.02845887467265129	-0.08347418904304504	-0.10221056640148163	-0.08409161865711212	0.05625427886843681	-0.04349922388792038	-0.011190029792487621	0.08501653373241425	-0.04442061111330986	0.01944071613252163	0.016771839931607246	-0.007248962298035622	-0.07684379816055298	-0.04922841489315033	0.0375390350818634
-0.003464240115135908	0.08831239491701126	-0.1018550843000412	-0.15006157755851746	0.01478763297200203	-0.032335326075553894	0.08015965670347214	-0.01884722337126732	-0.015947559848427773	0.16448166966438293	0.009359411895275116	-0.06761805713176727	-0.028882067650556564	-0.07193989306688309	-0.07250215858221054	0.04543827474117279	-0.015443217009305954	-0.23626163601875305	0.01782657764852047	0.26581284403800964	0.09899436682462692	-0.0811660960316658	0.03123830258846283	-0.20845583081245422	0.1292927861213684	-0.08275807648897171	0.20969314873218536	0.03317504748702049	0.2807557284832001	0.022979537025094032	0.041887007653713226	0.1236206591129303	-0.09564357250928879	-0.09378518164157867	-0.015096466057002544	0.13729622960090637	0.0019495021551847458	-0.08581503480672836	0.06965646892786026	-0.13563735783100128	0.015345461666584015	-0.14986073970794678	0.11783524602651596	-0.1480482965707779	-0.04694536328315735	-0.07334865629673004	0.08888301998376846	0.025236735120415688	-0.05234674736857414	0.24445238709449768	0.06610889732837677	0.2988368570804596	-0.09608327597379684	-0.029729869216680527	-0.01682968996465206	-0.0963536873459816	0.08629350364208221	0.08877281099557877	-0.2548385262489319	0.1682453751564026	-0.01796971820294857	-0.11370789259672165	0.12307143956422806	0.15179064869880676
-0.07583089172840118	0.1548813134431839	-0.023502053692936897	0.046011991798877716	0.09905874729156494	-0.12846434116363525	-0.09718049317598343	-0.012068027630448341	-0.04282863810658455	-0.24094752967357635	-0.0918889120221138	-0.10374733805656433	-0.013719058595597744	0.07049937546253204	-0.26458147168159485	-0.059393465518951416	-0.2310243546962738	0.25690901279449463	-0.1642841398715973	-0.308129221200943	0.14804935455322266	-0.03844616562128067	-0.21360516548156738	0.16822782158851624	-0.004977526143193245	-0.20785857737064362	0.04563566669821739	-0.03671136125922203	-0.12498302757740021	0.16977311670780182	-0.21586531400680542	0.02378316968679428	0.12950335443019867	-0.021169770509004593	-0.04467152804136276	-0.03388182446360588	0.031493861228227615	0.02039790339767933	0.016703100875020027	-0.023359086364507675	-0.21701589226722717	0.13892368972301483	-0.09431672096252441	0.19872047007083893	0.1997494250535965	0.07444683462381363	-0.1734880805015564	-0.01088742446154356	0.0686965361237526	-0.10892776399850845	-0.020133832469582558	-0.0993184968829155	0.033174555748701096	-0.01112400833517313	0.06416906416416168	0.01721571944653988	-0.12926602363586426	-0.0048854900524020195	0.27416375279426575	0.05699137598276138	0.15242566168308258	0.03750953450798988	0.022052280604839325	-0.037245556712150574
-0.05415252596139908	-0.09731362015008926	0.05194571241736412	-0.00553659163415432	-0.15175893902778625	-0.012794469483196735	0.0390373170375824	0.004225258249789476	-0.04487108066678047	0.09852460026741028	0.037351448088884354	0.03386569768190384	0.1407393515110016	0.0003388742625247687	-0.15014541149139404	0.014459826052188873	0.057090576738119125	0.10660281032323837	-0.008849105797708035	-0.06075453758239746	0.05968165397644043	-0.024438519030809402	0.004204956814646721	0.08449626713991165	-0.13179434835910797	-0.002134911948814988	-0.07244612276554108	-0.01775633916258812	-0.053626928478479385	0.20001815259456635	-0.020886274054646492	0.017919111996889114	-0.08166221529245377	0.07497729361057281	-0.04814353957772255	0.0029862031806260347	-0.03327608108520508	-0.11444205045700073	0.0047659436240792274	0.013603107072412968	-0.05097266286611557	-0.015266401693224907	-0.026352521032094955	-0.08443218469619751	-0.03778832405805588	-0.06266190111637115	-0.05184037983417511	-0.09949227422475815	-0.05123601853847504	-0.02845887467265129	-0.08347418904304504	-0.10221056640148163	-0.08409161865711212	0.05625427886843681	-0.04349922388792038	-0.011190029792487621	0.08501653373241425	-0.04442061111330986	0.01944071613252163	0.016771839931607246	-0.007248962298035622	-0.07684379816055298	-0.04922841489315033	0.0375390350818634
-0.003464240115135908	0.08831239491701126	-0.1018550843000412	-0.15006157755851746	0.01478763297200203	-0.032335326075553894	0.08015965670347214	-0.01884722337126732	-0.015947559848427773	0.16448166966438293	0.009359411895275116	-0.06761805713176727	-0.028882067650556564	-0.07193989306688309	-0.07250215858221054	0.04543827474117279	-0.015443217009305954	-0.23626163601875305	0.01782657764852047	0.26581284403800964	0.09899436682462692	-0.0811660960316658	0.03123830258846283	-0.20845583081245422	0.1292927861213684	-0.08275807648897171	0.20969314873218536	0.03317504748702049	0.2807557284832001	0.022979537025094032	0.041887007653713226	0.1236206591129303	-0.09564357250928879	-0.09378518164157867	-0.015096466057002544	0.13729622960090637	0.0019495021551847458	-0.08581503480672836	0.06965646892786026	-0.13563735783100128	0.015345461666584015	-0.14986073970794678	0.11783524602651596	-0.1480482965707779	-0.04694536328315735	-0.07334865629673004	0.08888301998376846	0.025236735120415688	-0.05234674736857414	0.24445238709449768	0.06610889732837677	0.2988368570804596	-0.09608327597379684	-0.029729869216680527	-0.01682968996465206	-0.0963536873459816	0.08629350364208221	0.08877281099557877	-0.2548385262489319	0.1682453751564026	-0.01796971820294857	-0.11370789259672165	0.12307143956422806	0.15179064869880676
-0.07583089172840118	0.1548813134431839	-0.023502053692936897	0.046011991798877716	0.09905874729156494	-0.12846434116363525	-0.09718049317598343	-0.012068027630448341	-0.04282863810658455	-0.24094752967357635	-0.0918889120221138	-0.10374733805656433	-0.013719058595597744	0.07049937546253204	-0.26458147168159485	-0.059393465518951416	-0.2310243546962738	0.25690901279449463	-0.1642841398715973	-0.308129221200943	0.14804935455322266	-0.03844616562128067	-0.21360516548156738	0.16822782158851624	-0.004977526143193245	-0.20785857737064362	0.04563566669821739	-0.03671136125922203	-0.12498302757740021	0.16977311670780182	-0.21586531400680542	0.02378316968679428	0.12950335443019867	-0.021169770509004593	-0.04467152804136276	-0.03388182446360588	0.031493861228227615	0.02039790339767933	0.016703100875020027	-0.023359086364507675	-0.21701589226722717	0.13892368972301483	-0.09431672096252441	0.19872047007083893	0.1997494250535965	0.07444683462381363	-0.1734880805015564	-0.01088742446154356	0.0686965361237526	-0.10892776399850845	-0.020133832469582558	-0.0993184968829155	0.033174555748701096	-0.01112400833517313	0.06416906416416168	0.01721571944653988	-0.12926602363586426	-0.0048854900524020195	0.27416375279426575	0.05699137598276138	0.15242566168308258	0.03750953450798988	0.022052280604839325	-0.037245556712150574
-0.003464240115135908	0.08831239491701126	-0.1018550843000412	-0.15006157755851746	0.01478763297200203	-0.032335326075553894	0.08015965670347214	-0.01884722337126732	-0.015947559848427773	0.16448166966438293	0.009359411895275116	-0.06761805713176727	-0.028882067650556564	-0.07193989306688309	-0.07250215858221054	0.04543827474117279	-0.015443217009305954	-0.23626163601875305	0.01782657764852047	0.26581284403800964	0.09899436682462692	-0.0811660960316658	0.03123830258846283	-0.20845583081245422	0.1292927861213684	-0.08275807648897171	0.20969314873218536	0.03317504748702049	0.2807557284832001	0.022979537025094032	0.041887007653713226	0.1236206591129303	-0.09564357250928879	-0.09378518164157867	-0.015096466057002544	0.13729622960090637	0.0019495021551847458	-0.08581503480672836	0.06965646892786026	-0.13563735783100128	0.015345461666584015	-0.14986073970794678	0.11783524602651596	-0.1480482965707779	-0.04694536328315735	-0.07334865629673004	0.08888301998376846	0.025236735120415688	-0.05234674736857414	0.24445238709449768	0.06610889732837677	0.2988368570804596	-0.09608327597379684	-0.029729869216680527	-0.01682968996465206	-0.0963536873459816	0.08629350364208221	0.08877281099557877	-0.2548385262489319	0.1682453751564026	-0.01796971820294857	-0.11370789259672165	0.12307143956422806	0.15179064869880676
-0.003464240115135908	0.08831239491701126	-0.1018550843000412	-0.15006157755851746	0.01478763297200203	-0.032335326075553894	0.08015965670347214	-0.01884722337126732	-0.015947559848427773	0.16448166966438293	0.009359411895275116	-0.06761805713176727	-0.028882067650556564	-0.07193989306688309	-0.07250215858221054	0.04543827474117279	-0.015443217009305954	-0.23626163601875305	0.01782657764852047	0.26581284403800964	0.09899436682462692	-0.0811660960316658	0.03123830258846283	-0.20845583081245422	0.1292927861213684	-0.08275807648897171	0.20969314873218536	0.03317504748702049	0.2807557284832001	0.022979537025094032	0.041887007653713226	0.1236206591129303	-0.09564357250928879	-0.09378518164157867	-0.015096466057002544	0.13729622960090637	0.0019495021551847458	-0.08581503480672836	0.06965646892786026	-0.13563735783100128	0.015345461666584015	-0.14986073970794678	0.11783524602651596	-0.1480482965707779	-0.04694536328315735	-0.07334865629673004	0.08888301998376846	0.025236735120415688	-0.05234674736857414	0.24445238709449768	0.06610889732837677	0.2988368570804596	-0.09608327597379684	-0.029729869216680527	-0.01682968996465206	-0.0963536873459816	0.08629350364208221	0.08877281099557877	-0.2548385262489319	0.1682453751564026	-0.01796971820294857	-0.11370789259672165	0.12307143956422806	0.15179064869880676
-0.05415252596139908	-0.09731362015008926	0.05194571241736412	-0.00553659163415432	-0.15175893902778625	-0.012794469483196735	0.0390373170375824	0.004225258249789476	-0.04487108066678047	0.09852460026741028	0.037351448088884354	0.03386569768190384	0.1407393515110016	0.0003388742625247687	-0.15014541149139404	0.014459826052188873	0.057090576738119125	0.10660281032323837	-0.008849105797708035	-0.06075453758239746	0.05968165397644043	-0.024438519030809402	0.004204956814646721	0.08449626713991165	-0.13179434835910797	-0.002134911948814988	-0.07244612276554108	-0.01775633916258812	-0.053626928478479385	0.20001815259456635	-0.020886274054646492	0.017919111996889114	-0.08166221529245377	0.07497729361057281	-0.04814353957772255	0.0029862031806260347	-0.03327608108520508	-0.11444205045700073	0.0047659436240792274	0.013603107072412968	-0.05097266286611557	-0.015266401693224907	-0.026352521032094955	-0.08443218469619751	-0.03778832405805588	-0.06266190111637115	-0.05184037983417511	-0.09949227422475815	-0.05123601853847504	-0.02845887467265129	-0.08347418904304504	-0.10221056640148163	-0.08409161865711212	0.05625427886843681	-0.04349922388792038	-0.011190029792487621	0.08501653373241425	-0.04442061111330986	0.01944071613252163	0.016771839931607246	-0.007248962298035622	-0.07684379816055298	-0.04922841489315033	0.0375390350818634
-0.003464240115135908	0.08831239491701126	-0.1018550843000412	-0.15006157755851746	0.01478763297200203	-0.032335326075553894	0.08015965670347214	-0.01884722337126732	-0.015947559848427773	0.16448166966438293	0.009359411895275116	-0.06761805713176727	-0.028882067650556564	-0.07193989306688309	-0.07250215858221054	0.04543827474117279	-0.015443217009305954	-0.23626163601875305	0.01782657764852047	0.26581284403800964	0.09899436682462692	-0.0811660960316658	0.03123830258846283	-0.20845583081245422	0.1292927861213684	-0.08275807648897171	0.20969314873218536	0.03317504748702049	0.2807557284832001	0.022979537025094032	0.041887007653713226	0.1236206591129303	-0.09564357250928879	-0.09378518164157867	-0.015096466057002544	0.13729622960090637	0.0019495021551847458	-0.08581503480672836	0.06965646892786026	-0.13563735783100128	0.015345461666584015	-0.14986073970794678	0.11783524602651596	-0.1480482965707779	-0.04694536328315735	-0.07334865629673004	0.08888301998376846	0.025236735120415688	-0.05234674736857414	0.24445238709449768	0.06610889732837677	0.2988368570804596	-0.09608327597379684	-0.029729869216680527	-0.01682968996465206	-0.0963536873459816	0.08629350364208221	0.08877281099557877	-0.2548385262489319	0.1682453751564026	-0.01796971820294857	-0.11370789259672165	0.12307143956422806	0.15179064869880676
-0.003464240115135908	0.08831239491701126	-0.1018550843000412	-0.15006157755851746	0.01478763297200203	-0.032335326075553894	0.08015965670347214	-0.01884722337126732	-0.015947559848427773	0.16448166966438293	0.009359411895275116	-0.06761805713176727	-0.028882067650556564	-0.07193989306688309	-0.07250215858221054	0.04543827474117279	-0.015443217009305954	-0.23626163601875305	0.01782657764852047	0.26581284403800964	0.09899436682462692	-0.0811660960316658	0.03123830258846283	-0.20845583081245422	0.1292927861213684	-0.08275807648897171	0.20969314873218536	0.03317504748702049	0.2807557284832001	0.022979537025094032	0.041887007653713226	0.1236206591129303	-0.09564357250928879	-0.09378518164157867	-0.015096466057002544	0.13729622960090637	0.0019495021551847458	-0.08581503480672836	0.06965646892786026	-0.13563735783100128	0.015345461666584015	-0.14986073970794678	0.11783524602651596	-0.1480482965707779	-0.04694536328315735	-0.07334865629673004	0.08888301998376846	0.025236735120415688	-0.05234674736857414	0.24445238709449768	0.06610889732837677	0.2988368570804596	-0.09608327597379684	-0.029729869216680527	-0.01682968996465206	-0.0963536873459816	0.08629350364208221	0.08877281099557877	-0.2548385262489319	0.1682453751564026	-0.01796971820294857	-0.11370789259672165	0.12307143956422806	0.15179064869880676
-0.003464240115135908	0.08831239491701126	-0.1018550843000412	-0.15006157755851746	0.01478763297200203	-0.032335326075553894	0.08015965670347214	-0.01884722337126732	-0.015947559848427773	0.16448166966438293	0.009359411895275116	-0.06761805713176727	-0.028882067650556564	-0.07193989306688309	-0.07250215858221054	0.04543827474117279	-0.015443217009305954	-0.23626163601875305	0.01782657764852047	0.26581284403800964	0.09899436682462692	-0.0811660960316658	0.03123830258846283	-0.20845583081245422	0.1292927861213684	-0.08275807648897171	0.20969314873218536	0.03317504748702049	0.2807557284832001	0.022979537025094032	0.041887007653713226	0.1236206591129303	-0.09564357250928879	-0.09378518164157867	-0.015096466057002544	0.13729622960090637	0.0019495021551847458	-0.08581503480672836	0.06965646892786026	-0.13563735783100128	0.015345461666584015	-0.14986073970794678	0.11783524602651596	-0.1480482965707779	-0.04694536328315735	-0.07334865629673004	0.08888301998376846	0.025236735120415688	-0.05234674736857414	0.24445238709449768	0.06610889732837677	0.2988368570804596	-0.09608327597379684	-0.029729869216680527	-0.01682968996465206	-0.0963536873459816	0.08629350364208221	0.08877281099557877	-0.2548385262489319	0.1682453751564026	-0.01796971820294857	-0.11370789259672165	0.12307143956422806	0.15179064869880676
-0.003464240115135908	0.08831239491701126	-0.1018550843000412	-0.15006157755851746	0.01478763297200203	-0.032335326075553894	0.08015965670347214	-0.01884722337126732	-0.015947559848427773	0.16448166966438293	0.009359411895275116	-0.06761805713176727	-0.028882067650556564	-0.07193989306688309	-0.07250215858221054	0.04543827474117279	-0.015443217009305954	-0.23626163601875305	0.01782657764852047	0.26581284403800964	0.09899436682462692	-0.0811660960316658	0.03123830258846283	-0.20845583081245422	0.1292927861213684	-0.08275807648897171	0.20969314873218536	0.03317504748702049	0.2807557284832001	0.022979537025094032	0.041887007653713226	0.1236206591129303	-0.09564357250928879	-0.09378518164157867	-0.015096466057002544	0.13729622960090637	0.0019495021551847458	-0.08581503480672836	0.06965646892786026	-0.13563735783100128	0.015345461666584015	-0.14986073970794678	0.11783524602651596	-0.1480482965707779	-0.04694536328315735	-0.07334865629673004	0.08888301998376846	0.025236735120415688	-0.05234674736857414	0.24445238709449768	0.06610889732837677	0.2988368570804596	-0.09608327597379684	-0.029729869216680527	-0.01682968996465206	-0.0963536873459816	0.08629350364208221	0.08877281099557877	-0.2548385262489319	0.1682453751564026	-0.01796971820294857	-0.11370789259672165	0.12307143956422806	0.15179064869880676
-0.05415252596139908	-0.09731362015008926	0.05194571241736412	-0.00553659163415432	-0.15175893902778625	-0.012794469483196735	0.0390373170375824	0.004225258249789476	-0.04487108066678047	0.09852460026741028	0.037351448088884354	0.03386569768190384	0.1407393515110016	0.0003388742625247687	-0.15014541149139404	0.014459826052188873	0.057090576738119125	0.10660281032323837	-0.008849105797708035	-0.06075453758239746	0.05968165397644043	-0.024438519030809402	0.004204956814646721	0.08449626713991165	-0.13179434835910797	-0.002134911948814988	-0.07244612276554108	-0.01775633916258812	-0.053626928478479385	0.20001815259456635	-0.020886274054646492	0.017919111996889114	-0.08166221529245377	0.07497729361057281	-0.04814353957772255	0.0029862031806260347	-0.03327608108520508	-0.11444205045700073	0.0047659436240792274	0.013603107072412968	-0.05097266286611557	-0.015266401693224907	-0.026352521032094955	-0.08443218469619751	-0.03778832405805588	-0.06266190111637115	-0.05184037983417511	-0.09949227422475815	-0.05123601853847504	-0.02845887467265129	-0.08347418904304504	-0.10221056640148163	-0.08409161865711212	0.05625427886843681	-0.04349922388792038	-0.011190029792487621	0.08501653373241425	-0.04442061111330986	0.01944071613252163	0.016771839931607246	-0.007248962298035622	-0.07684379816055298	-0.04922841489315033	0.0375390350818634
-0.003464240115135908	0.08831239491701126	-0.1018550843000412	-0.15006157755851746	0.01478763297200203	-0.032335326075553894	0.08015965670347214	-0.01884722337126732	-0.015947559848427773	0.16448166966438293	0.009359411895275116	-0.06761805713176727	-0.028882067650556564	-0.07193989306688309	-0.07250215858221054	0.04543827474117279	-0.015443217009305954	-0.23626163601875305	0.01782657764852047	0.26581284403800964	0.09899436682462692	-0.0811660960316658	0.03123830258846283	-0.20845583081245422	0.1292927861213684	-0.08275807648897171	0.20969314873218536	0.03317504748702049	0.2807557284832001	0.022979537025094032	0.041887007653713226	0.1236206591129303	-0.09564357250928879	-0.09378518164157867	-0.015096466057002544	0.13729622960090637	0.0019495021551847458	-0.08581503480672836	0.06965646892786026	-0.13563735783100128	0.015345461666584015	-0.14986073970794678	0.11783524602651596	-0.1480482965707779	-0.04694536328315735	-0.07334865629673004	0.08888301998376846	0.025236735120415688	-0.05234674736857414	0.24445238709449768	0.06610889732837677	0.2988368570804596	-0.09608327597379684	-0.029729869216680527	-0.01682968996465206	-0.0963536873459816	0.08629350364208221	0.08877281099557877	-0.2548385262489319	0.1682453751564026	-0.01796971820294857	-0.11370789259672165	0.12307143956422806	0.15179064869880676
-0.07583089172840118	0.1548813134431839	-0.023502053692936897	0.046011991798877716	0.09905874729156494	-0.12846434116363525	-0.09718049317598343	-0.012068027630448341	-0.04282863810658455	-0.24094752967357635	-0.0918889120221138	-0.10374733805656433	-0.013719058595597744	0.07049937546253204	-0.26458147168159485	-0.059393465518951416	-0.2310243546962738	0.25690901279449463	-0.1642841398715973	-0.308129221200943	0.14804935455322266	-0.03844616562128067	-0.21360516548156738	0.16822782158851624	-0.004977526143193245	-0.20785857737064362	0.04563566669821739	-0.03671136125922203	-0.12498302757740021	0.16977311670780182	-0.21586531400680542	0.02378316968679428	0.12950335443019867	-0.021169770509004593	-0.04467152804136276	-0.03388182446360588	0.031493861228227615	0.02039790339767933	0.016703100875020027	-0.023359086364507675	-0.21701589226722717	0.13892368972301483	-0.09431672096252441	0.19872047007083893	0.1997494250535965	0.07444683462381363	-0.1734880805015564	-0.01088742446154356	0.0686965361237526	-0.10892776399850845	-0.020133832469582558	-0.0993184968829155	0.033174555748701096	-0.01112400833517313	0.06416906416416168	0.01721571944653988	-0.12926602363586426	-0.0048854900524020195	0.27416375279426575	0.05699137598276138	0.15242566168308258	0.03750953450798988	0.022052280604839325	-0.037245556712150574
-0.05415252596139908	-0.09731362015008926	0.05194571241736412	-0.00553659163415432	-0.15175893902778625	-0.012794469483196735	0.0390373170375824	0.004225258249789476	-0.04487108066678047	0.09852460026741028	0.037351448088884354	0.03386569768190384	0.1407393515110016	0.0003388742625247687	-0.15014541149139404	0.014459826052188873	0.057090576738119125	0.10660281032323837	-0.008849105797708035	-0.06075453758239746	0.05968165397644043	-0.024438519030809402	0.004204956814646721	0.08449626713991165	-0.13179434835910797	-0.002134911948814988	-0.07244612276554108	-0.01775633916258812	-0.053626928478479385	0.20001815259456635	-0.020886274054646492	0.017919111996889114	-0.08166221529245377	0.07497729361057281	-0.04814353957772255	0.0029862031806260347	-0.03327608108520508	-0.11444205045700073	0.0047659436240792274	0.013603107072412968	-0.05097266286611557	-0.015266401693224907	-0.026352521032094955	-0.08443218469619751	-0.03778832405805588	-0.06266190111637115	-0.05184037983417511	-0.09949227422475815	-0.05123601853847504	-0.02845887467265129	-0.08347418904304504	-0.10221056640148163	-0.08409161865711212	0.05625427886843681	-0.04349922388792038	-0.011190029792487621	0.08501653373241425	-0.04442061111330986	0.01944071613252163	0.016771839931607246	-0.007248962298035622	-0.07684379816055298	-0.04922841489315033	0.0375390350818634
-0.003464240115135908	0.08831239491701126	-0.1018550843000412	-0.15006157755851746	0.01478763297200203	-0.032335326075553894	0.08015965670347214	-0.01884722337126732	-0.015947559848427773	0.16448166966438293	0.009359411895275116	-0.06761805713176727	-0.028882067650556564	-0.07193989306688309	-0.07250215858221054	0.04543827474117279	-0.015443217009305954	-0.23626163601875305	0.01782657764852047	0.26581284403800964	0.09899436682462692	-0.0811660960316658	0.03123830258846283	-0.20845583081245422	0.1292927861213684	-0.08275807648897171	0.20969314873218536	0.03317504748702049	0.2807557284832001	0.022979537025094032	0.041887007653713226	0.1236206591129303	-0.09564357250928879	-0.09378518164157867	-0.015096466057002544	0.13729622960090637	0.0019495021551847458	-0.08581503480672836	0.06965646892786026	-0.13563735783100128	0.015345461666584015	-0.14986073970794678	0.11783524602651596	-0.1480482965707779	-0.04694536328315735	-0.07334865629673004	0.08888301998376846	0.025236735120415688	-0.05234674736857414	0.24445238709449768	0.06610889732837677	0.2988368570804596	-0.09608327597379684	-0.029729869216680527	-0.01682968996465206	-0.0963536873459816	0.08629350364208221	0.08877281099557877	-0.2548385262489319	0.1682453751564026	-0.01796971820294857	-0.11370789259672165	0.12307143956422806	0.15179064869880676
-0.05415252596139908	-0.09731362015008926	0.05194571241736412	-0.00553659163415432	-0.15175893902778625	-0.012794469483196735	0.0390373170375824	0.004225258249789476	-0.04487108066678047	0.09852460026741028	0.037351448088884354	0.03386569768190384	0.1407393515110016	0.0003388742625247687	-0.15014541149139404	0.014459826052188873	0.057090576738119125	0.10660281032323837	-0.008849105797708035	-0.06075453758239746	0.05968165397644043	-0.024438519030809402	0.004204956814646721	0.08449626713991165	-0.13179434835910797	-0.002134911948814988	-0.07244612276554108	-0.01775633916258812	-0.053626928478479385	0.20001815259456635	-0.020886274054646492	0.017919111996889114	-0.08166221529245377	0.07497729361057281	-0.04814353957772255	0.0029862031806260347	-0.03327608108520508	-0.11444205045700073	0.0047659436240792274	0.013603107072412968	-0.05097266286611557	-0.015266401693224907	-0.026352521032094955	-0.08443218469619751	-0.03778832405805588	-0.06266190111637115	-0.05184037983417511	-0.09949227422475815	-0.05123601853847504	-0.02845887467265129	-0.08347418904304504	-0.10221056640148163	-0.08409161865711212	0.05625427886843681	-0.04349922388792038	-0.011190029792487621	0.08501653373241425	-0.04442061111330986	0.01944071613252163	0.016771839931607246	-0.007248962298035622	-0.07684379816055298	-0.04922841489315033	0.0375390350818634
-0.05415252596139908	-0.09731362015008926	0.05194571241736412	-0.00553659163415432	-0.15175893902778625	-0.012794469483196735	0.0390373170375824	0.004225258249789476	-0.04487108066678047	0.09852460026741028	0.037351448088884354	0.03386569768190384	0.1407393515110016	0.0003388742625247687	-0.15014541149139404	0.014459826052188873	0.057090576738119125	0.10660281032323837	-0.008849105797708035	-0.06075453758239746	0.05968165397644043	-0.024438519030809402	0.004204956814646721	0.08449626713991165	-0.13179434835910797	-0.002134911948814988	-0.07244612276554108	-0.01775633916258812	-0.053626928478479385	0.20001815259456635	-0.020886274054646492	0.017919111996889114	-0.08166221529245377	0.07497729361057281	-0.04814353957772255	0.0029862031806260347	-0.03327608108520508	-0.11444205045700073	0.0047659436240792274	0.013603107072412968	-0.05097266286611557	-0.015266401693224907	-0.026352521032094955	-0.08443218469619751	-0.03778832405805588	-0.06266190111637115	-0.05184037983417511	-0.09949227422475815	-0.05123601853847504	-0.02845887467265129	-0.08347418904304504	-0.10221056640148163	-0.08409161865711212	0.05625427886843681	-0.04349922388792038	-0.011190029792487621	0.08501653373241425	-0.04442061111330986	0.01944071613252163	0.016771839931607246	-0.007248962298035622	-0.07684379816055298	-0.04922841489315033	0.0375390350818634
-0.05415252596139908	-0.09731362015008926	0.05194571241736412	-0.00553659163415432	-0.15175893902778625	-0.012794469483196735	0.0390373170375824	0.004225258249789476	-0.04487108066678047	0.09852460026741028	0.037351448088884354	0.03386569768190384	0.1407393515110016	0.0003388742625247687	-0.15014541149139404	0.014459826052188873	0.057090576738119125	0.10660281032323837	-0.008849105797708035	-0.06075453758239746	0.05968165397644043	-0.024438519030809402	0.004204956814646721	0.08449626713991165	-0.13179434835910797	-0.002134911948814988	-0.07244612276554108	-0.01775633916258812	-0.053626928478479385	0.20001815259456635	-0.020886274054646492	0.017919111996889114	-0.08166221529245377	0.07497729361057281	-0.04814353957772255	0.0029862031806260347	-0.03327608108520508	-0.11444205045700073	0.0047659436240792274	0.013603107072412968	-0.05097266286611557	-0.015266401693224907	-0.026352521032094955	-0.08443218469619751	-0.03778832405805588	-0.06266190111637115	-0.05184037983417511	-0.09949227422475815	-0.05123601853847504	-0.02845887467265129	-0.08347418904304504	-0.10221056640148163	-0.08409161865711212	0.05625427886843681	-0.04349922388792038	-0.011190029792487621	0.08501653373241425	-0.04442061111330986	0.01944071613252163	0.016771839931607246	-0.007248962298035622	-0.07684379816055298	-0.04922841489315033	0.0375390350818634
-0.003464240115135908	0.08831239491701126	-0.1018550843000412	-0.15006157755851746	0.01478763297200203	-0.032335326075553894	0.08015965670347214	-0.01884722337126732	-0.015947559848427773	0.16448166966438293	0.009359411895275116	-0.06761805713176727	-0.028882067650556564	-0.07193989306688309	-0.07250215858221054	0.04543827474117279	-0.015443217009305954	-0.23626163601875305	0.01782657764852047	0.26581284403800964	0.09899436682462692	-0.0811660960316658	0.03123830258846283	-0.20845583081245422	0.1292927861213684	-0.08275807648897171	0.20969314873218536	0.03317504748702049	0.2807557284832001	0.022979537025094032	0.041887007653713226	0.1236206591129303	-0.09564357250928879	-0.09378518164157867	-0.015096466057002544	0.13729622960090637	0.0019495021551847458	-0.08581503480672836	0.06965646892786026	-0.13563735783100128	0.015345461666584015	-0.14986073970794678	0.11783524602651596	-0.1480482965707779	-0.04694536328315735	-0.07334865629673004	0.08888301998376846	0.025236735120415688	-0.05234674736857414	0.24445238709449768	0.06610889732837677	0.2988368570804596	-0.09608327597379684	-0.029729869216680527	-0.01682968996465206	-0.0963536873459816	0.08629350364208221	0.08877281099557877	-0.2548385262489319	0.1682453751564026	-0.01796971820294857	-0.11370789259672165	0.12307143956422806	0.15179064869880676
-0.05415252596139908	-0.09731362015008926	0.05194571241736412	-0.00553659163415432	-0.15175893902778625	-0.012794469483196735	0.0390373170375824	0.004225258249789476	-0.04487108066678047	0.09852460026741028	0.037351448088884354	0.03386569768190384	0.1407393515110016	0.0003388742625247687	-0.15014541149139404	0.014459826052188873	0.057090576738119125	0.10660281032323837	-0.008849105797708035	-0.06075453758239746	0.05968165397644043	-0.024438519030809402	0.004204956814646721	0.08449626713991165	-0.13179434835910797	-0.002134911948814988	-0.07244612276554108	-0.01775633916258812	-0.053626928478479385	0.20001815259456635	-0.020886274054646492	0.017919111996889114	-0.08166221529245377	0.07497729361057281	-0.04814353957772255	0.0029862031806260347	-0.03327608108520508	-0.11444205045700073	0.0047659436240792274	0.013603107072412968	-0.05097266286611557	-0.015266401693224907	-0.026352521032094955	-0.08443218469619751	-0.03778832405805588	-0.06266190111637115	-0.05184037983417511	-0.09949227422475815	-0.05123601853847504	-0.02845887467265129	-0.08347418904304504	-0.10221056640148163	-0.08409161865711212	0.05625427886843681	-0.04349922388792038	-0.011190029792487621	0.08501653373241425	-0.04442061111330986	0.01944071613252163	0.016771839931607246	-0.007248962298035622	-0.07684379816055298	-0.04922841489315033	0.0375390350818634
-0.05415252596139908	-0.09731362015008926	0.05194571241736412	-0.00553659163415432	-0.15175893902778625	-0.012794469483196735	0.0390373170375824	0.004225258249789476	-0.04487108066678047	0.09852460026741028	0.037351448088884354	0.03386569768190384	0.1407393515110016	0.0003388742625247687	-0.15014541149139404	0.014459826052188873	0.057090576738119125	0.10660281032323837	-0.008849105797708035	-0.06075453758239746	0.05968165397644043	-0.024438519030809402	0.004204956814646721	0.08449626713991165	-0.13179434835910797	-0.002134911948814988	-0.07244612276554108	-0.01775633916258812	-0.053626928478479385	0.20001815259456635	-0.020886274054646492	0.017919111996889114	-0.08166221529245377	0.07497729361057281	-0.04814353957772255	0.0029862031806260347	-0.03327608108520508	-0.11444205045700073	0.0047659436240792274	0.013603107072412968	-0.05097266286611557	-0.015266401693224907	-0.026352521032094955	-0.08443218469619751	-0.03778832405805588	-0.06266190111637115	-0.05184037983417511	-0.09949227422475815	-0.05123601853847504	-0.02845887467265129	-0.08347418904304504	-0.10221056640148163	-0.08409161865711212	0.05625427886843681	-0.04349922388792038	-0.011190029792487621	0.08501653373241425	-0.04442061111330986	0.01944071613252163	0.016771839931607246	-0.007248962298035622	-0.07684379816055298	-0.04922841489315033	0.0375390350818634
-0.003464240115135908	0.08831239491701126	-0.1018550843000412	-0.15006157755851746	0.01478763297200203	-0.032335326075553894	0.08015965670347214	-0.01884722337126732	-0.015947559848427773	0.16448166966438293	0.009359411895275116	-0.06761805713176727	-0.028882067650556564	-0.07193989306688309	-0.07250215858221054	0.04543827474117279	-0.015443217009305954	-0.23626163601875305	0.01782657764852047	0.26581284403800964	0.09899436682462692	-0.0811660960316658	0.03123830258846283	-0.20845583081245422	0.1292927861213684	-0.08275807648897171	0.20969314873218536	0.03317504748702049	0.2807557284832001	0.022979537025094032	0.041887007653713226	0.1236206591129303	-0.09564357250928879	-0.09378518164157867	-0.015096466057002544	0.13729622960090637	0.0019495021551847458	-0.08581503480672836	0.06965646892786026	-0.13563735783100128	0.015345461666584015	-0.14986073970794678	0.11783524602651596	-0.1480482965707779	-0.04694536328315735	-0.07334865629673004	0.08888301998376846	0.025236735120415688	-0.05234674736857414	0.24445238709449768	0.06610889732837677	0.2988368570804596	-0.09608327597379684	-0.029729869216680527	-0.01682968996465206	-0.0963536873459816	0.08629350364208221	0.08877281099557877	-0.2548385262489319	0.1682453751564026	-0.01796971820294857	-0.11370789259672165	0.12307143956422806	0.15179064869880676
0.0018514028051868081	0.11328211426734924	0.05344918370246887	-0.004046923015266657	0.08266754448413849	-0.06648490577936172	-0.07230626046657562	0.12365542352199554	0.02293311059474945	-0.10998935997486115	0.022657882422208786	0.030075185000896454	-0.04746422544121742	0.016057088971138	0.023385774344205856	0.00765840383246541	-0.05613330006599426	-0.17502257227897644	0.045762866735458374	-0.23528790473937988	0.058267515152692795	-0.032522737979888916	-0.036832600831985474	-0.13222073018550873	-0.11858516931533813	-0.2811451256275177	-0.1042243167757988	-0.19501109421253204	-0.13811789453029633	-0.029889928176999092	-0.1785094439983368	0.00203124457038939	0.08209681510925293	-0.14856106042861938	0.11313872784376144	-0.09366440773010254	-0.10780429095029831	-0.06410732865333557	-0.08783255517482758	0.09634910523891449	-0.053974639624357224	0.06041334196925163	-0.03139685094356537	-0.023543374612927437	0.0629095658659935	-0.03406220301985741	-0.05682852864265442	0.05941826105117798	-0.00045474423677660525	0.02140909805893898	-0.1524900496006012	-0.09228654205799103	0.14573417603969574	-0.015750238671898842	0.12338367849588394	0.052041035145521164	-0.13938377797603607	0.0022348721977323294	0.18074361979961395	-0.0013945653336122632	0.06844683736562729	0.16830310225486755	-0.001240418991073966	-0.15712019801139832
-0.003464240115135908	0.08831239491701126	-0.1018550843000412	-0.15006157755851746	0.01478763297200203	-0.032335326075553894	0.08015965670347214	-0.01884722337126732	-0.015947559848427773	0.16448166966438293	0.009359411895275116	-0.06761805713176727	-0.028882067650556564	-0.07193989306688309	-0.07250215858221054	0.04543827474117279	-0.015443217009305954	-0.23626163601875305	0.01782657764852047	0.26581284403800964	0.09899436682462692	-0.0811660960316658	0.03123830258846283	-0.20845583081245422	0.1292927861213684	-0.08275807648897171	0.20969314873218536	0.03317504748702049	0.2807557284832001	0.022979537025094032	0.041887007653713226	0.1236206591129303	-0.09564357250928879	-0.09378518164157867	-0.015096466057002544	0.13729622960090637	0.0019495021551847458	-0.08581503480672836	0.06965646892786026	-0.13563735783100128	0.015345461666584015	-0.14986073970794678	0.11783524602651596	-0.1480482965707779	-0.04694536328315735	-0.07334865629673004	0.08888301998376846	0.025236735120415688	-0.05234674736857414	0.24445238709449768	0.06610889732837677	0.2988368570804596	-0.09608327597379684	-0.029729869216680527	-0.01682968996465206	-0.0963536873459816	0.08629350364208221	0.08877281099557877	-0.2548385262489319	0.1682453751564026	-0.01796971820294857	-0.11370789259672165	0.12307143956422806	0.15179064869880676
-0.003464240115135908	0.08831239491701126	-0.1018550843000412	-0.15006157755851746	0.01478763297200203	-0.032335326075553894	0.08015965670347214	-0.01884722337126732	-0.015947559848427773	0.16448166966438293	0.009359411895275116	-0.06761805713176727	-0.028882067650556564	-0.07193989306688309	-0.07250215858221054	0.04543827474117279	-0.015443217009305954	-0.23626163601875305	0.01782657764852047	0.26581284403800964	0.09899436682462692	-0.0811660960316658	0.03123830258846283	-0.20845583081245422	0.1292927861213684	-0.08275807648897171	0.20969314873218536	0.03317504748702049	0.2807557284832001	0.022979537025094032	0.041887007653713226	0.1236206591129303	-0.09564357250928879	-0.09378518164157867	-0.015096466057002544	0.13729622960090637	0.0019495021551847458	-0.08581503480672836	0.06965646892786026	-0.13563735783100128	0.015345461666584015	-0.14986073970794678	0.11783524602651596	-0.1480482965707779	-0.04694536328315735	-0.07334865629673004	0.08888301998376846	0.025236735120415688	-0.05234674736857414	0.24445238709449768	0.06610889732837677	0.2988368570804596	-0.09608327597379684	-0.029729869216680527	-0.01682968996465206	-0.0963536873459816	0.08629350364208221	0.08877281099557877	-0.2548385262489319	0.1682453751564026	-0.01796971820294857	-0.11370789259672165	0.12307143956422806	0.15179064869880676
-0.05415252596139908	-0.09731362015008926	0.05194571241736412	-0.00553659163415432	-0.15175893902778625	-0.012794469483196735	0.0390373170375824	0.004225258249789476	-0.04487108066678047	0.09852460026741028	0.037351448088884354	0.03386569768190384	0.1407393515110016	0.0003388742625247687	-0.15014541149139404	0.014459826052188873	0.057090576738119125	0.10660281032323837	-0.008849105797708035	-0.06075453758239746	0.05968165397644043	-0.024438519030809402	0.004204956814646721	0.08449626713991165	-0.13179434835910797	-0.002134911948814988	-0.07244612276554108	-0.01775633916258812	-0.053626928478479385	0.20001815259456635	-0.020886274054646492	0.017919111996889114	-0.08166221529245377	0.07497729361057281	-0.04814353957772255	0.0029862031806260347	-0.03327608108520508	-0.11444205045700073	0.0047659436240792274	0.013603107072412968	-0.05097266286611557	-0.015266401693224907	-0.026352521032094955	-0.08443218469619751	-0.03778832405805588	-0.06266190111637115	-0.05184037983417511	-0.09949227422475815	-0.05123601853847504	-0.02845887467265129	-0.08347418904304504	-0.10221056640148163	-0.08409161865711212	0.05625427886843681	-0.04349922388792038	-0.011190029792487621	0.08501653373241425	-0.04442061111330986	0.01944071613252163	0.016771839931607246	-0.007248962298035622	-0.07684379816055298	-0.04922841489315033	0.0375390350818634
-0.003464240115135908	0.08831239491701126	-0.1018550843000412	-0.15006157755851746	0.01478763297200203	-0.032335326075553894	0.08015965670347214	-0.01884722337126732	-0.015947559848427773	0.16448166966438293	0.009359411895275116	-0.06761805713176727	-0.028882067650556564	-0.07193989306688309	-0.07250215858221054	0.04543827474117279	-0.015443217009305954	-0.23626163601875305	0.01782657764852047	0.26581284403800964	0.09899436682462692	-0.0811660960316658	0.03123830258846283	-0.20845583081245422	0.1292927861213684	-0.08275807648897171	0.20969314873218536	0.03317504748702049	0.2807557284832001	0.022979537025094032	0.041887007653713226	0.1236206591129303	-0.09564357250928879	-0.09378518164157867	-0.015096466057002544	0.13729622960090637	0.0019495021551847458	-0.08581503480672836	0.06965646892786026	-0.13563735783100128	0.015345461666584015	-0.14986073970794678	0.11783524602651596	-0.1480482965707779	-0.04694536328315735	-0.07334865629673004	0.08888301998376846	0.025236735120415688	-0.05234674736857414	0.24445238709449768	0.06610889732837677	0.2988368570804596	-0.09608327597379684	-0.029729869216680527	-0.01682968996465206	-0.0963536873459816	0.08629350364208221	0.08877281099557877	-0.2548385262489319	0.1682453751564026	-0.01796971820294857	-0.11370789259672165	0.12307143956422806	0.15179064869880676
-0.003464240115135908	0.08831239491701126	-0.1018550843000412	-0.15006157755851746	0.01478763297200203	-0.032335326075553894	0.08015965670347214	-0.01884722337126732	-0.015947559848427773	0.16448166966438293	0.009359411895275116	-0.06761805713176727	-0.028882067650556564	-0.07193989306688309	-0.07250215858221054	0.04543827474117279	-0.015443217009305954	-0.23626163601875305	0.01782657764852047	0.26581284403800964	0.09899436682462692	-0.0811660960316658	0.03123830258846283	-0.20845583081245422	0.1292927861213684	-0.08275807648897171	0.20969314873218536	0.03317504748702049	0.2807557284832001	0.022979537025094032	0.041887007653713226	0.1236206591129303	-0.09564357250928879	-0.09378518164157867	-0.015096466057002544	0.13729622960090637	0.0019495021551847458	-0.08581503480672836	0.06965646892786026	-0.13563735783100128	0.015345461666584015	-0.14986073970794678	0.11783524602651596	-0.1480482965707779	-0.04694536328315735	-0.07334865629673004	0.08888301998376846	0.025236735120415688	-0.05234674736857414	0.24445238709449768	0.06610889732837677	0.2988368570804596	-0.09608327597379684	-0.029729869216680527	-0.01682968996465206	-0.0963536873459816	0.08629350364208221	0.08877281099557877	-0.2548385262489319	0.1682453751564026	-0.01796971820294857	-0.11370789259672165	0.12307143956422806	0.15179064869880676
-0.003464240115135908	0.08831239491701126	-0.1018550843000412	-0.15006157755851746	0.01478763297200203	-0.032335326075553894	0.08015965670347214	-0.01884722337126732	-0.015947559848427773	0.16448166966438293	0.009359411895275116	-0.06761805713176727	-0.028882067650556564	-0.07193989306688309	-0.07250215858221054	0.04543827474117279	-0.015443217009305954	-0.23626163601875305	0.01782657764852047	0.26581284403800964	0.09899436682462692	-0.0811660960316658	0.03123830258846283	-0.20845583081245422	0.1292927861213684	-0.08275807648897171	0.20969314873218536	0.03317504748702049	0.2807557284832001	0.022979537025094032	0.041887007653713226	0.1236206591129303	-0.09564357250928879	-0.09378518164157867	-0.015096466057002544	0.13729622960090637	0.0019495021551847458	-0.08581503480672836	0.06965646892786026	-0.13563735783100128	0.015345461666584015	-0.14986073970794678	0.11783524602651596	-0.1480482965707779	-0.04694536328315735	-0.07334865629673004	0.08888301998376846	0.025236735120415688	-0.05234674736857414	0.24445238709449768	0.06610889732837677	0.2988368570804596	-0.09608327597379684	-0.029729869216680527	-0.01682968996465206	-0.0963536873459816	0.08629350364208221	0.08877281099557877	-0.2548385262489319	0.1682453751564026	-0.01796971820294857	-0.11370789259672165	0.12307143956422806	0.15179064869880676
-0.003464240115135908	0.08831239491701126	-0.1018550843000412	-0.15006157755851746	0.01478763297200203	-0.032335326075553894	0.08015965670347214	-0.01884722337126732	-0.015947559848427773	0.16448166966438293	0.009359411895275116	-0.06761805713176727	-0.028882067650556564	-0.07193989306688309	-0.07250215858221054	0.04543827474117279	-0.015443217009305954	-0.23626163601875305	0.01782657764852047	0.26581284403800964	0.09899436682462692	-0.0811660960316658	0.03123830258846283	-0.20845583081245422	0.1292927861213684	-0.08275807648897171	0.20969314873218536	0.03317504748702049	0.2807557284832001	0.022979537025094032	0.041887007653713226	0.1236206591129303	-0.09564357250928879	-0.09378518164157867	-0.015096466057002544	0.13729622960090637	0.0019495021551847458	-0.08581503480672836	0.06965646892786026	-0.13563735783100128	0.015345461666584015	-0.14986073970794678	0.11783524602651596	-0.1480482965707779	-0.04694536328315735	-0.07334865629673004	0.08888301998376846	0.025236735120415688	-0.05234674736857414	0.24445238709449768	0.06610889732837677	0.2988368570804596	-0.09608327597379684	-0.029729869216680527	-0.01682968996465206	-0.0963536873459816	0.08629350364208221	0.08877281099557877	-0.2548385262489319	0.1682453751564026	-0.01796971820294857	-0.11370789259672165	0.12307143956422806	0.15179064869880676
-0.05415252596139908	-0.09731362015008926	0.05194571241736412	-0.00553659163415432	-0.15175893902778625	-0.012794469483196735	0.0390373170375824	0.004225258249789476	-0.04487108066678047	0.09852460026741028	0.037351448088884354	0.03386569768190384	0.1407393515110016	0.0003388742625247687	-0.15014541149139404	0.014459826052188873	0.057090576738119125	0.10660281032323837	-0.008849105797708035	-0.06075453758239746	0.05968165397644043	-0.024438519030809402	0.004204956814646721	0.08449626713991165	-0.13179434835910797	-0.002134911948814988	-0.07244612276554108	-0.01775633916258812	-0.053626928478479385	0.20001815259456635	-0.020886274054646492	0.017919111996889114	-0.08166221529245377	0.07497729361057281	-0.04814353957772255	0.0029862031806260347	-0.03327608108520508	-0.11444205045700073	0.0047659436240792274	0.013603107072412968	-0.05097266286611557	-0.015266401693224907	-0.026352521032094955	-0.08443218469619751	-0.03778832405805588	-0.06266190111637115	-0.05184037983417511	-0.09949227422475815	-0.05123601853847504	-0.02845887467265129	-0.08347418904304504	-0.10221056640148163	-0.08409161865711212	0.05625427886843681	-0.04349922388792038	-0.011190029792487621	0.08501653373241425	-0.04442061111330986	0.01944071613252163	0.016771839931607246	-0.007248962298035622	-0.07684379816055298	-0.04922841489315033	0.0375390350818634
-0.003464240115135908	0.08831239491701126	-0.1018550843000412	-0.15006157755851746	0.01478763297200203	-0.032335326075553894	0.08015965670347214	-0.01884722337126732	-0.015947559848427773	0.16448166966438293	0.009359411895275116	-0.06761805713176727	-0.028882067650556564	-0.07193989306688309	-0.07250215858221054	0.04543827474117279	-0.015443217009305954	-0.23626163601875305	0.01782657764852047	0.26581284403800964	0.09899436682462692	-0.0811660960316658	0.03123830258846283	-0.20845583081245422	0.1292927861213684	-0.08275807648897171	0.20969314873218536	0.03317504748702049	0.2807557284832001	0.022979537025094032	0.041887007653713226	0.1236206591129303	-0.09564357250928879	-0.09378518164157867	-0.015096466057002544	0.13729622960090637	0.0019495021551847458	-0.08581503480672836	0.06965646892786026	-0.13563735783100128	0.015345461666584015	-0.14986073970794678	0.11783524602651596	-0.1480482965707779	-0.04694536328315735	-0.07334865629673004	0.08888301998376846	0.025236735120415688	-0.05234674736857414	0.24445238709449768	0.06610889732837677	0.2988368570804596	-0.09608327597379684	-0.029729869216680527	-0.01682968996465206	-0.0963536873459816	0.08629350364208221	0.08877281099557877	-0.2548385262489319	0.1682453751564026	-0.01796971820294857	-0.11370789259672165	0.12307143956422806	0.15179064869880676
0.08038521558046341	0.0005135754472576082	-0.03376169502735138	0.23375463485717773	0.1294708102941513	0.14429903030395508	-0.07833225280046463	0.06580182909965515	-0.11050254851579666	0.1977536976337433	-0.12655436992645264	-0.30332252383232117	-0.07545731216669083	-0.2094477117061615	0.27855631709098816	0.05201869457960129	-0.21266701817512512	0.06642396748065948	-0.24257884919643402	0.31215059757232666	-0.14309075474739075	0.09932616353034973	0.08049463480710983	0.04576275497674942	0.22676925361156464	0.26980677247047424	-0.007524337153881788	0.31235137581825256	0.1862468272447586	-0.36587899923324585	0.021694915369153023	0.15989486873149872	0.003825615392997861	0.00021981954341754317	-0.04099944978952408	-0.0265986118465662	0.11322177946567535	0.21519088745117188	-0.0234165508300066	0.09166724979877472	0.21209150552749634	0.12371693551540375	0.08245421946048737	0.05577344074845314	0.12155060470104218	-0.11637064814567566	0.18642176687717438	0.16492027044296265	-0.19432726502418518	-0.125377357006073	0.07976943254470825	0.09477081149816513	0.1760140061378479	0.0550137497484684	-0.005199932027608156	-0.07530691474676132	-0.039003636687994	0.03430863097310066	-0.11450127512216568	-0.06632666289806366	0.08638633042573929	-0.14672110974788666	0.10121762752532959	0.058468081057071686
-0.05415252596139908	-0.09731362015008926	0.05194571241736412	-0.00553659163415432	-0.15175893902778625	-0.012794469483196735	0.0390373170375824	0.004225258249789476	-0.04487108066678047	0.09852460026741028	0.037351448088884354	0.03386569768190384	0.1407393515110016	0.0003388742625247687	-0.15014541149139404	0.014459826052188873	0.057090576738119125	0.10660281032323837	-0.008849105797708035	-0.06075453758239746	0.05968165397644043	-0.024438519030809402	0.004204956814646721	0.08449626713991165	-0.13179434835910797	-0.002134911948814988	-0.07244612276554108	-0.01775633916258812	-0.053626928478479385	0.20001815259456635	-0.020886274054646492	0.017919111996889114	-0.08166221529245377	0.07497729361057281	-0.04814353957772255	0.0029862031806260347	-0.03327608108520508	-0.11444205045700073	0.0047659436240792274	0.013603107072412968	-0.05097266286611557	-0.015266401693224907	-0.026352521032094955	-0.08443218469619751	-0.03778832405805588	-0.06266190111637115	-0.05184037983417511	-0.09949227422475815	-0.05123601853847504	-0.02845887467265129	-0.08347418904304504	-0.10221056640148163	-0.08409161865711212	0.05625427886843681	-0.04349922388792038	-0.011190029792487621	0.08501653373241425	-0.04442061111330986	0.01944071613252163	0.016771839931607246	-0.007248962298035622	-0.07684379816055298	-0.04922841489315033	0.0375390350818634
-0.003464240115135908	0.08831239491701126	-0.1018550843000412	-0.15006157755851746	0.01478763297200203	-0.032335326075553894	0.08015965670347214	-0.01884722337126732	-0.015947559848427773	0.16448166966438293	0.009359411895275116	-0.06761805713176727	-0.028882067650556564	-0.07193989306688309	-0.07250215858221054	0.04543827474117279	-0.015443217009305954	-0.23626163601875305	0.01782657764852047	0.26581284403800964	0.09899436682462692	-0.0811660960316658	0.03123830258846283	-0.20845583081245422	0.1292927861213684	-0.08275807648897171	0.20969314873218536	0.03317504748702049	0.2807557284832001	0.022979537025094032	0.041887007653713226	0.1236206591129303	-0.09564357250928879	-0.09378518164157867	-0.015096466057002544	0.13729622960090637	0.0019495021551847458	-0.08581503480672836	0.06965646892786026	-0.13563735783100128	0.015345461666584015	-0.14986073970794678	0.11783524602651596	-0.1480482965707779	-0.04694536328315735	-0.07334865629673004	0.08888301998376846	0.025236735120415688	-0.05234674736857414	0.24445238709449768	0.06610889732837677	0.2988368570804596	-0.09608327597379684	-0.029729869216680527	-0.01682968996465206	-0.0963536873459816	0.08629350364208221	0.08877281099557877	-0.2548385262489319	0.1682453751564026	-0.01796971820294857	-0.11370789259672165	0.12307143956422806	0.15179064869880676
-0.003464240115135908	0.08831239491701126	-0.1018550843000412	-0.15006157755851746	0.01478763297200203	-0.032335326075553894	0.08015965670347214	-0.01884722337126732	-0.015947559848427773	0.16448166966438293	0.009359411895275116	-0.06761805713176727	-0.028882067650556564	-0.07193989306688309	-0.07250215858221054	0.04543827474117279	-0.015443217009305954	-0.23626163601875305	0.01782657764852047	0.26581284403800964	0.09899436682462692	-0.0811660960316658	0.03123830258846283	-0.20845583081245422	0.1292927861213684	-0.08275807648897171	0.20969314873218536	0.03317504748702049	0.2807557284832001	0.022979537025094032	0.041887007653713226	0.1236206591129303	-0.09564357250928879	-0.09378518164157867	-0.015096466057002544	0.13729622960090637	0.0019495021551847458	-0.08581503480672836	0.06965646892786026	-0.13563735783100128	0.015345461666584015	-0.14986073970794678	0.11783524602651596	-0.1480482965707779	-0.04694536328315735	-0.07334865629673004	0.08888301998376846	0.025236735120415688	-0.05234674736857414	0.24445238709449768	0.06610889732837677	0.2988368570804596	-0.09608327597379684	-0.029729869216680527	-0.01682968996465206	-0.0963536873459816	0.08629350364208221	0.08877281099557877	-0.2548385262489319	0.1682453751564026	-0.01796971820294857	-0.11370789259672165	0.12307143956422806	0.15179064869880676
-0.05415252596139908	-0.09731362015008926	0.05194571241736412	-0.00553659163415432	-0.15175893902778625	-0.012794469483196735	0.0390373170375824	0.004225258249789476	-0.04487108066678047	0.09852460026741028	0.037351448088884354	0.03386569768190384	0.1407393515110016	0.0003388742625247687	-0.15014541149139404	0.014459826052188873	0.057090576738119125	0.10660281032323837	-0.008849105797708035	-0.06075453758239746	0.05968165397644043	-0.024438519030809402	0.004204956814646721	0.08449626713991165	-0.13179434835910797	-0.002134911948814988	-0.07244612276554108	-0.01775633916258812	-0.053626928478479385	0.20001815259456635	-0.020886274054646492	0.017919111996889114	-0.08166221529245377	0.07497729361057281	-0.04814353957772255	0.0029862031806260347	-0.03327608108520508	-0.11444205045700073	0.0047659436240792274	0.013603107072412968	-0.05097266286611557	-0.015266401693224907	-0.026352521032094955	-0.08443218469619751	-0.03778832405805588	-0.06266190111637115	-0.05184037983417511	-0.09949227422475815	-0.05123601853847504	-0.02845887467265129	-0.08347418904304504	-0.10221056640148163	-0.08409161865711212	0.05625427886843681	-0.04349922388792038	-0.011190029792487621	0.08501653373241425	-0.04442061111330986	0.01944071613252163	0.016771839931607246	-0.007248962298035622	-0.07684379816055298	-0.04922841489315033	0.0375390350818634
-0.05415252596139908	-0.09731362015008926	0.05194571241736412	-0.00553659163415432	-0.15175893902778625	-0.012794469483196735	0.0390373170375824	0.004225258249789476	-0.04487108066678047	0.09852460026741028	0.037351448088884354	0.03386569768190384	0.1407393515110016	0.0003388742625247687	-0.15014541149139404	0.014459826052188873	0.057090576738119125	0.10660281032323837	-0.008849105797708035	-0.06075453758239746	0.05968165397644043	-0.024438519030809402	0.004204956814646721	0.08449626713991165	-0.13179434835910797	-0.002134911948814988	-0.07244612276554108	-0.01775633916258812	-0.053626928478479385	0.20001815259456635	-0.020886274054646492	0.017919111996889114	-0.08166221529245377	0.07497729361057281	-0.04814353957772255	0.0029862031806260347	-0.03327608108520508	-0.11444205045700073	0.0047659436240792274	0.013603107072412968	-0.05097266286611557	-0.015266401693224907	-0.026352521032094955	-0.08443218469619751	-0.03778832405805588	-0.06266190111637115	-0.05184037983417511	-0.09949227422475815	-0.05123601853847504	-0.02845887467265129	-0.08347418904304504	-0.10221056640148163	-0.08409161865711212	0.05625427886843681	-0.04349922388792038	-0.011190029792487621	0.08501653373241425	-0.04442061111330986	0.01944071613252163	0.016771839931607246	-0.007248962298035622	-0.07684379816055298	-0.04922841489315033	0.0375390350818634
0.00793988723307848	0.004525001626461744	0.010171172209084034	-0.059145472943782806	0.06937368959188461	0.26912277936935425	-0.020908953621983528	0.11031358689069748	0.12022843956947327	0.04232555627822876	-0.06140780448913574	0.1624724119901657	0.08216725289821625	-0.07121115177869797	0.14113259315490723	0.130079448223114	0.1705837994813919	0.13306933641433716	-0.004423731006681919	0.04356296360492706	-0.09063662588596344	-0.030827030539512634	-0.07730340212583542	0.04391664266586304	0.02886890433728695	0.02367858774960041	0.020472614094614983	0.14174939692020416	-0.11792638152837753	-0.02576540969312191	-0.024155138060450554	0.12228121608495712	-0.2253120243549347	-0.07352866977453232	0.03053237311542034	-0.020261086523532867	-0.009128112345933914	-0.11100992560386658	-0.18924002349376678	0.011733918450772762	0.18220847845077515	0.04910073056817055	-0.10182513296604156	-0.15794627368450165	0.08819806575775146	0.06215694919228554	0.1660492718219757	-0.0007915295427665114	-0.07097276300191879	0.01432794239372015	-0.02735348604619503	-0.03415324538946152	0.019635839387774467	0.025130264461040497	0.04354897886514664	0.04874445125460625	0.12795966863632202	-0.09785152971744537	0.03670186921954155	0.14141295850276947	0.07637135684490204	0.016099970787763596	0.019640333950519562	-0.03407514840364456
0.11929653584957123	-0.0013416704023256898	0.06346648931503296	0.07859935611486435	0.18602889776229858	-0.09999958425760269	-0.09204372018575668	-0.07183012366294861	0.02568877674639225	-0.03807350620627403	0.13054995238780975	-0.07965318113565445	-0.29279208183288574	0.17273642122745514	0.3825731575489044	-0.07860445976257324	-0.1594419628381729	-0.19594918191432953	0.35280442237854004	0.07716010510921478	-0.1617400050163269	-0.12103654444217682	0.10447199642658234	0.015289222821593285	0.12317374348640442	0.18608412146568298	-0.1169435977935791	-0.018949195742607117	0.07766702026128769	-0.30611807107925415	0.00857866182923317	-0.08885952085256577	0.2663250267505646	-0.07047044485807419	-0.015217375010251999	-0.04293941333889961	-0.03440077230334282	0.05162651091814041	0.047778308391571045	-0.10578722506761551	0.16154342889785767	0.03795325383543968	0.12309648841619492	0.21467114984989166	-0.13590018451213837	0.15221019089221954	0.013507218100130558	0.13001225888729095	0.22255493700504303	-0.15607072412967682	0.020780721679329872	-0.08676879853010178	0.0879824161529541	-0.2628805339336395	0.14090432226657867	-0.0421048067510128	-0.1764722317457199	-0.07714303582906723	0.012470999732613564	-0.2303338348865509	0.03822740167379379	0.1674206703901291	-0.05803913250565529	0.15890569984912872
-0.05415252596139908	-0.09731362015008926	0.05194571241736412	-0.00553659163415432	-0.15175893902778625	-0.012794469483196735	0.0390373170375824	0.004225258249789476	-0.04487108066678047	0.09852460026741028	0.037351448088884354	0.03386569768190384	0.1407393515110016	0.0003388742625247687	-0.15014541149139404	0.014459826052188873	0.057090576738119125	0.10660281032323837	-0.008849105797708035	-0.06075453758239746	0.05968165397644043	-0.024438519030809402	0.004204956814646721	0.08449626713991165	-0.13179434835910797	-0.002134911948814988	-0.07244612276554108	-0.01775633916258812	-0.053626928478479385	0.20001815259456635	-0.020886274054646492	0.017919111996889114	-0.08166221529245377	0.07497729361057281	-0.04814353957772255	0.0029862031806260347	-0.03327608108520508	-0.11444205045700073	0.0047659436240792274	0.013603107072412968	-0.05097266286611557	-0.015266401693224907	-0.026352521032094955	-0.08443218469619751	-0.03778832405805588	-0.06266190111637115	-0.05184037983417511	-0.09949227422475815	-0.05123601853847504	-0.02845887467265129	-0.08347418904304504	-0.10221056640148163	-0.08409161865711212	0.05625427886843681	-0.04349922388792038	-0.011190029792487621	0.08501653373241425	-0.04442061111330986	0.01944071613252163	0.016771839931607246	-0.007248962298035622	-0.07684379816055298	-0.04922841489315033	0.0375390350818634
-0.003464240115135908	0.08831239491701126	-0.1018550843000412	-0.15006157755851746	0.01478763297200203	-0.032335326075553894	0.08015965670347214	-0.01884722337126732	-0.015947559848427773	0.16448166966438293	0.009359411895275116	-0.06761805713176727	-0.028882067650556564	-0.07193989306688309	-0.07250215858221054	0.04543827474117279	-0.015443217009305954	-0.23626163601875305	0.01782657764852047	0.26581284403800964	0.09899436682462692	-0.0811660960316658	0.03123830258846283	-0.20845583081245422	0.1292927861213684	-0.08275807648897171	0.20969314873218536	0.03317504748702049	0.2807557284832001	0.022979537025094032	0.041887007653713226	0.1236206591129303	-0.09564357250928879	-0.09378518164157867	-0.015096466057002544	0.13729622960090637	0.0019495021551847458	-0.08581503480672836	0.06965646892786026	-0.13563735783100128	0.015345461666584015	-0.14986073970794678	0.11783524602651596	-0.1480482965707779	-0.04694536328315735	-0.07334865629673004	0.08888301998376846	0.025236735120415688	-0.05234674736857414	0.24445238709449768	0.06610889732837677	0.2988368570804596	-0.09608327597379684	-0.029729869216680527	-0.01682968996465206	-0.0963536873459816	0.08629350364208221	0.08877281099557877	-0.2548385262489319	0.1682453751564026	-0.01796971820294857	-0.11370789259672165	0.12307143956422806	0.15179064869880676
-0.07583089172840118	0.1548813134431839	-0.023502053692936897	0.046011991798877716	0.09905874729156494	-0.12846434116363525	-0.09718049317598343	-0.012068027630448341	-0.04282863810658455	-0.24094752967357635	-0.0918889120221138	-0.10374733805656433	-0.013719058595597744	0.07049937546253204	-0.26458147168159485	-0.059393465518951416	-0.2310243546962738	0.25690901279449463	-0.1642841398715973	-0.308129221200943	0.14804935455322266	-0.03844616562128067	-0.21360516548156738	0.16822782158851624	-0.004977526143193245	-0.20785857737064362	0.04563566669821739	-0.03671136125922203	-0.12498302757740021	0.16977311670780182	-0.21586531400680542	0.02378316968679428	0.12950335443019867	-0.021169770509004593	-0.04467152804136276	-0.03388182446360588	0.031493861228227615	0.02039790339767933	0.016703100875020027	-0.023359086364507675	-0.21701589226722717	0.13892368972301483	-0.09431672096252441	0.19872047007083893	0.1997494250535965	0.07444683462381363	-0.1734880805015564	-0.01088742446154356	0.0686965361237526	-0.10892776399850845	-0.020133832469582558	-0.0993184968829155	0.033174555748701096	-0.01112400833517313	0.06416906416416168	0.01721571944653988	-0.12926602363586426	-0.0048854900524020195	0.27416375279426575	0.05699137598276138	0.15242566168308258	0.03750953450798988	0.022052280604839325	-0.037245556712150574
-0.003464240115135908	0.08831239491701126	-0.1018550843000412	-0.15006157755851746	0.01478763297200203	-0.032335326075553894	0.08015965670347214	-0.01884722337126732	-0.015947559848427773	0.16448166966438293	0.009359411895275116	-0.06761805713176727	-0.028882067650556564	-0.07193989306688309	-0.07250215858221054	0.04543827474117279	-0.015443217009305954	-0.23626163601875305	0.01782657764852047	0.26581284403800964	0.09899436682462692	-0.0811660960316658	0.03123830258846283	-0.20845583081245422	0.1292927861213684	-0.08275807648897171	0.20969314873218536	0.03317504748702049	0.2807557284832001	0.022979537025094032	0.041887007653713226	0.1236206591129303	-0.09564357250928879	-0.09378518164157867	-0.015096466057002544	0.13729622960090637	0.0019495021551847458	-0.08581503480672836	0.06965646892786026	-0.13563735783100128	0.015345461666584015	-0.14986073970794678	0.11783524602651596	-0.1480482965707779	-0.04694536328315735	-0.07334865629673004	0.08888301998376846	0.025236735120415688	-0.05234674736857414	0.24445238709449768	0.06610889732837677	0.2988368570804596	-0.09608327597379684	-0.029729869216680527	-0.01682968996465206	-0.0963536873459816	0.08629350364208221	0.08877281099557877	-0.2548385262489319	0.1682453751564026	-0.01796971820294857	-0.11370789259672165	0.12307143956422806	0.15179064869880676
-0.003464240115135908	0.08831239491701126	-0.1018550843000412	-0.15006157755851746	0.01478763297200203	-0.032335326075553894	0.08015965670347214	-0.01884722337126732	-0.015947559848427773	0.16448166966438293	0.009359411895275116	-0.06761805713176727	-0.028882067650556564	-0.07193989306688309	-0.07250215858221054	0.04543827474117279	-0.015443217009305954	-0.23626163601875305	0.01782657764852047	0.26581284403800964	0.09899436682462692	-0.0811660960316658	0.03123830258846283	-0.20845583081245422	0.1292927861213684	-0.08275807648897171	0.20969314873218536	0.03317504748702049	0.2807557284832001	0.022979537025094032	0.041887007653713226	0.1236206591129303	-0.09564357250928879	-0.09378518164157867	-0.015096466057002544	0.13729622960090637	0.0019495021551847458	-0.08581503480672836	0.06965646892786026	-0.13563735783100128	0.015345461666584015	-0.14986073970794678	0.11783524602651596	-0.1480482965707779	-0.04694536328315735	-0.07334865629673004	0.08888301998376846	0.025236735120415688	-0.05234674736857414	0.24445238709449768	0.06610889732837677	0.2988368570804596	-0.09608327597379684	-0.029729869216680527	-0.01682968996465206	-0.0963536873459816	0.08629350364208221	0.08877281099557877	-0.2548385262489319	0.1682453751564026	-0.01796971820294857	-0.11370789259672165	0.12307143956422806	0.15179064869880676
-0.003464240115135908	0.08831239491701126	-0.1018550843000412	-0.15006157755851746	0.01478763297200203	-0.032335326075553894	0.08015965670347214	-0.01884722337126732	-0.015947559848427773	0.16448166966438293	0.009359411895275116	-0.06761805713176727	-0.028882067650556564	-0.07193989306688309	-0.07250215858221054	0.04543827474117279	-0.015443217009305954	-0.23626163601875305	0.01782657764852047	0.26581284403800964	0.09899436682462692	-0.0811660960316658	0.03123830258846283	-0.20845583081245422	0.1292927861213684	-0.08275807648897171	0.20969314873218536	0.03317504748702049	0.2807557284832001	0.022979537025094032	0.041887007653713226	0.1236206591129303	-0.09564357250928879	-0.09378518164157867	-0.015096466057002544	0.13729622960090637	0.0019495021551847458	-0.08581503480672836	0.06965646892786026	-0.13563735783100128	0.015345461666584015	-0.14986073970794678	0.11783524602651596	-0.1480482965707779	-0.04694536328315735	-0.07334865629673004	0.08888301998376846	0.025236735120415688	-0.05234674736857414	0.24445238709449768	0.06610889732837677	0.2988368570804596	-0.09608327597379684	-0.029729869216680527	-0.01682968996465206	-0.0963536873459816	0.08629350364208221	0.08877281099557877	-0.2548385262489319	0.1682453751564026	-0.01796971820294857	-0.11370789259672165	0.12307143956422806	0.15179064869880676
-0.003464240115135908	0.08831239491701126	-0.1018550843000412	-0.15006157755851746	0.01478763297200203	-0.032335326075553894	0.08015965670347214	-0.01884722337126732	-0.015947559848427773	0.16448166966438293	0.009359411895275116	-0.06761805713176727	-0.028882067650556564	-0.07193989306688309	-0.07250215858221054	0.04543827474117279	-0.015443217009305954	-0.23626163601875305	0.01782657764852047	0.26581284403800964	0.09899436682462692	-0.0811660960316658	0.03123830258846283	-0.20845583081245422	0.1292927861213684	-0.08275807648897171	0.20969314873218536	0.03317504748702049	0.2807557284832001	0.022979537025094032	0.041887007653713226	0.1236206591129303	-0.09564357250928879	-0.09378518164157867	-0.015096466057002544	0.13729622960090637	0.0019495021551847458	-0.08581503480672836	0.06965646892786026	-0.13563735783100128	0.015345461666584015	-0.14986073970794678	0.11783524602651596	-0.1480482965707779	-0.04694536328315735	-0.07334865629673004	0.08888301998376846	0.025236735120415688	-0.05234674736857414	0.24445238709449768	0.06610889732837677	0.2988368570804596	-0.09608327597379684	-0.029729869216680527	-0.01682968996465206	-0.0963536873459816	0.08629350364208221	0.08877281099557877	-0.2548385262489319	0.1682453751564026	-0.01796971820294857	-0.11370789259672165	0.12307143956422806	0.15179064869880676
-0.003464240115135908	0.08831239491701126	-0.1018550843000412	-0.15006157755851746	0.01478763297200203	-0.032335326075553894	0.08015965670347214	-0.01884722337126732	-0.015947559848427773	0.16448166966438293	0.009359411895275116	-0.06761805713176727	-0.028882067650556564	-0.07193989306688309	-0.07250215858221054	0.04543827474117279	-0.015443217009305954	-0.23626163601875305	0.01782657764852047	0.26581284403800964	0.09899436682462692	-0.0811660960316658	0.03123830258846283	-0.20845583081245422	0.1292927861213684	-0.08275807648897171	0.20969314873218536	0.03317504748702049	0.2807557284832001	0.022979537025094032	0.041887007653713226	0.1236206591129303	-0.09564357250928879	-0.09378518164157867	-0.015096466057002544	0.13729622960090637	0.0019495021551847458	-0.08581503480672836	0.06965646892786026	-0.13563735783100128	0.015345461666584015	-0.14986073970794678	0.11783524602651596	-0.1480482965707779	-0.04694536328315735	-0.07334865629673004	0.08888301998376846	0.025236735120415688	-0.05234674736857414	0.24445238709449768	0.06610889732837677	0.2988368570804596	-0.09608327597379684	-0.029729869216680527	-0.01682968996465206	-0.0963536873459816	0.08629350364208221	0.08877281099557877	-0.2548385262489319	0.1682453751564026	-0.01796971820294857	-0.11370789259672165	0.12307143956422806	0.15179064869880676
-0.003464240115135908	0.08831239491701126	-0.1018550843000412	-0.15006157755851746	0.01478763297200203	-0.032335326075553894	0.08015965670347214	-0.01884722337126732	-0.015947559848427773	0.16448166966438293	0.009359411895275116	-0.06761805713176727	-0.028882067650556564	-0.07193989306688309	-0.07250215858221054	0.04543827474117279	-0.015443217009305954	-0.23626163601875305	0.01782657764852047	0.26581284403800964	0.09899436682462692	-0.0811660960316658	0.03123830258846283	-0.20845583081245422	0.1292927861213684	-0.08275807648897171	0.20969314873218536	0.03317504748702049	0.2807557284832001	0.022979537025094032	0.041887007653713226	0.1236206591129303	-0.09564357250928879	-0.09378518164157867	-0.015096466057002544	0.13729622960090637	0.0019495021551847458	-0.08581503480672836	0.06965646892786026	-0.13563735783100128	0.015345461666584015	-0.14986073970794678	0.11783524602651596	-0.1480482965707779	-0.04694536328315735	-0.07334865629673004	0.08888301998376846	0.025236735120415688	-0.05234674736857414	0.24445238709449768	0.06610889732837677	0.2988368570804596	-0.09608327597379684	-0.029729869216680527	-0.01682968996465206	-0.0963536873459816	0.08629350364208221	0.08877281099557877	-0.2548385262489319	0.1682453751564026	-0.01796971820294857	-0.11370789259672165	0.12307143956422806	0.15179064869880676
-0.003464240115135908	0.08831239491701126	-0.1018550843000412	-0.15006157755851746	0.01478763297200203	-0.032335326075553894	0.08015965670347214	-0.01884722337126732	-0.015947559848427773	0.16448166966438293	0.009359411895275116	-0.06761805713176727	-0.028882067650556564	-0.07193989306688309	-0.07250215858221054	0.04543827474117279	-0.015443217009305954	-0.23626163601875305	0.01782657764852047	0.26581284403800964	0.09899436682462692	-0.0811660960316658	0.03123830258846283	-0.20845583081245422	0.1292927861213684	-0.08275807648897171	0.20969314873218536	0.03317504748702049	0.2807557284832001	0.022979537025094032	0.041887007653713226	0.1236206591129303	-0.09564357250928879	-0.09378518164157867	-0.015096466057002544	0.13729622960090637	0.0019495021551847458	-0.08581503480672836	0.06965646892786026	-0.13563735783100128	0.015345461666584015	-0.14986073970794678	0.11783524602651596	-0.1480482965707779	-0.04694536328315735	-0.07334865629673004	0.08888301998376846	0.025236735120415688	-0.05234674736857414	0.24445238709449768	0.06610889732837677	0.2988368570804596	-0.09608327597379684	-0.029729869216680527	-0.01682968996465206	-0.0963536873459816	0.08629350364208221	0.08877281099557877	-0.2548385262489319	0.1682453751564026	-0.01796971820294857	-0.11370789259672165	0.12307143956422806	0.15179064869880676
-0.05415252596139908	-0.09731362015008926	0.05194571241736412	-0.00553659163415432	-0.15175893902778625	-0.012794469483196735	0.0390373170375824	0.004225258249789476	-0.04487108066678047	0.09852460026741028	0.037351448088884354	0.03386569768190384	0.1407393515110016	0.0003388742625247687	-0.15014541149139404	0.014459826052188873	0.057090576738119125	0.10660281032323837	-0.008849105797708035	-0.06075453758239746	0.05968165397644043	-0.024438519030809402	0.004204956814646721	0.08449626713991165	-0.13179434835910797	-0.002134911948814988	-0.07244612276554108	-0.01775633916258812	-0.053626928478479385	0.20001815259456635	-0.020886274054646492	0.017919111996889114	-0.08166221529245377	0.07497729361057281	-0.04814353957772255	0.0029862031806260347	-0.03327608108520508	-0.11444205045700073	0.0047659436240792274	0.013603107072412968	-0.05097266286611557	-0.015266401693224907	-0.026352521032094955	-0.08443218469619751	-0.03778832405805588	-0.06266190111637115	-0.05184037983417511	-0.09949227422475815	-0.05123601853847504	-0.02845887467265129	-0.08347418904304504	-0.10221056640148163	-0.08409161865711212	0.05625427886843681	-0.04349922388792038	-0.011190029792487621	0.08501653373241425	-0.04442061111330986	0.01944071613252163	0.016771839931607246	-0.007248962298035622	-0.07684379816055298	-0.04922841489315033	0.0375390350818634
-0.003464240115135908	0.08831239491701126	-0.1018550843000412	-0.15006157755851746	0.01478763297200203	-0.032335326075553894	0.08015965670347214	-0.01884722337126732	-0.015947559848427773	0.16448166966438293	0.009359411895275116	-0.06761805713176727	-0.028882067650556564	-0.07193989306688309	-0.07250215858221054	0.04543827474117279	-0.015443217009305954	-0.23626163601875305	0.01782657764852047	0.26581284403800964	0.09899436682462692	-0.0811660960316658	0.03123830258846283	-0.20845583081245422	0.1292927861213684	-0.08275807648897171	0.20969314873218536	0.03317504748702049	0.2807557284832001	0.022979537025094032	0.041887007653713226	0.1236206591129303	-0.09564357250928879	-0.09378518164157867	-0.015096466057002544	0.13729622960090637	0.0019495021551847458	-0.08581503480672836	0.06965646892786026	-0.13563735783100128	0.015345461666584015	-0.14986073970794678	0.11783524602651596	-0.1480482965707779	-0.04694536328315735	-0.07334865629673004	0.08888301998376846	0.025236735120415688	-0.05234674736857414	0.24445238709449768	0.06610889732837677	0.2988368570804596	-0.09608327597379684	-0.029729869216680527	-0.01682968996465206	-0.0963536873459816	0.08629350364208221	0.08877281099557877	-0.2548385262489319	0.1682453751564026	-0.01796971820294857	-0.11370789259672165	0.12307143956422806	0.15179064869880676
-0.003464240115135908	0.08831239491701126	-0.1018550843000412	-0.15006157755851746	0.01478763297200203	-0.032335326075553894	0.08015965670347214	-0.01884722337126732	-0.015947559848427773	0.16448166966438293	0.009359411895275116	-0.06761805713176727	-0.028882067650556564	-0.07193989306688309	-0.07250215858221054	0.04543827474117279	-0.015443217009305954	-0.23626163601875305	0.01782657764852047	0.26581284403800964	0.09899436682462692	-0.0811660960316658	0.03123830258846283	-0.20845583081245422	0.1292927861213684	-0.08275807648897171	0.20969314873218536	0.03317504748702049	0.2807557284832001	0.022979537025094032	0.041887007653713226	0.1236206591129303	-0.09564357250928879	-0.09378518164157867	-0.015096466057002544	0.13729622960090637	0.0019495021551847458	-0.08581503480672836	0.06965646892786026	-0.13563735783100128	0.015345461666584015	-0.14986073970794678	0.11783524602651596	-0.1480482965707779	-0.04694536328315735	-0.07334865629673004	0.08888301998376846	0.025236735120415688	-0.05234674736857414	0.24445238709449768	0.06610889732837677	0.2988368570804596	-0.09608327597379684	-0.029729869216680527	-0.01682968996465206	-0.0963536873459816	0.08629350364208221	0.08877281099557877	-0.2548385262489319	0.1682453751564026	-0.01796971820294857	-0.11370789259672165	0.12307143956422806	0.15179064869880676
-0.003464240115135908	0.08831239491701126	-0.1018550843000412	-0.15006157755851746	0.01478763297200203	-0.032335326075553894	0.08015965670347214	-0.01884722337126732	-0.015947559848427773	0.16448166966438293	0.009359411895275116	-0.06761805713176727	-0.028882067650556564	-0.07193989306688309	-0.07250215858221054	0.04543827474117279	-0.015443217009305954	-0.23626163601875305	0.01782657764852047	0.26581284403800964	0.09899436682462692	-0.0811660960316658	0.03123830258846283	-0.20845583081245422	0.1292927861213684	-0.08275807648897171	0.20969314873218536	0.03317504748702049	0.2807557284832001	0.022979537025094032	0.041887007653713226	0.1236206591129303	-0.09564357250928879	-0.09378518164157867	-0.015096466057002544	0.13729622960090637	0.0019495021551847458	-0.08581503480672836	0.06965646892786026	-0.13563735783100128	0.015345461666584015	-0.14986073970794678	0.11783524602651596	-0.1480482965707779	-0.04694536328315735	-0.07334865629673004	0.08888301998376846	0.025236735120415688	-0.05234674736857414	0.24445238709449768	0.06610889732837677	0.2988368570804596	-0.09608327597379684	-0.029729869216680527	-0.01682968996465206	-0.0963536873459816	0.08629350364208221	0.08877281099557877	-0.2548385262489319	0.1682453751564026	-0.01796971820294857	-0.11370789259672165	0.12307143956422806	0.15179064869880676
-0.003464240115135908	0.08831239491701126	-0.1018550843000412	-0.15006157755851746	0.01478763297200203	-0.032335326075553894	0.08015965670347214	-0.01884722337126732	-0.015947559848427773	0.16448166966438293	0.009359411895275116	-0.06761805713176727	-0.028882067650556564	-0.07193989306688309	-0.07250215858221054	0.04543827474117279	-0.015443217009305954	-0.23626163601875305	0.01782657764852047	0.26581284403800964	0.09899436682462692	-0.0811660960316658	0.03123830258846283	-0.20845583081245422	0.1292927861213684	-0.08275807648897171	0.20969314873218536	0.03317504748702049	0.2807557284832001	0.022979537025094032	0.041887007653713226	0.1236206591129303	-0.09564357250928879	-0.09378518164157867	-0.015096466057002544	0.13729622960090637	0.0019495021551847458	-0.08581503480672836	0.06965646892786026	-0.13563735783100128	0.015345461666584015	-0.14986073970794678	0.11783524602651596	-0.1480482965707779	-0.04694536328315735	-0.07334865629673004	0.08888301998376846	0.025236735120415688	-0.05234674736857414	0.24445238709449768	0.06610889732837677	0.2988368570804596	-0.09608327597379684	-0.029729869216680527	-0.01682968996465206	-0.0963536873459816	0.08629350364208221	0.08877281099557877	-0.2548385262489319	0.1682453751564026	-0.01796971820294857	-0.11370789259672165	0.12307143956422806	0.15179064869880676
-0.003464240115135908	0.08831239491701126	-0.1018550843000412	-0.15006157755851746	0.01478763297200203	-0.032335326075553894	0.08015965670347214	-0.01884722337126732	-0.015947559848427773	0.16448166966438293	0.009359411895275116	-0.06761805713176727	-0.028882067650556564	-0.07193989306688309	-0.07250215858221054	0.04543827474117279	-0.015443217009305954	-0.23626163601875305	0.01782657764852047	0.26581284403800964	0.09899436682462692	-0.0811660960316658	0.03123830258846283	-0.20845583081245422	0.1292927861213684	-0.08275807648897171	0.20969314873218536	0.03317504748702049	0.2807557284832001	0.022979537025094032	0.041887007653713226	0.1236206591129303	-0.09564357250928879	-0.09378518164157867	-0.015096466057002544	0.13729622960090637	0.0019495021551847458	-0.08581503480672836	0.06965646892786026	-0.13563735783100128	0.015345461666584015	-0.14986073970794678	0.11783524602651596	-0.1480482965707779	-0.04694536328315735	-0.07334865629673004	0.08888301998376846	0.025236735120415688	-0.05234674736857414	0.24445238709449768	0.06610889732837677	0.2988368570804596	-0.09608327597379684	-0.029729869216680527	-0.01682968996465206	-0.0963536873459816	0.08629350364208221	0.08877281099557877	-0.2548385262489319	0.1682453751564026	-0.01796971820294857	-0.11370789259672165	0.12307143956422806	0.15179064869880676
-0.05415252596139908	-0.09731362015008926	0.05194571241736412	-0.00553659163415432	-0.15175893902778625	-0.012794469483196735	0.0390373170375824	0.004225258249789476	-0.04487108066678047	0.09852460026741028	0.037351448088884354	0.03386569768190384	0.1407393515110016	0.0003388742625247687	-0.15014541149139404	0.014459826052188873	0.057090576738119125	0.10660281032323837	-0.008849105797708035	-0.06075453758239746	0.05968165397644043	-0.024438519030809402	0.004204956814646721	0.08449626713991165	-0.13179434835910797	-0.002134911948814988	-0.07244612276554108	-0.01775633916258812	-0.053626928478479385	0.20001815259456635	-0.020886274054646492	0.017919111996889114	-0.08166221529245377	0.07497729361057281	-0.04814353957772255	0.0029862031806260347	-0.03327608108520508	-0.11444205045700073	0.0047659436240792274	0.013603107072412968	-0.05097266286611557	-0.015266401693224907	-0.026352521032094955	-0.08443218469619751	-0.03778832405805588	-0.06266190111637115	-0.05184037983417511	-0.09949227422475815	-0.05123601853847504	-0.02845887467265129	-0.08347418904304504	-0.10221056640148163	-0.08409161865711212	0.05625427886843681	-0.04349922388792038	-0.011190029792487621	0.08501653373241425	-0.04442061111330986	0.01944071613252163	0.016771839931607246	-0.007248962298035622	-0.07684379816055298	-0.04922841489315033	0.0375390350818634
-0.05415252596139908	-0.09731362015008926	0.05194571241736412	-0.00553659163415432	-0.15175893902778625	-0.012794469483196735	0.0390373170375824	0.004225258249789476	-0.04487108066678047	0.09852460026741028	0.037351448088884354	0.03386569768190384	0.1407393515110016	0.0003388742625247687	-0.15014541149139404	0.014459826052188873	0.057090576738119125	0.10660281032323837	-0.008849105797708035	-0.06075453758239746	0.05968165397644043	-0.024438519030809402	0.004204956814646721	0.08449626713991165	-0.13179434835910797	-0.002134911948814988	-0.07244612276554108	-0.01775633916258812	-0.053626928478479385	0.20001815259456635	-0.020886274054646492	0.017919111996889114	-0.08166221529245377	0.07497729361057281	-0.04814353957772255	0.0029862031806260347	-0.03327608108520508	-0.11444205045700073	0.0047659436240792274	0.013603107072412968	-0.05097266286611557	-0.015266401693224907	-0.026352521032094955	-0.08443218469619751	-0.03778832405805588	-0.06266190111637115	-0.05184037983417511	-0.09949227422475815	-0.05123601853847504	-0.02845887467265129	-0.08347418904304504	-0.10221056640148163	-0.08409161865711212	0.05625427886843681	-0.04349922388792038	-0.011190029792487621	0.08501653373241425	-0.04442061111330986	0.01944071613252163	0.016771839931607246	-0.007248962298035622	-0.07684379816055298	-0.04922841489315033	0.0375390350818634
-0.05415252596139908	-0.09731362015008926	0.05194571241736412	-0.00553659163415432	-0.15175893902778625	-0.012794469483196735	0.0390373170375824	0.004225258249789476	-0.04487108066678047	0.09852460026741028	0.037351448088884354	0.03386569768190384	0.1407393515110016	0.0003388742625247687	-0.15014541149139404	0.014459826052188873	0.057090576738119125	0.10660281032323837	-0.008849105797708035	-0.06075453758239746	0.05968165397644043	-0.024438519030809402	0.004204956814646721	0.08449626713991165	-0.13179434835910797	-0.002134911948814988	-0.07244612276554108	-0.01775633916258812	-0.053626928478479385	0.20001815259456635	-0.020886274054646492	0.017919111996889114	-0.08166221529245377	0.07497729361057281	-0.04814353957772255	0.0029862031806260347	-0.03327608108520508	-0.11444205045700073	0.0047659436240792274	0.013603107072412968	-0.05097266286611557	-0.015266401693224907	-0.026352521032094955	-0.08443218469619751	-0.03778832405805588	-0.06266190111637115	-0.05184037983417511	-0.09949227422475815	-0.05123601853847504	-0.02845887467265129	-0.08347418904304504	-0.10221056640148163	-0.08409161865711212	0.05625427886843681	-0.04349922388792038	-0.011190029792487621	0.08501653373241425	-0.04442061111330986	0.01944071613252163	0.016771839931607246	-0.007248962298035622	-0.07684379816055298	-0.04922841489315033	0.0375390350818634
0.07451340556144714	-0.1302158385515213	-0.045159127563238144	-0.07461479306221008	-0.07400742918252945	0.013103063218295574	-0.12426639348268509	-0.12178903818130493	0.03863939642906189	-0.09348297119140625	0.01893361657857895	0.22222331166267395	0.025319594889879227	0.18991588056087494	0.1271955817937851	0.027260133996605873	0.15950407087802887	-0.09192687273025513	0.10910259187221527	-0.09660732001066208	-0.11986425518989563	0.14745497703552246	-0.025035033002495766	-0.1561252325773239	-0.10498674213886261	0.0496516227722168	-0.10097085684537888	-0.201327845454216	-0.14734335243701935	-0.056778136640787125	0.08707039803266525	-0.1442296802997589	0.15687334537506104	0.09631402790546417	0.003906262572854757	-0.040699947625398636	-0.08437643200159073	-0.05379484221339226	-0.07886885851621628	-0.06739917397499084	0.12578672170639038	-0.14818508923053741	-0.024317879229784012	0.0371248722076416	-0.1066737025976181	0.05503492057323456	-0.05130891129374504	0.050206467509269714	0.060299165546894073	0.057288408279418945	-0.03430918976664543	-0.09074319154024124	-0.005368830636143684	0.02087130770087242	-0.01475684903562069	0.21005770564079285	-0.008122469298541546	-0.040997330099344254	-0.07412511110305786	-0.02632245421409607	-0.1914938986301422	0.21789172291755676	-0.05756014212965965	-0.07012733817100525
-0.05415252596139908	-0.09731362015008926	0.05194571241736412	-0.00553659163415432	-0.15175893902778625	-0.012794469483196735	0.0390373170375824	0.004225258249789476	-0.04487108066678047	0.09852460026741028	0.037351448088884354	0.03386569768190384	0.1407393515110016	0.0003388742625247687	-0.15014541149139404	0.014459826052188873	0.057090576738119125	0.10660281032323837	-0.008849105797708035	-0.06075453758239746	0.05968165397644043	-0.024438519030809402	0.004204956814646721	0.08449626713991165	-0.13179434835910797	-0.002134911948814988	-0.07244612276554108	-0.01775633916258812	-0.053626928478479385	0.20001815259456635	-0.020886274054646492	0.017919111996889114	-0.08166221529245377	0.07497729361057281	-0.04814353957772255	0.0029862031806260347	-0.03327608108520508	-0.11444205045700073	0.0047659436240792274	0.013603107072412968	-0.05097266286611557	-0.015266401693224907	-0.026352521032094955	-0.08443218469619751	-0.03778832405805588	-0.06266190111637115	-0.05184037983417511	-0.09949227422475815	-0.05123601853847504	-0.02845887467265129	-0.08347418904304504	-0.10221056640148163	-0.08409161865711212	0.05625427886843681	-0.04349922388792038	-0.011190029792487621	0.08501653373241425	-0.04442061111330986	0.01944071613252163	0.016771839931607246	-0.007248962298035622	-0.07684379816055298	-0.04922841489315033	0.0375390350818634
-0.003464240115135908	0.08831239491701126	-0.1018550843000412	-0.15006157755851746	0.01478763297200203	-0.032335326075553894	0.08015965670347214	-0.01884722337126732	-0.015947559848427773	0.16448166966438293	0.009359411895275116	-0.06761805713176727	-0.028882067650556564	-0.07193989306688309	-0.07250215858221054	0.04543827474117279	-0.015443217009305954	-0.23626163601875305	0.01782657764852047	0.26581284403800964	0.09899436682462692	-0.0811660960316658	0.03123830258846283	-0.20845583081245422	0.1292927861213684	-0.08275807648897171	0.20969314873218536	0.03317504748702049	0.2807557284832001	0.022979537025094032	0.041887007653713226	0.1236206591129303	-0.09564357250928879	-0.09378518164157867	-0.015096466057002544	0.13729622960090637	0.0019495021551847458	-0.08581503480672836	0.06965646892786026	-0.13563735783100128	0.015345461666584015	-0.14986073970794678	0.11783524602651596	-0.1480482965707779	-0.04694536328315735	-0.07334865629673004	0.08888301998376846	0.025236735120415688	-0.05234674736857414	0.24445238709449768	0.06610889732837677	0.2988368570804596	-0.09608327597379684	-0.029729869216680527	-0.01682968996465206	-0.0963536873459816	0.08629350364208221	0.08877281099557877	-0.2548385262489319	0.1682453751564026	-0.01796971820294857	-0.11370789259672165	0.12307143956422806	0.15179064869880676
-0.07583089172840118	0.1548813134431839	-0.023502053692936897	0.046011991798877716	0.09905874729156494	-0.12846434116363525	-0.09718049317598343	-0.012068027630448341	-0.04282863810658455	-0.24094752967357635	-0.0918889120221138	-0.10374733805656433	-0.013719058595597744	0.07049937546253204	-0.26458147168159485	-0.059393465518951416	-0.2310243546962738	0.25690901279449463	-0.1642841398715973	-0.308129221200943	0.14804935455322266	-0.03844616562128067	-0.21360516548156738	0.16822782158851624	-0.004977526143193245	-0.20785857737064362	0.04563566669821739	-0.03671136125922203	-0.12498302757740021	0.16977311670780182	-0.21586531400680542	0.02378316968679428	0.12950335443019867	-0.021169770509004593	-0.04467152804136276	-0.03388182446360588	0.031493861228227615	0.02039790339767933	0.016703100875020027	-0.023359086364507675	-0.21701589226722717	0.13892368972301483	-0.09431672096252441	0.19872047007083893	0.1997494250535965	0.07444683462381363	-0.1734880805015564	-0.01088742446154356	0.0686965361237526	-0.10892776399850845	-0.020133832469582558	-0.0993184968829155	0.033174555748701096	-0.01112400833517313	0.06416906416416168	0.01721571944653988	-0.12926602363586426	-0.0048854900524020195	0.27416375279426575	0.05699137598276138	0.15242566168308258	0.03750953450798988	0.022052280604839325	-0.037245556712150574
-0.05415252596139908	-0.09731362015008926	0.05194571241736412	-0.00553659163415432	-0.15175893902778625	-0.012794469483196735	0.0390373170375824	0.004225258249789476	-0.04487108066678047	0.09852460026741028	0.037351448088884354	0.03386569768190384	0.1407393515110016	0.0003388742625247687	-0.15014541149139404	0.014459826052188873	0.057090576738119125	0.10660281032323837	-0.008849105797708035	-0.06075453758239746	0.05968165397644043	-0.024438519030809402	0.004204956814646721	0.08449626713991165	-0.13179434835910797	-0.002134911948814988	-0.07244612276554108	-0.01775633916258812	-0.053626928478479385	0.20001815259456635	-0.020886274054646492	0.017919111996889114	-0.08166221529245377	0.07497729361057281	-0.04814353957772255	0.0029862031806260347	-0.03327608108520508	-0.11444205045700073	0.0047659436240792274	0.013603107072412968	-0.05097266286611557	-0.015266401693224907	-0.026352521032094955	-0.08443218469619751	-0.03778832405805588	-0.06266190111637115	-0.05184037983417511	-0.09949227422475815	-0.05123601853847504	-0.02845887467265129	-0.08347418904304504	-0.10221056640148163	-0.08409161865711212	0.05625427886843681	-0.04349922388792038	-0.011190029792487621	0.08501653373241425	-0.04442061111330986	0.01944071613252163	0.016771839931607246	-0.007248962298035622	-0.07684379816055298	-0.04922841489315033	0.0375390350818634
-0.003464240115135908	0.08831239491701126	-0.1018550843000412	-0.15006157755851746	0.01478763297200203	-0.032335326075553894	0.08015965670347214	-0.01884722337126732	-0.015947559848427773	0.16448166966438293	0.009359411895275116	-0.06761805713176727	-0.028882067650556564	-0.07193989306688309	-0.07250215858221054	0.04543827474117279	-0.015443217009305954	-0.23626163601875305	0.01782657764852047	0.26581284403800964	0.09899436682462692	-0.0811660960316658	0.03123830258846283	-0.20845583081245422	0.1292927861213684	-0.08275807648897171	0.20969314873218536	0.03317504748702049	0.2807557284832001	0.022979537025094032	0.041887007653713226	0.1236206591129303	-0.09564357250928879	-0.09378518164157867	-0.015096466057002544	0.13729622960090637	0.0019495021551847458	-0.08581503480672836	0.06965646892786026	-0.13563735783100128	0.015345461666584015	-0.14986073970794678	0.11783524602651596	-0.1480482965707779	-0.04694536328315735	-0.07334865629673004	0.08888301998376846	0.025236735120415688	-0.05234674736857414	0.24445238709449768	0.06610889732837677	0.2988368570804596	-0.09608327597379684	-0.029729869216680527	-0.01682968996465206	-0.0963536873459816	0.08629350364208221	0.08877281099557877	-0.2548385262489319	0.1682453751564026	-0.01796971820294857	-0.11370789259672165	0.12307143956422806	0.15179064869880676
-0.003464240115135908	0.08831239491701126	-0.1018550843000412	-0.15006157755851746	0.01478763297200203	-0.032335326075553894	0.08015965670347214	-0.01884722337126732	-0.015947559848427773	0.16448166966438293	0.009359411895275116	-0.06761805713176727	-0.028882067650556564	-0.07193989306688309	-0.07250215858221054	0.04543827474117279	-0.015443217009305954	-0.23626163601875305	0.01782657764852047	0.26581284403800964	0.09899436682462692	-0.0811660960316658	0.03123830258846283	-0.20845583081245422	0.1292927861213684	-0.08275807648897171	0.20969314873218536	0.03317504748702049	0.2807557284832001	0.022979537025094032	0.041887007653713226	0.1236206591129303	-0.09564357250928879	-0.09378518164157867	-0.015096466057002544	0.13729622960090637	0.0019495021551847458	-0.08581503480672836	0.06965646892786026	-0.13563735783100128	0.015345461666584015	-0.14986073970794678	0.11783524602651596	-0.1480482965707779	-0.04694536328315735	-0.07334865629673004	0.08888301998376846	0.025236735120415688	-0.05234674736857414	0.24445238709449768	0.06610889732837677	0.2988368570804596	-0.09608327597379684	-0.029729869216680527	-0.01682968996465206	-0.0963536873459816	0.08629350364208221	0.08877281099557877	-0.2548385262489319	0.1682453751564026	-0.01796971820294857	-0.11370789259672165	0.12307143956422806	0.15179064869880676
-0.003464240115135908	0.08831239491701126	-0.1018550843000412	-0.15006157755851746	0.01478763297200203	-0.032335326075553894	0.08015965670347214	-0.01884722337126732	-0.015947559848427773	0.16448166966438293	0.009359411895275116	-0.06761805713176727	-0.028882067650556564	-0.07193989306688309	-0.07250215858221054	0.04543827474117279	-0.015443217009305954	-0.23626163601875305	0.01782657764852047	0.26581284403800964	0.09899436682462692	-0.0811660960316658	0.03123830258846283	-0.20845583081245422	0.1292927861213684	-0.08275807648897171	0.20969314873218536	0.03317504748702049	0.2807557284832001	0.022979537025094032	0.041887007653713226	0.1236206591129303	-0.09564357250928879	-0.09378518164157867	-0.015096466057002544	0.13729622960090637	0.0019495021551847458	-0.08581503480672836	0.06965646892786026	-0.13563735783100128	0.015345461666584015	-0.14986073970794678	0.11783524602651596	-0.1480482965707779	-0.04694536328315735	-0.07334865629673004	0.08888301998376846	0.025236735120415688	-0.05234674736857414	0.24445238709449768	0.06610889732837677	0.2988368570804596	-0.09608327597379684	-0.029729869216680527	-0.01682968996465206	-0.0963536873459816	0.08629350364208221	0.08877281099557877	-0.2548385262489319	0.1682453751564026	-0.01796971820294857	-0.11370789259672165	0.12307143956422806	0.15179064869880676
-0.003464240115135908	0.08831239491701126	-0.1018550843000412	-0.15006157755851746	0.01478763297200203	-0.032335326075553894	0.08015965670347214	-0.01884722337126732	-0.015947559848427773	0.16448166966438293	0.009359411895275116	-0.06761805713176727	-0.028882067650556564	-0.07193989306688309	-0.07250215858221054	0.04543827474117279	-0.015443217009305954	-0.23626163601875305	0.01782657764852047	0.26581284403800964	0.09899436682462692	-0.0811660960316658	0.03123830258846283	-0.20845583081245422	0.1292927861213684	-0.08275807648897171	0.20969314873218536	0.03317504748702049	0.2807557284832001	0.022979537025094032	0.041887007653713226	0.1236206591129303	-0.09564357250928879	-0.09378518164157867	-0.015096466057002544	0.13729622960090637	0.0019495021551847458	-0.08581503480672836	0.06965646892786026	-0.13563735783100128	0.015345461666584015	-0.14986073970794678	0.11783524602651596	-0.1480482965707779	-0.04694536328315735	-0.07334865629673004	0.08888301998376846	0.025236735120415688	-0.05234674736857414	0.24445238709449768	0.06610889732837677	0.2988368570804596	-0.09608327597379684	-0.029729869216680527	-0.01682968996465206	-0.0963536873459816	0.08629350364208221	0.08877281099557877	-0.2548385262489319	0.1682453751564026	-0.01796971820294857	-0.11370789259672165	0.12307143956422806	0.15179064869880676
-0.003464240115135908	0.08831239491701126	-0.1018550843000412	-0.15006157755851746	0.01478763297200203	-0.032335326075553894	0.08015965670347214	-0.01884722337126732	-0.015947559848427773	0.16448166966438293	0.009359411895275116	-0.06761805713176727	-0.028882067650556564	-0.07193989306688309	-0.07250215858221054	0.04543827474117279	-0.015443217009305954	-0.23626163601875305	0.01782657764852047	0.26581284403800964	0.09899436682462692	-0.0811660960316658	0.03123830258846283	-0.20845583081245422	0.1292927861213684	-0.08275807648897171	0.20969314873218536	0.03317504748702049	0.2807557284832001	0.022979537025094032	0.041887007653713226	0.1236206591129303	-0.09564357250928879	-0.09378518164157867	-0.015096466057002544	0.13729622960090637	0.0019495021551847458	-0.08581503480672836	0.06965646892786026	-0.13563735783100128	0.015345461666584015	-0.14986073970794678	0.11783524602651596	-0.1480482965707779	-0.04694536328315735	-0.07334865629673004	0.08888301998376846	0.025236735120415688	-0.05234674736857414	0.24445238709449768	0.06610889732837677	0.2988368570804596	-0.09608327597379684	-0.029729869216680527	-0.01682968996465206	-0.0963536873459816	0.08629350364208221	0.08877281099557877	-0.2548385262489319	0.1682453751564026	-0.01796971820294857	-0.11370789259672165	0.12307143956422806	0.15179064869880676
-0.003464240115135908	0.08831239491701126	-0.1018550843000412	-0.15006157755851746	0.01478763297200203	-0.032335326075553894	0.08015965670347214	-0.01884722337126732	-0.015947559848427773	0.16448166966438293	0.009359411895275116	-0.06761805713176727	-0.028882067650556564	-0.07193989306688309	-0.07250215858221054	0.04543827474117279	-0.015443217009305954	-0.23626163601875305	0.01782657764852047	0.26581284403800964	0.09899436682462692	-0.0811660960316658	0.03123830258846283	-0.20845583081245422	0.1292927861213684	-0.08275807648897171	0.20969314873218536	0.03317504748702049	0.2807557284832001	0.022979537025094032	0.041887007653713226	0.1236206591129303	-0.09564357250928879	-0.09378518164157867	-0.015096466057002544	0.13729622960090637	0.0019495021551847458	-0.08581503480672836	0.06965646892786026	-0.13563735783100128	0.015345461666584015	-0.14986073970794678	0.11783524602651596	-0.1480482965707779	-0.04694536328315735	-0.07334865629673004	0.08888301998376846	0.025236735120415688	-0.05234674736857414	0.24445238709449768	0.06610889732837677	0.2988368570804596	-0.09608327597379684	-0.029729869216680527	-0.01682968996465206	-0.0963536873459816	0.08629350364208221	0.08877281099557877	-0.2548385262489319	0.1682453751564026	-0.01796971820294857	-0.11370789259672165	0.12307143956422806	0.15179064869880676
-0.05415252596139908	-0.09731362015008926	0.05194571241736412	-0.00553659163415432	-0.15175893902778625	-0.012794469483196735	0.0390373170375824	0.004225258249789476	-0.04487108066678047	0.09852460026741028	0.037351448088884354	0.03386569768190384	0.1407393515110016	0.0003388742625247687	-0.15014541149139404	0.014459826052188873	0.057090576738119125	0.10660281032323837	-0.008849105797708035	-0.06075453758239746	0.05968165397644043	-0.024438519030809402	0.004204956814646721	0.08449626713991165	-0.13179434835910797	-0.002134911948814988	-0.07244612276554108	-0.01775633916258812	-0.053626928478479385	0.20001815259456635	-0.020886274054646492	0.017919111996889114	-0.08166221529245377	0.07497729361057281	-0.04814353957772255	0.0029862031806260347	-0.03327608108520508	-0.11444205045700073	0.0047659436240792274	0.013603107072412968	-0.05097266286611557	-0.015266401693224907	-0.026352521032094955	-0.08443218469619751	-0.03778832405805588	-0.06266190111637115	-0.05184037983417511	-0.09949227422475815	-0.05123601853847504	-0.02845887467265129	-0.08347418904304504	-0.10221056640148163	-0.08409161865711212	0.05625427886843681	-0.04349922388792038	-0.011190029792487621	0.08501653373241425	-0.04442061111330986	0.01944071613252163	0.016771839931607246	-0.007248962298035622	-0.07684379816055298	-0.04922841489315033	0.0375390350818634
-0.003464240115135908	0.08831239491701126	-0.1018550843000412	-0.15006157755851746	0.01478763297200203	-0.032335326075553894	0.08015965670347214	-0.01884722337126732	-0.015947559848427773	0.16448166966438293	0.009359411895275116	-0.06761805713176727	-0.028882067650556564	-0.07193989306688309	-0.07250215858221054	0.04543827474117279	-0.015443217009305954	-0.23626163601875305	0.01782657764852047	0.26581284403800964	0.09899436682462692	-0.0811660960316658	0.03123830258846283	-0.20845583081245422	0.1292927861213684	-0.08275807648897171	0.20969314873218536	0.03317504748702049	0.2807557284832001	0.022979537025094032	0.041887007653713226	0.1236206591129303	-0.09564357250928879	-0.09378518164157867	-0.015096466057002544	0.13729622960090637	0.0019495021551847458	-0.08581503480672836	0.06965646892786026	-0.13563735783100128	0.015345461666584015	-0.14986073970794678	0.11783524602651596	-0.1480482965707779	-0.04694536328315735	-0.07334865629673004	0.08888301998376846	0.025236735120415688	-0.05234674736857414	0.24445238709449768	0.06610889732837677	0.2988368570804596	-0.09608327597379684	-0.029729869216680527	-0.01682968996465206	-0.0963536873459816	0.08629350364208221	0.08877281099557877	-0.2548385262489319	0.1682453751564026	-0.01796971820294857	-0.11370789259672165	0.12307143956422806	0.15179064869880676
-0.05415252596139908	-0.09731362015008926	0.05194571241736412	-0.00553659163415432	-0.15175893902778625	-0.012794469483196735	0.0390373170375824	0.004225258249789476	-0.04487108066678047	0.09852460026741028	0.037351448088884354	0.03386569768190384	0.1407393515110016	0.0003388742625247687	-0.15014541149139404	0.014459826052188873	0.057090576738119125	0.10660281032323837	-0.008849105797708035	-0.06075453758239746	0.05968165397644043	-0.024438519030809402	0.004204956814646721	0.08449626713991165	-0.13179434835910797	-0.002134911948814988	-0.07244612276554108	-0.01775633916258812	-0.053626928478479385	0.20001815259456635	-0.020886274054646492	0.017919111996889114	-0.08166221529245377	0.07497729361057281	-0.04814353957772255	0.0029862031806260347	-0.03327608108520508	-0.11444205045700073	0.0047659436240792274	0.013603107072412968	-0.05097266286611557	-0.015266401693224907	-0.026352521032094955	-0.08443218469619751	-0.03778832405805588	-0.06266190111637115	-0.05184037983417511	-0.09949227422475815	-0.05123601853847504	-0.02845887467265129	-0.08347418904304504	-0.10221056640148163	-0.08409161865711212	0.05625427886843681	-0.04349922388792038	-0.011190029792487621	0.08501653373241425	-0.04442061111330986	0.01944071613252163	0.016771839931607246	-0.007248962298035622	-0.07684379816055298	-0.04922841489315033	0.0375390350818634
-0.003464240115135908	0.08831239491701126	-0.1018550843000412	-0.15006157755851746	0.01478763297200203	-0.032335326075553894	0.08015965670347214	-0.01884722337126732	-0.015947559848427773	0.16448166966438293	0.009359411895275116	-0.06761805713176727	-0.028882067650556564	-0.07193989306688309	-0.07250215858221054	0.04543827474117279	-0.015443217009305954	-0.23626163601875305	0.01782657764852047	0.26581284403800964	0.09899436682462692	-0.0811660960316658	0.03123830258846283	-0.20845583081245422	0.1292927861213684	-0.08275807648897171	0.20969314873218536	0.03317504748702049	0.2807557284832001	0.022979537025094032	0.041887007653713226	0.1236206591129303	-0.09564357250928879	-0.09378518164157867	-0.015096466057002544	0.13729622960090637	0.0019495021551847458	-0.08581503480672836	0.06965646892786026	-0.13563735783100128	0.015345461666584015	-0.14986073970794678	0.11783524602651596	-0.1480482965707779	-0.04694536328315735	-0.07334865629673004	0.08888301998376846	0.025236735120415688	-0.05234674736857414	0.24445238709449768	0.06610889732837677	0.2988368570804596	-0.09608327597379684	-0.029729869216680527	-0.01682968996465206	-0.0963536873459816	0.08629350364208221	0.08877281099557877	-0.2548385262489319	0.1682453751564026	-0.01796971820294857	-0.11370789259672165	0.12307143956422806	0.15179064869880676
-0.003464240115135908	0.08831239491701126	-0.1018550843000412	-0.15006157755851746	0.01478763297200203	-0.032335326075553894	0.08015965670347214	-0.01884722337126732	-0.015947559848427773	0.16448166966438293	0.009359411895275116	-0.06761805713176727	-0.028882067650556564	-0.07193989306688309	-0.07250215858221054	0.04543827474117279	-0.015443217009305954	-0.23626163601875305	0.01782657764852047	0.26581284403800964	0.09899436682462692	-0.0811660960316658	0.03123830258846283	-0.20845583081245422	0.1292927861213684	-0.08275807648897171	0.20969314873218536	0.03317504748702049	0.2807557284832001	0.022979537025094032	0.041887007653713226	0.1236206591129303	-0.09564357250928879	-0.09378518164157867	-0.015096466057002544	0.13729622960090637	0.0019495021551847458	-0.08581503480672836	0.06965646892786026	-0.13563735783100128	0.015345461666584015	-0.14986073970794678	0.11783524602651596	-0.1480482965707779	-0.04694536328315735	-0.07334865629673004	0.08888301998376846	0.025236735120415688	-0.05234674736857414	0.24445238709449768	0.06610889732837677	0.2988368570804596	-0.09608327597379684	-0.029729869216680527	-0.01682968996465206	-0.0963536873459816	0.08629350364208221	0.08877281099557877	-0.2548385262489319	0.1682453751564026	-0.01796971820294857	-0.11370789259672165	0.12307143956422806	0.15179064869880676
-0.05415252596139908	-0.09731362015008926	0.05194571241736412	-0.00553659163415432	-0.15175893902778625	-0.012794469483196735	0.0390373170375824	0.004225258249789476	-0.04487108066678047	0.09852460026741028	0.037351448088884354	0.03386569768190384	0.1407393515110016	0.0003388742625247687	-0.15014541149139404	0.014459826052188873	0.057090576738119125	0.10660281032323837	-0.008849105797708035	-0.06075453758239746	0.05968165397644043	-0.024438519030809402	0.004204956814646721	0.08449626713991165	-0.13179434835910797	-0.002134911948814988	-0.07244612276554108	-0.01775633916258812	-0.053626928478479385	0.20001815259456635	-0.020886274054646492	0.017919111996889114	-0.08166221529245377	0.07497729361057281	-0.04814353957772255	0.0029862031806260347	-0.03327608108520508	-0.11444205045700073	0.0047659436240792274	0.013603107072412968	-0.05097266286611557	-0.015266401693224907	-0.026352521032094955	-0.08443218469619751	-0.03778832405805588	-0.06266190111637115	-0.05184037983417511	-0.09949227422475815	-0.05123601853847504	-0.02845887467265129	-0.08347418904304504	-0.10221056640148163	-0.08409161865711212	0.05625427886843681	-0.04349922388792038	-0.011190029792487621	0.08501653373241425	-0.04442061111330986	0.01944071613252163	0.016771839931607246	-0.007248962298035622	-0.07684379816055298	-0.04922841489315033	0.0375390350818634
-0.05415252596139908	-0.09731362015008926	0.05194571241736412	-0.00553659163415432	-0.15175893902778625	-0.012794469483196735	0.0390373170375824	0.004225258249789476	-0.04487108066678047	0.09852460026741028	0.037351448088884354	0.03386569768190384	0.1407393515110016	0.0003388742625247687	-0.15014541149139404	0.014459826052188873	0.057090576738119125	0.10660281032323837	-0.008849105797708035	-0.06075453758239746	0.05968165397644043	-0.024438519030809402	0.004204956814646721	0.08449626713991165	-0.13179434835910797	-0.002134911948814988	-0.07244612276554108	-0.01775633916258812	-0.053626928478479385	0.20001815259456635	-0.020886274054646492	0.017919111996889114	-0.08166221529245377	0.07497729361057281	-0.04814353957772255	0.0029862031806260347	-0.03327608108520508	-0.11444205045700073	0.0047659436240792274	0.013603107072412968	-0.05097266286611557	-0.015266401693224907	-0.026352521032094955	-0.08443218469619751	-0.03778832405805588	-0.06266190111637115	-0.05184037983417511	-0.09949227422475815	-0.05123601853847504	-0.02845887467265129	-0.08347418904304504	-0.10221056640148163	-0.08409161865711212	0.05625427886843681	-0.04349922388792038	-0.011190029792487621	0.08501653373241425	-0.04442061111330986	0.01944071613252163	0.016771839931607246	-0.007248962298035622	-0.07684379816055298	-0.04922841489315033	0.0375390350818634
-0.05415252596139908	-0.09731362015008926	0.05194571241736412	-0.00553659163415432	-0.15175893902778625	-0.012794469483196735	0.0390373170375824	0.004225258249789476	-0.04487108066678047	0.09852460026741028	0.037351448088884354	0.03386569768190384	0.1407393515110016	0.0003388742625247687	-0.15014541149139404	0.014459826052188873	0.057090576738119125	0.10660281032323837	-0.008849105797708035	-0.06075453758239746	0.05968165397644043	-0.024438519030809402	0.004204956814646721	0.08449626713991165	-0.13179434835910797	-0.002134911948814988	-0.07244612276554108	-0.01775633916258812	-0.053626928478479385	0.20001815259456635	-0.020886274054646492	0.017919111996889114	-0.08166221529245377	0.07497729361057281	-0.04814353957772255	0.0029862031806260347	-0.03327608108520508	-0.11444205045700073	0.0047659436240792274	0.013603107072412968	-0.05097266286611557	-0.015266401693224907	-0.026352521032094955	-0.08443218469619751	-0.03778832405805588	-0.06266190111637115	-0.05184037983417511	-0.09949227422475815	-0.05123601853847504	-0.02845887467265129	-0.08347418904304504	-0.10221056640148163	-0.08409161865711212	0.05625427886843681	-0.04349922388792038	-0.011190029792487621	0.08501653373241425	-0.04442061111330986	0.01944071613252163	0.016771839931607246	-0.007248962298035622	-0.07684379816055298	-0.04922841489315033	0.0375390350818634
-0.05415252596139908	-0.09731362015008926	0.05194571241736412	-0.00553659163415432	-0.15175893902778625	-0.012794469483196735	0.0390373170375824	0.004225258249789476	-0.04487108066678047	0.09852460026741028	0.037351448088884354	0.03386569768190384	0.1407393515110016	0.0003388742625247687	-0.15014541149139404	0.014459826052188873	0.057090576738119125	0.10660281032323837	-0.008849105797708035	-0.06075453758239746	0.05968165397644043	-0.024438519030809402	0.004204956814646721	0.08449626713991165	-0.13179434835910797	-0.002134911948814988	-0.07244612276554108	-0.01775633916258812	-0.053626928478479385	0.20001815259456635	-0.020886274054646492	0.017919111996889114	-0.08166221529245377	0.07497729361057281	-0.04814353957772255	0.0029862031806260347	-0.03327608108520508	-0.11444205045700073	0.0047659436240792274	0.013603107072412968	-0.05097266286611557	-0.015266401693224907	-0.026352521032094955	-0.08443218469619751	-0.03778832405805588	-0.06266190111637115	-0.05184037983417511	-0.09949227422475815	-0.05123601853847504	-0.02845887467265129	-0.08347418904304504	-0.10221056640148163	-0.08409161865711212	0.05625427886843681	-0.04349922388792038	-0.011190029792487621	0.08501653373241425	-0.04442061111330986	0.01944071613252163	0.016771839931607246	-0.007248962298035622	-0.07684379816055298	-0.04922841489315033	0.0375390350818634
-0.05415252596139908	-0.09731362015008926	0.05194571241736412	-0.00553659163415432	-0.15175893902778625	-0.012794469483196735	0.0390373170375824	0.004225258249789476	-0.04487108066678047	0.09852460026741028	0.037351448088884354	0.03386569768190384	0.1407393515110016	0.0003388742625247687	-0.15014541149139404	0.014459826052188873	0.057090576738119125	0.10660281032323837	-0.008849105797708035	-0.06075453758239746	0.05968165397644043	-0.024438519030809402	0.004204956814646721	0.08449626713991165	-0.13179434835910797	-0.002134911948814988	-0.07244612276554108	-0.01775633916258812	-0.053626928478479385	0.20001815259456635	-0.020886274054646492	0.017919111996889114	-0.08166221529245377	0.07497729361057281	-0.04814353957772255	0.0029862031806260347	-0.03327608108520508	-0.11444205045700073	0.0047659436240792274	0.013603107072412968	-0.05097266286611557	-0.015266401693224907	-0.026352521032094955	-0.08443218469619751	-0.03778832405805588	-0.06266190111637115	-0.05184037983417511	-0.09949227422475815	-0.05123601853847504	-0.02845887467265129	-0.08347418904304504	-0.10221056640148163	-0.08409161865711212	0.05625427886843681	-0.04349922388792038	-0.011190029792487621	0.08501653373241425	-0.04442061111330986	0.01944071613252163	0.016771839931607246	-0.007248962298035622	-0.07684379816055298	-0.04922841489315033	0.0375390350818634
-0.05415252596139908	-0.09731362015008926	0.05194571241736412	-0.00553659163415432	-0.15175893902778625	-0.012794469483196735	0.0390373170375824	0.004225258249789476	-0.04487108066678047	0.09852460026741028	0.037351448088884354	0.03386569768190384	0.1407393515110016	0.0003388742625247687	-0.15014541149139404	0.014459826052188873	0.057090576738119125	0.10660281032323837	-0.008849105797708035	-0.06075453758239746	0.05968165397644043	-0.024438519030809402	0.004204956814646721	0.08449626713991165	-0.13179434835910797	-0.002134911948814988	-0.07244612276554108	-0.01775633916258812	-0.053626928478479385	0.20001815259456635	-0.020886274054646492	0.017919111996889114	-0.08166221529245377	0.07497729361057281	-0.04814353957772255	0.0029862031806260347	-0.03327608108520508	-0.11444205045700073	0.0047659436240792274	0.013603107072412968	-0.05097266286611557	-0.015266401693224907	-0.026352521032094955	-0.08443218469619751	-0.03778832405805588	-0.06266190111637115	-0.05184037983417511	-0.09949227422475815	-0.05123601853847504	-0.02845887467265129	-0.08347418904304504	-0.10221056640148163	-0.08409161865711212	0.05625427886843681	-0.04349922388792038	-0.011190029792487621	0.08501653373241425	-0.04442061111330986	0.01944071613252163	0.016771839931607246	-0.007248962298035622	-0.07684379816055298	-0.04922841489315033	0.0375390350818634
-0.003464240115135908	0.08831239491701126	-0.1018550843000412	-0.15006157755851746	0.01478763297200203	-0.032335326075553894	0.08015965670347214	-0.01884722337126732	-0.015947559848427773	0.16448166966438293	0.009359411895275116	-0.06761805713176727	-0.028882067650556564	-0.07193989306688309	-0.07250215858221054	0.04543827474117279	-0.015443217009305954	-0.23626163601875305	0.01782657764852047	0.26581284403800964	0.09899436682462692	-0.0811660960316658	0.03123830258846283	-0.20845583081245422	0.1292927861213684	-0.08275807648897171	0.20969314873218536	0.03317504748702049	0.2807557284832001	0.022979537025094032	0.041887007653713226	0.1236206591129303	-0.09564357250928879	-0.09378518164157867	-0.015096466057002544	0.13729622960090637	0.0019495021551847458	-0.08581503480672836	0.06965646892786026	-0.13563735783100128	0.015345461666584015	-0.14986073970794678	0.11783524602651596	-0.1480482965707779	-0.04694536328315735	-0.07334865629673004	0.08888301998376846	0.025236735120415688	-0.05234674736857414	0.24445238709449768	0.06610889732837677	0.2988368570804596	-0.09608327597379684	-0.029729869216680527	-0.01682968996465206	-0.0963536873459816	0.08629350364208221	0.08877281099557877	-0.2548385262489319	0.1682453751564026	-0.01796971820294857	-0.11370789259672165	0.12307143956422806	0.15179064869880676
-0.05415252596139908	-0.09731362015008926	0.05194571241736412	-0.00553659163415432	-0.15175893902778625	-0.012794469483196735	0.0390373170375824	0.004225258249789476	-0.04487108066678047	0.09852460026741028	0.037351448088884354	0.03386569768190384	0.1407393515110016	0.0003388742625247687	-0.15014541149139404	0.014459826052188873	0.057090576738119125	0.10660281032323837	-0.008849105797708035	-0.06075453758239746	0.05968165397644043	-0.024438519030809402	0.004204956814646721	0.08449626713991165	-0.13179434835910797	-0.002134911948814988	-0.07244612276554108	-0.01775633916258812	-0.053626928478479385	0.20001815259456635	-0.020886274054646492	0.017919111996889114	-0.08166221529245377	0.07497729361057281	-0.04814353957772255	0.0029862031806260347	-0.03327608108520508	-0.11444205045700073	0.0047659436240792274	0.013603107072412968	-0.05097266286611557	-0.015266401693224907	-0.026352521032094955	-0.08443218469619751	-0.03778832405805588	-0.06266190111637115	-0.05184037983417511	-0.09949227422475815	-0.05123601853847504	-0.02845887467265129	-0.08347418904304504	-0.10221056640148163	-0.08409161865711212	0.05625427886843681	-0.04349922388792038	-0.011190029792487621	0.08501653373241425	-0.04442061111330986	0.01944071613252163	0.016771839931607246	-0.007248962298035622	-0.07684379816055298	-0.04922841489315033	0.0375390350818634
-0.05415252596139908	-0.09731362015008926	0.05194571241736412	-0.00553659163415432	-0.15175893902778625	-0.012794469483196735	0.0390373170375824	0.004225258249789476	-0.04487108066678047	0.09852460026741028	0.037351448088884354	0.03386569768190384	0.1407393515110016	0.0003388742625247687	-0.15014541149139404	0.014459826052188873	0.057090576738119125	0.10660281032323837	-0.008849105797708035	-0.06075453758239746	0.05968165397644043	-0.024438519030809402	0.004204956814646721	0.08449626713991165	-0.13179434835910797	-0.002134911948814988	-0.07244612276554108	-0.01775633916258812	-0.053626928478479385	0.20001815259456635	-0.020886274054646492	0.017919111996889114	-0.08166221529245377	0.07497729361057281	-0.04814353957772255	0.0029862031806260347	-0.03327608108520508	-0.11444205045700073	0.0047659436240792274	0.013603107072412968	-0.05097266286611557	-0.015266401693224907	-0.026352521032094955	-0.08443218469619751	-0.03778832405805588	-0.06266190111637115	-0.05184037983417511	-0.09949227422475815	-0.05123601853847504	-0.02845887467265129	-0.08347418904304504	-0.10221056640148163	-0.08409161865711212	0.05625427886843681	-0.04349922388792038	-0.011190029792487621	0.08501653373241425	-0.04442061111330986	0.01944071613252163	0.016771839931607246	-0.007248962298035622	-0.07684379816055298	-0.04922841489315033	0.0375390350818634
-0.003464240115135908	0.08831239491701126	-0.1018550843000412	-0.15006157755851746	0.01478763297200203	-0.032335326075553894	0.08015965670347214	-0.01884722337126732	-0.015947559848427773	0.16448166966438293	0.009359411895275116	-0.06761805713176727	-0.028882067650556564	-0.07193989306688309	-0.07250215858221054	0.04543827474117279	-0.015443217009305954	-0.23626163601875305	0.01782657764852047	0.26581284403800964	0.09899436682462692	-0.0811660960316658	0.03123830258846283	-0.20845583081245422	0.1292927861213684	-0.08275807648897171	0.20969314873218536	0.03317504748702049	0.2807557284832001	0.022979537025094032	0.041887007653713226	0.1236206591129303	-0.09564357250928879	-0.09378518164157867	-0.015096466057002544	0.13729622960090637	0.0019495021551847458	-0.08581503480672836	0.06965646892786026	-0.13563735783100128	0.015345461666584015	-0.14986073970794678	0.11783524602651596	-0.1480482965707779	-0.04694536328315735	-0.07334865629673004	0.08888301998376846	0.025236735120415688	-0.05234674736857414	0.24445238709449768	0.06610889732837677	0.2988368570804596	-0.09608327597379684	-0.029729869216680527	-0.01682968996465206	-0.0963536873459816	0.08629350364208221	0.08877281099557877	-0.2548385262489319	0.1682453751564026	-0.01796971820294857	-0.11370789259672165	0.12307143956422806	0.15179064869880676
-0.003464240115135908	0.08831239491701126	-0.1018550843000412	-0.15006157755851746	0.01478763297200203	-0.032335326075553894	0.08015965670347214	-0.01884722337126732	-0.015947559848427773	0.16448166966438293	0.009359411895275116	-0.06761805713176727	-0.028882067650556564	-0.07193989306688309	-0.07250215858221054	0.04543827474117279	-0.015443217009305954	-0.23626163601875305	0.01782657764852047	0.26581284403800964	0.09899436682462692	-0.0811660960316658	0.03123830258846283	-0.20845583081245422	0.1292927861213684	-0.08275807648897171	0.20969314873218536	0.03317504748702049	0.2807557284832001	0.022979537025094032	0.041887007653713226	0.1236206591129303	-0.09564357250928879	-0.09378518164157867	-0.015096466057002544	0.13729622960090637	0.0019495021551847458	-0.08581503480672836	0.06965646892786026	-0.13563735783100128	0.015345461666584015	-0.14986073970794678	0.11783524602651596	-0.1480482965707779	-0.04694536328315735	-0.07334865629673004	0.08888301998376846	0.025236735120415688	-0.05234674736857414	0.24445238709449768	0.06610889732837677	0.2988368570804596	-0.09608327597379684	-0.029729869216680527	-0.01682968996465206	-0.0963536873459816	0.08629350364208221	0.08877281099557877	-0.2548385262489319	0.1682453751564026	-0.01796971820294857	-0.11370789259672165	0.12307143956422806	0.15179064869880676
-0.003464240115135908	0.08831239491701126	-0.1018550843000412	-0.15006157755851746	0.01478763297200203	-0.032335326075553894	0.08015965670347214	-0.01884722337126732	-0.015947559848427773	0.16448166966438293	0.009359411895275116	-0.06761805713176727	-0.028882067650556564	-0.07193989306688309	-0.07250215858221054	0.04543827474117279	-0.015443217009305954	-0.23626163601875305	0.01782657764852047	0.26581284403800964	0.09899436682462692	-0.0811660960316658	0.03123830258846283	-0.20845583081245422	0.1292927861213684	-0.08275807648897171	0.20969314873218536	0.03317504748702049	0.2807557284832001	0.022979537025094032	0.041887007653713226	0.1236206591129303	-0.09564357250928879	-0.09378518164157867	-0.015096466057002544	0.13729622960090637	0.0019495021551847458	-0.08581503480672836	0.06965646892786026	-0.13563735783100128	0.015345461666584015	-0.14986073970794678	0.11783524602651596	-0.1480482965707779	-0.04694536328315735	-0.07334865629673004	0.08888301998376846	0.025236735120415688	-0.05234674736857414	0.24445238709449768	0.06610889732837677	0.2988368570804596	-0.09608327597379684	-0.029729869216680527	-0.01682968996465206	-0.0963536873459816	0.08629350364208221	0.08877281099557877	-0.2548385262489319	0.1682453751564026	-0.01796971820294857	-0.11370789259672165	0.12307143956422806	0.15179064869880676
-0.003464240115135908	0.08831239491701126	-0.1018550843000412	-0.15006157755851746	0.01478763297200203	-0.032335326075553894	0.08015965670347214	-0.01884722337126732	-0.015947559848427773	0.16448166966438293	0.009359411895275116	-0.06761805713176727	-0.028882067650556564	-0.07193989306688309	-0.07250215858221054	0.04543827474117279	-0.015443217009305954	-0.23626163601875305	0.01782657764852047	0.26581284403800964	0.09899436682462692	-0.0811660960316658	0.03123830258846283	-0.20845583081245422	0.1292927861213684	-0.08275807648897171	0.20969314873218536	0.03317504748702049	0.2807557284832001	0.022979537025094032	0.041887007653713226	0.1236206591129303	-0.09564357250928879	-0.09378518164157867	-0.015096466057002544	0.13729622960090637	0.0019495021551847458	-0.08581503480672836	0.06965646892786026	-0.13563735783100128	0.015345461666584015	-0.14986073970794678	0.11783524602651596	-0.1480482965707779	-0.04694536328315735	-0.07334865629673004	0.08888301998376846	0.025236735120415688	-0.05234674736857414	0.24445238709449768	0.06610889732837677	0.2988368570804596	-0.09608327597379684	-0.029729869216680527	-0.01682968996465206	-0.0963536873459816	0.08629350364208221	0.08877281099557877	-0.2548385262489319	0.1682453751564026	-0.01796971820294857	-0.11370789259672165	0.12307143956422806	0.15179064869880676
-0.003464240115135908	0.08831239491701126	-0.1018550843000412	-0.15006157755851746	0.01478763297200203	-0.032335326075553894	0.08015965670347214	-0.01884722337126732	-0.015947559848427773	0.16448166966438293	0.009359411895275116	-0.06761805713176727	-0.028882067650556564	-0.07193989306688309	-0.07250215858221054	0.04543827474117279	-0.015443217009305954	-0.23626163601875305	0.01782657764852047	0.26581284403800964	0.09899436682462692	-0.0811660960316658	0.03123830258846283	-0.20845583081245422	0.1292927861213684	-0.08275807648897171	0.20969314873218536	0.03317504748702049	0.2807557284832001	0.022979537025094032	0.041887007653713226	0.1236206591129303	-0.09564357250928879	-0.09378518164157867	-0.015096466057002544	0.13729622960090637	0.0019495021551847458	-0.08581503480672836	0.06965646892786026	-0.13563735783100128	0.015345461666584015	-0.14986073970794678	0.11783524602651596	-0.1480482965707779	-0.04694536328315735	-0.07334865629673004	0.08888301998376846	0.025236735120415688	-0.05234674736857414	0.24445238709449768	0.06610889732837677	0.2988368570804596	-0.09608327597379684	-0.029729869216680527	-0.01682968996465206	-0.0963536873459816	0.08629350364208221	0.08877281099557877	-0.2548385262489319	0.1682453751564026	-0.01796971820294857	-0.11370789259672165	0.12307143956422806	0.15179064869880676
-0.003464240115135908	0.08831239491701126	-0.1018550843000412	-0.15006157755851746	0.01478763297200203	-0.032335326075553894	0.08015965670347214	-0.01884722337126732	-0.015947559848427773	0.16448166966438293	0.009359411895275116	-0.06761805713176727	-0.028882067650556564	-0.07193989306688309	-0.07250215858221054	0.04543827474117279	-0.015443217009305954	-0.23626163601875305	0.01782657764852047	0.26581284403800964	0.09899436682462692	-0.0811660960316658	0.03123830258846283	-0.20845583081245422	0.1292927861213684	-0.08275807648897171	0.20969314873218536	0.03317504748702049	0.2807557284832001	0.022979537025094032	0.041887007653713226	0.1236206591129303	-0.09564357250928879	-0.09378518164157867	-0.015096466057002544	0.13729622960090637	0.0019495021551847458	-0.08581503480672836	0.06965646892786026	-0.13563735783100128	0.015345461666584015	-0.14986073970794678	0.11783524602651596	-0.1480482965707779	-0.04694536328315735	-0.07334865629673004	0.08888301998376846	0.025236735120415688	-0.05234674736857414	0.24445238709449768	0.06610889732837677	0.2988368570804596	-0.09608327597379684	-0.029729869216680527	-0.01682968996465206	-0.0963536873459816	0.08629350364208221	0.08877281099557877	-0.2548385262489319	0.1682453751564026	-0.01796971820294857	-0.11370789259672165	0.12307143956422806	0.15179064869880676
-0.05415252596139908	-0.09731362015008926	0.05194571241736412	-0.00553659163415432	-0.15175893902778625	-0.012794469483196735	0.0390373170375824	0.004225258249789476	-0.04487108066678047	0.09852460026741028	0.037351448088884354	0.03386569768190384	0.1407393515110016	0.0003388742625247687	-0.15014541149139404	0.014459826052188873	0.057090576738119125	0.10660281032323837	-0.008849105797708035	-0.06075453758239746	0.05968165397644043	-0.024438519030809402	0.004204956814646721	0.08449626713991165	-0.13179434835910797	-0.002134911948814988	-0.07244612276554108	-0.01775633916258812	-0.053626928478479385	0.20001815259456635	-0.020886274054646492	0.017919111996889114	-0.08166221529245377	0.07497729361057281	-0.04814353957772255	0.0029862031806260347	-0.03327608108520508	-0.11444205045700073	0.0047659436240792274	0.013603107072412968	-0.05097266286611557	-0.015266401693224907	-0.026352521032094955	-0.08443218469619751	-0.03778832405805588	-0.06266190111637115	-0.05184037983417511	-0.09949227422475815	-0.05123601853847504	-0.02845887467265129	-0.08347418904304504	-0.10221056640148163	-0.08409161865711212	0.05625427886843681	-0.04349922388792038	-0.011190029792487621	0.08501653373241425	-0.04442061111330986	0.01944071613252163	0.016771839931607246	-0.007248962298035622	-0.07684379816055298	-0.04922841489315033	0.0375390350818634
-0.003464240115135908	0.08831239491701126	-0.1018550843000412	-0.15006157755851746	0.01478763297200203	-0.032335326075553894	0.08015965670347214	-0.01884722337126732	-0.015947559848427773	0.16448166966438293	0.009359411895275116	-0.06761805713176727	-0.028882067650556564	-0.07193989306688309	-0.07250215858221054	0.04543827474117279	-0.015443217009305954	-0.23626163601875305	0.01782657764852047	0.26581284403800964	0.09899436682462692	-0.0811660960316658	0.03123830258846283	-0.20845583081245422	0.1292927861213684	-0.08275807648897171	0.20969314873218536	0.03317504748702049	0.2807557284832001	0.022979537025094032	0.041887007653713226	0.1236206591129303	-0.09564357250928879	-0.09378518164157867	-0.015096466057002544	0.13729622960090637	0.0019495021551847458	-0.08581503480672836	0.06965646892786026	-0.13563735783100128	0.015345461666584015	-0.14986073970794678	0.11783524602651596	-0.1480482965707779	-0.04694536328315735	-0.07334865629673004	0.08888301998376846	0.025236735120415688	-0.05234674736857414	0.24445238709449768	0.06610889732837677	0.2988368570804596	-0.09608327597379684	-0.029729869216680527	-0.01682968996465206	-0.0963536873459816	0.08629350364208221	0.08877281099557877	-0.2548385262489319	0.1682453751564026	-0.01796971820294857	-0.11370789259672165	0.12307143956422806	0.15179064869880676
-0.05415252596139908	-0.09731362015008926	0.05194571241736412	-0.00553659163415432	-0.15175893902778625	-0.012794469483196735	0.0390373170375824	0.004225258249789476	-0.04487108066678047	0.09852460026741028	0.037351448088884354	0.03386569768190384	0.1407393515110016	0.0003388742625247687	-0.15014541149139404	0.014459826052188873	0.057090576738119125	0.10660281032323837	-0.008849105797708035	-0.06075453758239746	0.05968165397644043	-0.024438519030809402	0.004204956814646721	0.08449626713991165	-0.13179434835910797	-0.002134911948814988	-0.07244612276554108	-0.01775633916258812	-0.053626928478479385	0.20001815259456635	-0.020886274054646492	0.017919111996889114	-0.08166221529245377	0.07497729361057281	-0.04814353957772255	0.0029862031806260347	-0.03327608108520508	-0.11444205045700073	0.0047659436240792274	0.013603107072412968	-0.05097266286611557	-0.015266401693224907	-0.026352521032094955	-0.08443218469619751	-0.03778832405805588	-0.06266190111637115	-0.05184037983417511	-0.09949227422475815	-0.05123601853847504	-0.02845887467265129	-0.08347418904304504	-0.10221056640148163	-0.08409161865711212	0.05625427886843681	-0.04349922388792038	-0.011190029792487621	0.08501653373241425	-0.04442061111330986	0.01944071613252163	0.016771839931607246	-0.007248962298035622	-0.07684379816055298	-0.04922841489315033	0.0375390350818634
-0.05415252596139908	-0.09731362015008926	0.05194571241736412	-0.00553659163415432	-0.15175893902778625	-0.012794469483196735	0.0390373170375824	0.004225258249789476	-0.04487108066678047	0.09852460026741028	0.037351448088884354	0.03386569768190384	0.1407393515110016	0.0003388742625247687	-0.15014541149139404	0.014459826052188873	0.057090576738119125	0.10660281032323837	-0.008849105797708035	-0.06075453758239746	0.05968165397644043	-0.024438519030809402	0.004204956814646721	0.08449626713991165	-0.13179434835910797	-0.002134911948814988	-0.07244612276554108	-0.01775633916258812	-0.053626928478479385	0.20001815259456635	-0.020886274054646492	0.017919111996889114	-0.08166221529245377	0.07497729361057281	-0.04814353957772255	0.0029862031806260347	-0.03327608108520508	-0.11444205045700073	0.0047659436240792274	0.013603107072412968	-0.05097266286611557	-0.015266401693224907	-0.026352521032094955	-0.08443218469619751	-0.03778832405805588	-0.06266190111637115	-0.05184037983417511	-0.09949227422475815	-0.05123601853847504	-0.02845887467265129	-0.08347418904304504	-0.10221056640148163	-0.08409161865711212	0.05625427886843681	-0.04349922388792038	-0.011190029792487621	0.08501653373241425	-0.04442061111330986	0.01944071613252163	0.016771839931607246	-0.007248962298035622	-0.07684379816055298	-0.04922841489315033	0.0375390350818634
-0.003464240115135908	0.08831239491701126	-0.1018550843000412	-0.15006157755851746	0.01478763297200203	-0.032335326075553894	0.08015965670347214	-0.01884722337126732	-0.015947559848427773	0.16448166966438293	0.009359411895275116	-0.06761805713176727	-0.028882067650556564	-0.07193989306688309	-0.07250215858221054	0.04543827474117279	-0.015443217009305954	-0.23626163601875305	0.01782657764852047	0.26581284403800964	0.09899436682462692	-0.0811660960316658	0.03123830258846283	-0.20845583081245422	0.1292927861213684	-0.08275807648897171	0.20969314873218536	0.03317504748702049	0.2807557284832001	0.022979537025094032	0.041887007653713226	0.1236206591129303	-0.09564357250928879	-0.09378518164157867	-0.015096466057002544	0.13729622960090637	0.0019495021551847458	-0.08581503480672836	0.06965646892786026	-0.13563735783100128	0.015345461666584015	-0.14986073970794678	0.11783524602651596	-0.1480482965707779	-0.04694536328315735	-0.07334865629673004	0.08888301998376846	0.025236735120415688	-0.05234674736857414	0.24445238709449768	0.06610889732837677	0.2988368570804596	-0.09608327597379684	-0.029729869216680527	-0.01682968996465206	-0.0963536873459816	0.08629350364208221	0.08877281099557877	-0.2548385262489319	0.1682453751564026	-0.01796971820294857	-0.11370789259672165	0.12307143956422806	0.15179064869880676
-0.05415252596139908	-0.09731362015008926	0.05194571241736412	-0.00553659163415432	-0.15175893902778625	-0.012794469483196735	0.0390373170375824	0.004225258249789476	-0.04487108066678047	0.09852460026741028	0.037351448088884354	0.03386569768190384	0.1407393515110016	0.0003388742625247687	-0.15014541149139404	0.014459826052188873	0.057090576738119125	0.10660281032323837	-0.008849105797708035	-0.06075453758239746	0.05968165397644043	-0.024438519030809402	0.004204956814646721	0.08449626713991165	-0.13179434835910797	-0.002134911948814988	-0.07244612276554108	-0.01775633916258812	-0.053626928478479385	0.20001815259456635	-0.020886274054646492	0.017919111996889114	-0.08166221529245377	0.07497729361057281	-0.04814353957772255	0.0029862031806260347	-0.03327608108520508	-0.11444205045700073	0.0047659436240792274	0.013603107072412968	-0.05097266286611557	-0.015266401693224907	-0.026352521032094955	-0.08443218469619751	-0.03778832405805588	-0.06266190111637115	-0.05184037983417511	-0.09949227422475815	-0.05123601853847504	-0.02845887467265129	-0.08347418904304504	-0.10221056640148163	-0.08409161865711212	0.05625427886843681	-0.04349922388792038	-0.011190029792487621	0.08501653373241425	-0.04442061111330986	0.01944071613252163	0.016771839931607246	-0.007248962298035622	-0.07684379816055298	-0.04922841489315033	0.0375390350818634
-0.05415252596139908	-0.09731362015008926	0.05194571241736412	-0.00553659163415432	-0.15175893902778625	-0.012794469483196735	0.0390373170375824	0.004225258249789476	-0.04487108066678047	0.09852460026741028	0.037351448088884354	0.03386569768190384	0.1407393515110016	0.0003388742625247687	-0.15014541149139404	0.014459826052188873	0.057090576738119125	0.10660281032323837	-0.008849105797708035	-0.06075453758239746	0.05968165397644043	-0.024438519030809402	0.004204956814646721	0.08449626713991165	-0.13179434835910797	-0.002134911948814988	-0.07244612276554108	-0.01775633916258812	-0.053626928478479385	0.20001815259456635	-0.020886274054646492	0.017919111996889114	-0.08166221529245377	0.07497729361057281	-0.04814353957772255	0.0029862031806260347	-0.03327608108520508	-0.11444205045700073	0.0047659436240792274	0.013603107072412968	-0.05097266286611557	-0.015266401693224907	-0.026352521032094955	-0.08443218469619751	-0.03778832405805588	-0.06266190111637115	-0.05184037983417511	-0.09949227422475815	-0.05123601853847504	-0.02845887467265129	-0.08347418904304504	-0.10221056640148163	-0.08409161865711212	0.05625427886843681	-0.04349922388792038	-0.011190029792487621	0.08501653373241425	-0.04442061111330986	0.01944071613252163	0.016771839931607246	-0.007248962298035622	-0.07684379816055298	-0.04922841489315033	0.0375390350818634
-0.05415252596139908	-0.09731362015008926	0.05194571241736412	-0.00553659163415432	-0.15175893902778625	-0.012794469483196735	0.0390373170375824	0.004225258249789476	-0.04487108066678047	0.09852460026741028	0.037351448088884354	0.03386569768190384	0.1407393515110016	0.0003388742625247687	-0.15014541149139404	0.014459826052188873	0.057090576738119125	0.10660281032323837	-0.008849105797708035	-0.06075453758239746	0.05968165397644043	-0.024438519030809402	0.004204956814646721	0.08449626713991165	-0.13179434835910797	-0.002134911948814988	-0.07244612276554108	-0.01775633916258812	-0.053626928478479385	0.20001815259456635	-0.020886274054646492	0.017919111996889114	-0.08166221529245377	0.07497729361057281	-0.04814353957772255	0.0029862031806260347	-0.03327608108520508	-0.11444205045700073	0.0047659436240792274	0.013603107072412968	-0.05097266286611557	-0.015266401693224907	-0.026352521032094955	-0.08443218469619751	-0.03778832405805588	-0.06266190111637115	-0.05184037983417511	-0.09949227422475815	-0.05123601853847504	-0.02845887467265129	-0.08347418904304504	-0.10221056640148163	-0.08409161865711212	0.05625427886843681	-0.04349922388792038	-0.011190029792487621	0.08501653373241425	-0.04442061111330986	0.01944071613252163	0.016771839931607246	-0.007248962298035622	-0.07684379816055298	-0.04922841489315033	0.0375390350818634
-0.05415252596139908	-0.09731362015008926	0.05194571241736412	-0.00553659163415432	-0.15175893902778625	-0.012794469483196735	0.0390373170375824	0.004225258249789476	-0.04487108066678047	0.09852460026741028	0.037351448088884354	0.03386569768190384	0.1407393515110016	0.0003388742625247687	-0.15014541149139404	0.014459826052188873	0.057090576738119125	0.10660281032323837	-0.008849105797708035	-0.06075453758239746	0.05968165397644043	-0.024438519030809402	0.004204956814646721	0.08449626713991165	-0.13179434835910797	-0.002134911948814988	-0.07244612276554108	-0.01775633916258812	-0.053626928478479385	0.20001815259456635	-0.020886274054646492	0.017919111996889114	-0.08166221529245377	0.07497729361057281	-0.04814353957772255	0.0029862031806260347	-0.03327608108520508	-0.11444205045700073	0.0047659436240792274	0.013603107072412968	-0.05097266286611557	-0.015266401693224907	-0.026352521032094955	-0.08443218469619751	-0.03778832405805588	-0.06266190111637115	-0.05184037983417511	-0.09949227422475815	-0.05123601853847504	-0.02845887467265129	-0.08347418904304504	-0.10221056640148163	-0.08409161865711212	0.05625427886843681	-0.04349922388792038	-0.011190029792487621	0.08501653373241425	-0.04442061111330986	0.01944071613252163	0.016771839931607246	-0.007248962298035622	-0.07684379816055298	-0.04922841489315033	0.0375390350818634
-0.05415252596139908	-0.09731362015008926	0.05194571241736412	-0.00553659163415432	-0.15175893902778625	-0.012794469483196735	0.0390373170375824	0.004225258249789476	-0.04487108066678047	0.09852460026741028	0.037351448088884354	0.03386569768190384	0.1407393515110016	0.0003388742625247687	-0.15014541149139404	0.014459826052188873	0.057090576738119125	0.10660281032323837	-0.008849105797708035	-0.06075453758239746	0.05968165397644043	-0.024438519030809402	0.004204956814646721	0.08449626713991165	-0.13179434835910797	-0.002134911948814988	-0.07244612276554108	-0.01775633916258812	-0.053626928478479385	0.20001815259456635	-0.020886274054646492	0.017919111996889114	-0.08166221529245377	0.07497729361057281	-0.04814353957772255	0.0029862031806260347	-0.03327608108520508	-0.11444205045700073	0.0047659436240792274	0.013603107072412968	-0.05097266286611557	-0.015266401693224907	-0.026352521032094955	-0.08443218469619751	-0.03778832405805588	-0.06266190111637115	-0.05184037983417511	-0.09949227422475815	-0.05123601853847504	-0.02845887467265129	-0.08347418904304504	-0.10221056640148163	-0.08409161865711212	0.05625427886843681	-0.04349922388792038	-0.011190029792487621	0.08501653373241425	-0.04442061111330986	0.01944071613252163	0.016771839931607246	-0.007248962298035622	-0.07684379816055298	-0.04922841489315033	0.0375390350818634
-0.05415252596139908	-0.09731362015008926	0.05194571241736412	-0.00553659163415432	-0.15175893902778625	-0.012794469483196735	0.0390373170375824	0.004225258249789476	-0.04487108066678047	0.09852460026741028	0.037351448088884354	0.03386569768190384	0.1407393515110016	0.0003388742625247687	-0.15014541149139404	0.014459826052188873	0.057090576738119125	0.10660281032323837	-0.008849105797708035	-0.06075453758239746	0.05968165397644043	-0.024438519030809402	0.004204956814646721	0.08449626713991165	-0.13179434835910797	-0.002134911948814988	-0.07244612276554108	-0.01775633916258812	-0.053626928478479385	0.20001815259456635	-0.020886274054646492	0.017919111996889114	-0.08166221529245377	0.07497729361057281	-0.04814353957772255	0.0029862031806260347	-0.03327608108520508	-0.11444205045700073	0.0047659436240792274	0.013603107072412968	-0.05097266286611557	-0.015266401693224907	-0.026352521032094955	-0.08443218469619751	-0.03778832405805588	-0.06266190111637115	-0.05184037983417511	-0.09949227422475815	-0.05123601853847504	-0.02845887467265129	-0.08347418904304504	-0.10221056640148163	-0.08409161865711212	0.05625427886843681	-0.04349922388792038	-0.011190029792487621	0.08501653373241425	-0.04442061111330986	0.01944071613252163	0.016771839931607246	-0.007248962298035622	-0.07684379816055298	-0.04922841489315033	0.0375390350818634
-0.003464240115135908	0.08831239491701126	-0.1018550843000412	-0.15006157755851746	0.01478763297200203	-0.032335326075553894	0.08015965670347214	-0.01884722337126732	-0.015947559848427773	0.16448166966438293	0.009359411895275116	-0.06761805713176727	-0.028882067650556564	-0.07193989306688309	-0.07250215858221054	0.04543827474117279	-0.015443217009305954	-0.23626163601875305	0.01782657764852047	0.26581284403800964	0.09899436682462692	-0.0811660960316658	0.03123830258846283	-0.20845583081245422	0.1292927861213684	-0.08275807648897171	0.20969314873218536	0.03317504748702049	0.2807557284832001	0.022979537025094032	0.041887007653713226	0.1236206591129303	-0.09564357250928879	-0.09378518164157867	-0.015096466057002544	0.13729622960090637	0.0019495021551847458	-0.08581503480672836	0.06965646892786026	-0.13563735783100128	0.015345461666584015	-0.14986073970794678	0.11783524602651596	-0.1480482965707779	-0.04694536328315735	-0.07334865629673004	0.08888301998376846	0.025236735120415688	-0.05234674736857414	0.24445238709449768	0.06610889732837677	0.2988368570804596	-0.09608327597379684	-0.029729869216680527	-0.01682968996465206	-0.0963536873459816	0.08629350364208221	0.08877281099557877	-0.2548385262489319	0.1682453751564026	-0.01796971820294857	-0.11370789259672165	0.12307143956422806	0.15179064869880676
-0.05415252596139908	-0.09731362015008926	0.05194571241736412	-0.00553659163415432	-0.15175893902778625	-0.012794469483196735	0.0390373170375824	0.004225258249789476	-0.04487108066678047	0.09852460026741028	0.037351448088884354	0.03386569768190384	0.1407393515110016	0.0003388742625247687	-0.15014541149139404	0.014459826052188873	0.057090576738119125	0.10660281032323837	-0.008849105797708035	-0.06075453758239746	0.05968165397644043	-0.024438519030809402	0.004204956814646721	0.08449626713991165	-0.13179434835910797	-0.002134911948814988	-0.07244612276554108	-0.01775633916258812	-0.053626928478479385	0.20001815259456635	-0.020886274054646492	0.017919111996889114	-0.08166221529245377	0.07497729361057281	-0.04814353957772255	0.0029862031806260347	-0.03327608108520508	-0.11444205045700073	0.0047659436240792274	0.013603107072412968	-0.05097266286611557	-0.015266401693224907	-0.026352521032094955	-0.08443218469619751	-0.03778832405805588	-0.06266190111637115	-0.05184037983417511	-0.09949227422475815	-0.05123601853847504	-0.02845887467265129	-0.08347418904304504	-0.10221056640148163	-0.08409161865711212	0.05625427886843681	-0.04349922388792038	-0.011190029792487621	0.08501653373241425	-0.04442061111330986	0.01944071613252163	0.016771839931607246	-0.007248962298035622	-0.07684379816055298	-0.04922841489315033	0.0375390350818634
-0.003464240115135908	0.08831239491701126	-0.1018550843000412	-0.15006157755851746	0.01478763297200203	-0.032335326075553894	0.08015965670347214	-0.01884722337126732	-0.015947559848427773	0.16448166966438293	0.009359411895275116	-0.06761805713176727	-0.028882067650556564	-0.07193989306688309	-0.07250215858221054	0.04543827474117279	-0.015443217009305954	-0.23626163601875305	0.01782657764852047	0.26581284403800964	0.09899436682462692	-0.0811660960316658	0.03123830258846283	-0.20845583081245422	0.1292927861213684	-0.08275807648897171	0.20969314873218536	0.03317504748702049	0.2807557284832001	0.022979537025094032	0.041887007653713226	0.1236206591129303	-0.09564357250928879	-0.09378518164157867	-0.015096466057002544	0.13729622960090637	0.0019495021551847458	-0.08581503480672836	0.06965646892786026	-0.13563735783100128	0.015345461666584015	-0.14986073970794678	0.11783524602651596	-0.1480482965707779	-0.04694536328315735	-0.07334865629673004	0.08888301998376846	0.025236735120415688	-0.05234674736857414	0.24445238709449768	0.06610889732837677	0.2988368570804596	-0.09608327597379684	-0.029729869216680527	-0.01682968996465206	-0.0963536873459816	0.08629350364208221	0.08877281099557877	-0.2548385262489319	0.1682453751564026	-0.01796971820294857	-0.11370789259672165	0.12307143956422806	0.15179064869880676
-0.003464240115135908	0.08831239491701126	-0.1018550843000412	-0.15006157755851746	0.01478763297200203	-0.032335326075553894	0.08015965670347214	-0.01884722337126732	-0.015947559848427773	0.16448166966438293	0.009359411895275116	-0.06761805713176727	-0.028882067650556564	-0.07193989306688309	-0.07250215858221054	0.04543827474117279	-0.015443217009305954	-0.23626163601875305	0.01782657764852047	0.26581284403800964	0.09899436682462692	-0.0811660960316658	0.03123830258846283	-0.20845583081245422	0.1292927861213684	-0.08275807648897171	0.20969314873218536	0.03317504748702049	0.2807557284832001	0.022979537025094032	0.041887007653713226	0.1236206591129303	-0.09564357250928879	-0.09378518164157867	-0.015096466057002544	0.13729622960090637	0.0019495021551847458	-0.08581503480672836	0.06965646892786026	-0.13563735783100128	0.015345461666584015	-0.14986073970794678	0.11783524602651596	-0.1480482965707779	-0.04694536328315735	-0.07334865629673004	0.08888301998376846	0.025236735120415688	-0.05234674736857414	0.24445238709449768	0.06610889732837677	0.2988368570804596	-0.09608327597379684	-0.029729869216680527	-0.01682968996465206	-0.0963536873459816	0.08629350364208221	0.08877281099557877	-0.2548385262489319	0.1682453751564026	-0.01796971820294857	-0.11370789259672165	0.12307143956422806	0.15179064869880676
-0.003464240115135908	0.08831239491701126	-0.1018550843000412	-0.15006157755851746	0.01478763297200203	-0.032335326075553894	0.08015965670347214	-0.01884722337126732	-0.015947559848427773	0.16448166966438293	0.009359411895275116	-0.06761805713176727	-0.028882067650556564	-0.07193989306688309	-0.07250215858221054	0.04543827474117279	-0.015443217009305954	-0.23626163601875305	0.01782657764852047	0.26581284403800964	0.09899436682462692	-0.0811660960316658	0.03123830258846283	-0.20845583081245422	0.1292927861213684	-0.08275807648897171	0.20969314873218536	0.03317504748702049	0.2807557284832001	0.022979537025094032	0.041887007653713226	0.1236206591129303	-0.09564357250928879	-0.09378518164157867	-0.015096466057002544	0.13729622960090637	0.0019495021551847458	-0.08581503480672836	0.06965646892786026	-0.13563735783100128	0.015345461666584015	-0.14986073970794678	0.11783524602651596	-0.1480482965707779	-0.04694536328315735	-0.07334865629673004	0.08888301998376846	0.025236735120415688	-0.05234674736857414	0.24445238709449768	0.06610889732837677	0.2988368570804596	-0.09608327597379684	-0.029729869216680527	-0.01682968996465206	-0.0963536873459816	0.08629350364208221	0.08877281099557877	-0.2548385262489319	0.1682453751564026	-0.01796971820294857	-0.11370789259672165	0.12307143956422806	0.15179064869880676
-0.003464240115135908	0.08831239491701126	-0.1018550843000412	-0.15006157755851746	0.01478763297200203	-0.032335326075553894	0.08015965670347214	-0.01884722337126732	-0.015947559848427773	0.16448166966438293	0.009359411895275116	-0.06761805713176727	-0.028882067650556564	-0.07193989306688309	-0.07250215858221054	0.04543827474117279	-0.015443217009305954	-0.23626163601875305	0.01782657764852047	0.26581284403800964	0.09899436682462692	-0.0811660960316658	0.03123830258846283	-0.20845583081245422	0.1292927861213684	-0.08275807648897171	0.20969314873218536	0.03317504748702049	0.2807557284832001	0.022979537025094032	0.041887007653713226	0.1236206591129303	-0.09564357250928879	-0.09378518164157867	-0.015096466057002544	0.13729622960090637	0.0019495021551847458	-0.08581503480672836	0.06965646892786026	-0.13563735783100128	0.015345461666584015	-0.14986073970794678	0.11783524602651596	-0.1480482965707779	-0.04694536328315735	-0.07334865629673004	0.08888301998376846	0.025236735120415688	-0.05234674736857414	0.24445238709449768	0.06610889732837677	0.2988368570804596	-0.09608327597379684	-0.029729869216680527	-0.01682968996465206	-0.0963536873459816	0.08629350364208221	0.08877281099557877	-0.2548385262489319	0.1682453751564026	-0.01796971820294857	-0.11370789259672165	0.12307143956422806	0.15179064869880676
-0.003464240115135908	0.08831239491701126	-0.1018550843000412	-0.15006157755851746	0.01478763297200203	-0.032335326075553894	0.08015965670347214	-0.01884722337126732	-0.015947559848427773	0.16448166966438293	0.009359411895275116	-0.06761805713176727	-0.028882067650556564	-0.07193989306688309	-0.07250215858221054	0.04543827474117279	-0.015443217009305954	-0.23626163601875305	0.01782657764852047	0.26581284403800964	0.09899436682462692	-0.0811660960316658	0.03123830258846283	-0.20845583081245422	0.1292927861213684	-0.08275807648897171	0.20969314873218536	0.03317504748702049	0.2807557284832001	0.022979537025094032	0.041887007653713226	0.1236206591129303	-0.09564357250928879	-0.09378518164157867	-0.015096466057002544	0.13729622960090637	0.0019495021551847458	-0.08581503480672836	0.06965646892786026	-0.13563735783100128	0.015345461666584015	-0.14986073970794678	0.11783524602651596	-0.1480482965707779	-0.04694536328315735	-0.07334865629673004	0.08888301998376846	0.025236735120415688	-0.05234674736857414	0.24445238709449768	0.06610889732837677	0.2988368570804596	-0.09608327597379684	-0.029729869216680527	-0.01682968996465206	-0.0963536873459816	0.08629350364208221	0.08877281099557877	-0.2548385262489319	0.1682453751564026	-0.01796971820294857	-0.11370789259672165	0.12307143956422806	0.15179064869880676
-0.003464240115135908	0.08831239491701126	-0.1018550843000412	-0.15006157755851746	0.01478763297200203	-0.032335326075553894	0.08015965670347214	-0.01884722337126732	-0.015947559848427773	0.16448166966438293	0.009359411895275116	-0.06761805713176727	-0.028882067650556564	-0.07193989306688309	-0.07250215858221054	0.04543827474117279	-0.015443217009305954	-0.23626163601875305	0.01782657764852047	0.26581284403800964	0.09899436682462692	-0.0811660960316658	0.03123830258846283	-0.20845583081245422	0.1292927861213684	-0.08275807648897171	0.20969314873218536	0.03317504748702049	0.2807557284832001	0.022979537025094032	0.041887007653713226	0.1236206591129303	-0.09564357250928879	-0.09378518164157867	-0.015096466057002544	0.13729622960090637	0.0019495021551847458	-0.08581503480672836	0.06965646892786026	-0.13563735783100128	0.015345461666584015	-0.14986073970794678	0.11783524602651596	-0.1480482965707779	-0.04694536328315735	-0.07334865629673004	0.08888301998376846	0.025236735120415688	-0.05234674736857414	0.24445238709449768	0.06610889732837677	0.2988368570804596	-0.09608327597379684	-0.029729869216680527	-0.01682968996465206	-0.0963536873459816	0.08629350364208221	0.08877281099557877	-0.2548385262489319	0.1682453751564026	-0.01796971820294857	-0.11370789259672165	0.12307143956422806	0.15179064869880676
-0.003464240115135908	0.08831239491701126	-0.1018550843000412	-0.15006157755851746	0.01478763297200203	-0.032335326075553894	0.08015965670347214	-0.01884722337126732	-0.015947559848427773	0.16448166966438293	0.009359411895275116	-0.06761805713176727	-0.028882067650556564	-0.07193989306688309	-0.07250215858221054	0.04543827474117279	-0.015443217009305954	-0.23626163601875305	0.01782657764852047	0.26581284403800964	0.09899436682462692	-0.0811660960316658	0.03123830258846283	-0.20845583081245422	0.1292927861213684	-0.08275807648897171	0.20969314873218536	0.03317504748702049	0.2807557284832001	0.022979537025094032	0.041887007653713226	0.1236206591129303	-0.09564357250928879	-0.09378518164157867	-0.015096466057002544	0.13729622960090637	0.0019495021551847458	-0.08581503480672836	0.06965646892786026	-0.13563735783100128	0.015345461666584015	-0.14986073970794678	0.11783524602651596	-0.1480482965707779	-0.04694536328315735	-0.07334865629673004	0.08888301998376846	0.025236735120415688	-0.05234674736857414	0.24445238709449768	0.06610889732837677	0.2988368570804596	-0.09608327597379684	-0.029729869216680527	-0.01682968996465206	-0.0963536873459816	0.08629350364208221	0.08877281099557877	-0.2548385262489319	0.1682453751564026	-0.01796971820294857	-0.11370789259672165	0.12307143956422806	0.15179064869880676
-0.05415252596139908	-0.09731362015008926	0.05194571241736412	-0.00553659163415432	-0.15175893902778625	-0.012794469483196735	0.0390373170375824	0.004225258249789476	-0.04487108066678047	0.09852460026741028	0.037351448088884354	0.03386569768190384	0.1407393515110016	0.0003388742625247687	-0.15014541149139404	0.014459826052188873	0.057090576738119125	0.10660281032323837	-0.008849105797708035	-0.06075453758239746	0.05968165397644043	-0.024438519030809402	0.004204956814646721	0.08449626713991165	-0.13179434835910797	-0.002134911948814988	-0.07244612276554108	-0.01775633916258812	-0.053626928478479385	0.20001815259456635	-0.020886274054646492	0.017919111996889114	-0.08166221529245377	0.07497729361057281	-0.04814353957772255	0.0029862031806260347	-0.03327608108520508	-0.11444205045700073	0.0047659436240792274	0.013603107072412968	-0.05097266286611557	-0.015266401693224907	-0.026352521032094955	-0.08443218469619751	-0.03778832405805588	-0.06266190111637115	-0.05184037983417511	-0.09949227422475815	-0.05123601853847504	-0.02845887467265129	-0.08347418904304504	-0.10221056640148163	-0.08409161865711212	0.05625427886843681	-0.04349922388792038	-0.011190029792487621	0.08501653373241425	-0.04442061111330986	0.01944071613252163	0.016771839931607246	-0.007248962298035622	-0.07684379816055298	-0.04922841489315033	0.0375390350818634
-0.003464240115135908	0.08831239491701126	-0.1018550843000412	-0.15006157755851746	0.01478763297200203	-0.032335326075553894	0.08015965670347214	-0.01884722337126732	-0.015947559848427773	0.16448166966438293	0.009359411895275116	-0.06761805713176727	-0.028882067650556564	-0.07193989306688309	-0.07250215858221054	0.04543827474117279	-0.015443217009305954	-0.23626163601875305	0.01782657764852047	0.26581284403800964	0.09899436682462692	-0.0811660960316658	0.03123830258846283	-0.20845583081245422	0.1292927861213684	-0.08275807648897171	0.20969314873218536	0.03317504748702049	0.2807557284832001	0.022979537025094032	0.041887007653713226	0.1236206591129303	-0.09564357250928879	-0.09378518164157867	-0.015096466057002544	0.13729622960090637	0.0019495021551847458	-0.08581503480672836	0.06965646892786026	-0.13563735783100128	0.015345461666584015	-0.14986073970794678	0.11783524602651596	-0.1480482965707779	-0.04694536328315735	-0.07334865629673004	0.08888301998376846	0.025236735120415688	-0.05234674736857414	0.24445238709449768	0.06610889732837677	0.2988368570804596	-0.09608327597379684	-0.029729869216680527	-0.01682968996465206	-0.0963536873459816	0.08629350364208221	0.08877281099557877	-0.2548385262489319	0.1682453751564026	-0.01796971820294857	-0.11370789259672165	0.12307143956422806	0.15179064869880676
-0.05415252596139908	-0.09731362015008926	0.05194571241736412	-0.00553659163415432	-0.15175893902778625	-0.012794469483196735	0.0390373170375824	0.004225258249789476	-0.04487108066678047	0.09852460026741028	0.037351448088884354	0.03386569768190384	0.1407393515110016	0.0003388742625247687	-0.15014541149139404	0.014459826052188873	0.057090576738119125	0.10660281032323837	-0.008849105797708035	-0.06075453758239746	0.05968165397644043	-0.024438519030809402	0.004204956814646721	0.08449626713991165	-0.13179434835910797	-0.002134911948814988	-0.07244612276554108	-0.01775633916258812	-0.053626928478479385	0.20001815259456635	-0.020886274054646492	0.017919111996889114	-0.08166221529245377	0.07497729361057281	-0.04814353957772255	0.0029862031806260347	-0.03327608108520508	-0.11444205045700073	0.0047659436240792274	0.013603107072412968	-0.05097266286611557	-0.015266401693224907	-0.026352521032094955	-0.08443218469619751	-0.03778832405805588	-0.06266190111637115	-0.05184037983417511	-0.09949227422475815	-0.05123601853847504	-0.02845887467265129	-0.08347418904304504	-0.10221056640148163	-0.08409161865711212	0.05625427886843681	-0.04349922388792038	-0.011190029792487621	0.08501653373241425	-0.04442061111330986	0.01944071613252163	0.016771839931607246	-0.007248962298035622	-0.07684379816055298	-0.04922841489315033	0.0375390350818634
-0.05415252596139908	-0.09731362015008926	0.05194571241736412	-0.00553659163415432	-0.15175893902778625	-0.012794469483196735	0.0390373170375824	0.004225258249789476	-0.04487108066678047	0.09852460026741028	0.037351448088884354	0.03386569768190384	0.1407393515110016	0.0003388742625247687	-0.15014541149139404	0.014459826052188873	0.057090576738119125	0.10660281032323837	-0.008849105797708035	-0.06075453758239746	0.05968165397644043	-0.024438519030809402	0.004204956814646721	0.08449626713991165	-0.13179434835910797	-0.002134911948814988	-0.07244612276554108	-0.01775633916258812	-0.053626928478479385	0.20001815259456635	-0.020886274054646492	0.017919111996889114	-0.08166221529245377	0.07497729361057281	-0.04814353957772255	0.0029862031806260347	-0.03327608108520508	-0.11444205045700073	0.0047659436240792274	0.013603107072412968	-0.05097266286611557	-0.015266401693224907	-0.026352521032094955	-0.08443218469619751	-0.03778832405805588	-0.06266190111637115	-0.05184037983417511	-0.09949227422475815	-0.05123601853847504	-0.02845887467265129	-0.08347418904304504	-0.10221056640148163	-0.08409161865711212	0.05625427886843681	-0.04349922388792038	-0.011190029792487621	0.08501653373241425	-0.04442061111330986	0.01944071613252163	0.016771839931607246	-0.007248962298035622	-0.07684379816055298	-0.04922841489315033	0.0375390350818634
-0.003464240115135908	0.08831239491701126	-0.1018550843000412	-0.15006157755851746	0.01478763297200203	-0.032335326075553894	0.08015965670347214	-0.01884722337126732	-0.015947559848427773	0.16448166966438293	0.009359411895275116	-0.06761805713176727	-0.028882067650556564	-0.07193989306688309	-0.07250215858221054	0.04543827474117279	-0.015443217009305954	-0.23626163601875305	0.01782657764852047	0.26581284403800964	0.09899436682462692	-0.0811660960316658	0.03123830258846283	-0.20845583081245422	0.1292927861213684	-0.08275807648897171	0.20969314873218536	0.03317504748702049	0.2807557284832001	0.022979537025094032	0.041887007653713226	0.1236206591129303	-0.09564357250928879	-0.09378518164157867	-0.015096466057002544	0.13729622960090637	0.0019495021551847458	-0.08581503480672836	0.06965646892786026	-0.13563735783100128	0.015345461666584015	-0.14986073970794678	0.11783524602651596	-0.1480482965707779	-0.04694536328315735	-0.07334865629673004	0.08888301998376846	0.025236735120415688	-0.05234674736857414	0.24445238709449768	0.06610889732837677	0.2988368570804596	-0.09608327597379684	-0.029729869216680527	-0.01682968996465206	-0.0963536873459816	0.08629350364208221	0.08877281099557877	-0.2548385262489319	0.1682453751564026	-0.01796971820294857	-0.11370789259672165	0.12307143956422806	0.15179064869880676
-0.05415252596139908	-0.09731362015008926	0.05194571241736412	-0.00553659163415432	-0.15175893902778625	-0.012794469483196735	0.0390373170375824	0.004225258249789476	-0.04487108066678047	0.09852460026741028	0.037351448088884354	0.03386569768190384	0.1407393515110016	0.0003388742625247687	-0.15014541149139404	0.014459826052188873	0.057090576738119125	0.10660281032323837	-0.008849105797708035	-0.06075453758239746	0.05968165397644043	-0.024438519030809402	0.004204956814646721	0.08449626713991165	-0.13179434835910797	-0.002134911948814988	-0.07244612276554108	-0.01775633916258812	-0.053626928478479385	0.20001815259456635	-0.020886274054646492	0.017919111996889114	-0.08166221529245377	0.07497729361057281	-0.04814353957772255	0.0029862031806260347	-0.03327608108520508	-0.11444205045700073	0.0047659436240792274	0.013603107072412968	-0.05097266286611557	-0.015266401693224907	-0.026352521032094955	-0.08443218469619751	-0.03778832405805588	-0.06266190111637115	-0.05184037983417511	-0.09949227422475815	-0.05123601853847504	-0.02845887467265129	-0.08347418904304504	-0.10221056640148163	-0.08409161865711212	0.05625427886843681	-0.04349922388792038	-0.011190029792487621	0.08501653373241425	-0.04442061111330986	0.01944071613252163	0.016771839931607246	-0.007248962298035622	-0.07684379816055298	-0.04922841489315033	0.0375390350818634
-0.05415252596139908	-0.09731362015008926	0.05194571241736412	-0.00553659163415432	-0.15175893902778625	-0.012794469483196735	0.0390373170375824	0.004225258249789476	-0.04487108066678047	0.09852460026741028	0.037351448088884354	0.03386569768190384	0.1407393515110016	0.0003388742625247687	-0.15014541149139404	0.014459826052188873	0.057090576738119125	0.10660281032323837	-0.008849105797708035	-0.06075453758239746	0.05968165397644043	-0.024438519030809402	0.004204956814646721	0.08449626713991165	-0.13179434835910797	-0.002134911948814988	-0.07244612276554108	-0.01775633916258812	-0.053626928478479385	0.20001815259456635	-0.020886274054646492	0.017919111996889114	-0.08166221529245377	0.07497729361057281	-0.04814353957772255	0.0029862031806260347	-0.03327608108520508	-0.11444205045700073	0.0047659436240792274	0.013603107072412968	-0.05097266286611557	-0.015266401693224907	-0.026352521032094955	-0.08443218469619751	-0.03778832405805588	-0.06266190111637115	-0.05184037983417511	-0.09949227422475815	-0.05123601853847504	-0.02845887467265129	-0.08347418904304504	-0.10221056640148163	-0.08409161865711212	0.05625427886843681	-0.04349922388792038	-0.011190029792487621	0.08501653373241425	-0.04442061111330986	0.01944071613252163	0.016771839931607246	-0.007248962298035622	-0.07684379816055298	-0.04922841489315033	0.0375390350818634
-0.05415252596139908	-0.09731362015008926	0.05194571241736412	-0.00553659163415432	-0.15175893902778625	-0.012794469483196735	0.0390373170375824	0.004225258249789476	-0.04487108066678047	0.09852460026741028	0.037351448088884354	0.03386569768190384	0.1407393515110016	0.0003388742625247687	-0.15014541149139404	0.014459826052188873	0.057090576738119125	0.10660281032323837	-0.008849105797708035	-0.06075453758239746	0.05968165397644043	-0.024438519030809402	0.004204956814646721	0.08449626713991165	-0.13179434835910797	-0.002134911948814988	-0.07244612276554108	-0.01775633916258812	-0.053626928478479385	0.20001815259456635	-0.020886274054646492	0.017919111996889114	-0.08166221529245377	0.07497729361057281	-0.04814353957772255	0.0029862031806260347	-0.03327608108520508	-0.11444205045700073	0.0047659436240792274	0.013603107072412968	-0.05097266286611557	-0.015266401693224907	-0.026352521032094955	-0.08443218469619751	-0.03778832405805588	-0.06266190111637115	-0.05184037983417511	-0.09949227422475815	-0.05123601853847504	-0.02845887467265129	-0.08347418904304504	-0.10221056640148163	-0.08409161865711212	0.05625427886843681	-0.04349922388792038	-0.011190029792487621	0.08501653373241425	-0.04442061111330986	0.01944071613252163	0.016771839931607246	-0.007248962298035622	-0.07684379816055298	-0.04922841489315033	0.0375390350818634
-0.003464240115135908	0.08831239491701126	-0.1018550843000412	-0.15006157755851746	0.01478763297200203	-0.032335326075553894	0.08015965670347214	-0.01884722337126732	-0.015947559848427773	0.16448166966438293	0.009359411895275116	-0.06761805713176727	-0.028882067650556564	-0.07193989306688309	-0.07250215858221054	0.04543827474117279	-0.015443217009305954	-0.23626163601875305	0.01782657764852047	0.26581284403800964	0.09899436682462692	-0.0811660960316658	0.03123830258846283	-0.20845583081245422	0.1292927861213684	-0.08275807648897171	0.20969314873218536	0.03317504748702049	0.2807557284832001	0.022979537025094032	0.041887007653713226	0.1236206591129303	-0.09564357250928879	-0.09378518164157867	-0.015096466057002544	0.13729622960090637	0.0019495021551847458	-0.08581503480672836	0.06965646892786026	-0.13563735783100128	0.015345461666584015	-0.14986073970794678	0.11783524602651596	-0.1480482965707779	-0.04694536328315735	-0.07334865629673004	0.08888301998376846	0.025236735120415688	-0.05234674736857414	0.24445238709449768	0.06610889732837677	0.2988368570804596	-0.09608327597379684	-0.029729869216680527	-0.01682968996465206	-0.0963536873459816	0.08629350364208221	0.08877281099557877	-0.2548385262489319	0.1682453751564026	-0.01796971820294857	-0.11370789259672165	0.12307143956422806	0.15179064869880676
-0.05415252596139908	-0.09731362015008926	0.05194571241736412	-0.00553659163415432	-0.15175893902778625	-0.012794469483196735	0.0390373170375824	0.004225258249789476	-0.04487108066678047	0.09852460026741028	0.037351448088884354	0.03386569768190384	0.1407393515110016	0.0003388742625247687	-0.15014541149139404	0.014459826052188873	0.057090576738119125	0.10660281032323837	-0.008849105797708035	-0.06075453758239746	0.05968165397644043	-0.024438519030809402	0.004204956814646721	0.08449626713991165	-0.13179434835910797	-0.002134911948814988	-0.07244612276554108	-0.01775633916258812	-0.053626928478479385	0.20001815259456635	-0.020886274054646492	0.017919111996889114	-0.08166221529245377	0.07497729361057281	-0.04814353957772255	0.0029862031806260347	-0.03327608108520508	-0.11444205045700073	0.0047659436240792274	0.013603107072412968	-0.05097266286611557	-0.015266401693224907	-0.026352521032094955	-0.08443218469619751	-0.03778832405805588	-0.06266190111637115	-0.05184037983417511	-0.09949227422475815	-0.05123601853847504	-0.02845887467265129	-0.08347418904304504	-0.10221056640148163	-0.08409161865711212	0.05625427886843681	-0.04349922388792038	-0.011190029792487621	0.08501653373241425	-0.04442061111330986	0.01944071613252163	0.016771839931607246	-0.007248962298035622	-0.07684379816055298	-0.04922841489315033	0.0375390350818634
-0.07583089172840118	0.1548813134431839	-0.023502053692936897	0.046011991798877716	0.09905874729156494	-0.12846434116363525	-0.09718049317598343	-0.012068027630448341	-0.04282863810658455	-0.24094752967357635	-0.0918889120221138	-0.10374733805656433	-0.013719058595597744	0.07049937546253204	-0.26458147168159485	-0.059393465518951416	-0.2310243546962738	0.25690901279449463	-0.1642841398715973	-0.308129221200943	0.14804935455322266	-0.03844616562128067	-0.21360516548156738	0.16822782158851624	-0.004977526143193245	-0.20785857737064362	0.04563566669821739	-0.03671136125922203	-0.12498302757740021	0.16977311670780182	-0.21586531400680542	0.02378316968679428	0.12950335443019867	-0.021169770509004593	-0.04467152804136276	-0.03388182446360588	0.031493861228227615	0.02039790339767933	0.016703100875020027	-0.023359086364507675	-0.21701589226722717	0.13892368972301483	-0.09431672096252441	0.19872047007083893	0.1997494250535965	0.07444683462381363	-0.1734880805015564	-0.01088742446154356	0.0686965361237526	-0.10892776399850845	-0.020133832469582558	-0.0993184968829155	0.033174555748701096	-0.01112400833517313	0.06416906416416168	0.01721571944653988	-0.12926602363586426	-0.0048854900524020195	0.27416375279426575	0.05699137598276138	0.15242566168308258	0.03750953450798988	0.022052280604839325	-0.037245556712150574
-0.003464240115135908	0.08831239491701126	-0.1018550843000412	-0.15006157755851746	0.01478763297200203	-0.032335326075553894	0.08015965670347214	-0.01884722337126732	-0.015947559848427773	0.16448166966438293	0.009359411895275116	-0.06761805713176727	-0.028882067650556564	-0.07193989306688309	-0.07250215858221054	0.04543827474117279	-0.015443217009305954	-0.23626163601875305	0.01782657764852047	0.26581284403800964	0.09899436682462692	-0.0811660960316658	0.03123830258846283	-0.20845583081245422	0.1292927861213684	-0.08275807648897171	0.20969314873218536	0.03317504748702049	0.2807557284832001	0.022979537025094032	0.041887007653713226	0.1236206591129303	-0.09564357250928879	-0.09378518164157867	-0.015096466057002544	0.13729622960090637	0.0019495021551847458	-0.08581503480672836	0.06965646892786026	-0.13563735783100128	0.015345461666584015	-0.14986073970794678	0.11783524602651596	-0.1480482965707779	-0.04694536328315735	-0.07334865629673004	0.08888301998376846	0.025236735120415688	-0.05234674736857414	0.24445238709449768	0.06610889732837677	0.2988368570804596	-0.09608327597379684	-0.029729869216680527	-0.01682968996465206	-0.0963536873459816	0.08629350364208221	0.08877281099557877	-0.2548385262489319	0.1682453751564026	-0.01796971820294857	-0.11370789259672165	0.12307143956422806	0.15179064869880676
-0.05415252596139908	-0.09731362015008926	0.05194571241736412	-0.00553659163415432	-0.15175893902778625	-0.012794469483196735	0.0390373170375824	0.004225258249789476	-0.04487108066678047	0.09852460026741028	0.037351448088884354	0.03386569768190384	0.1407393515110016	0.0003388742625247687	-0.15014541149139404	0.014459826052188873	0.057090576738119125	0.10660281032323837	-0.008849105797708035	-0.06075453758239746	0.05968165397644043	-0.024438519030809402	0.004204956814646721	0.08449626713991165	-0.13179434835910797	-0.002134911948814988	-0.07244612276554108	-0.01775633916258812	-0.053626928478479385	0.20001815259456635	-0.020886274054646492	0.017919111996889114	-0.08166221529245377	0.07497729361057281	-0.04814353957772255	0.0029862031806260347	-0.03327608108520508	-0.11444205045700073	0.0047659436240792274	0.013603107072412968	-0.05097266286611557	-0.015266401693224907	-0.026352521032094955	-0.08443218469619751	-0.03778832405805588	-0.06266190111637115	-0.05184037983417511	-0.09949227422475815	-0.05123601853847504	-0.02845887467265129	-0.08347418904304504	-0.10221056640148163	-0.08409161865711212	0.05625427886843681	-0.04349922388792038	-0.011190029792487621	0.08501653373241425	-0.04442061111330986	0.01944071613252163	0.016771839931607246	-0.007248962298035622	-0.07684379816055298	-0.04922841489315033	0.0375390350818634
-0.003464240115135908	0.08831239491701126	-0.1018550843000412	-0.15006157755851746	0.01478763297200203	-0.032335326075553894	0.08015965670347214	-0.01884722337126732	-0.015947559848427773	0.16448166966438293	0.009359411895275116	-0.06761805713176727	-0.028882067650556564	-0.07193989306688309	-0.07250215858221054	0.04543827474117279	-0.015443217009305954	-0.23626163601875305	0.01782657764852047	0.26581284403800964	0.09899436682462692	-0.0811660960316658	0.03123830258846283	-0.20845583081245422	0.1292927861213684	-0.08275807648897171	0.20969314873218536	0.03317504748702049	0.2807557284832001	0.022979537025094032	0.041887007653713226	0.1236206591129303	-0.09564357250928879	-0.09378518164157867	-0.015096466057002544	0.13729622960090637	0.0019495021551847458	-0.08581503480672836	0.06965646892786026	-0.13563735783100128	0.015345461666584015	-0.14986073970794678	0.11783524602651596	-0.1480482965707779	-0.04694536328315735	-0.07334865629673004	0.08888301998376846	0.025236735120415688	-0.05234674736857414	0.24445238709449768	0.06610889732837677	0.2988368570804596	-0.09608327597379684	-0.029729869216680527	-0.01682968996465206	-0.0963536873459816	0.08629350364208221	0.08877281099557877	-0.2548385262489319	0.1682453751564026	-0.01796971820294857	-0.11370789259672165	0.12307143956422806	0.15179064869880676
-0.003464240115135908	0.08831239491701126	-0.1018550843000412	-0.15006157755851746	0.01478763297200203	-0.032335326075553894	0.08015965670347214	-0.01884722337126732	-0.015947559848427773	0.16448166966438293	0.009359411895275116	-0.06761805713176727	-0.028882067650556564	-0.07193989306688309	-0.07250215858221054	0.04543827474117279	-0.015443217009305954	-0.23626163601875305	0.01782657764852047	0.26581284403800964	0.09899436682462692	-0.0811660960316658	0.03123830258846283	-0.20845583081245422	0.1292927861213684	-0.08275807648897171	0.20969314873218536	0.03317504748702049	0.2807557284832001	0.022979537025094032	0.041887007653713226	0.1236206591129303	-0.09564357250928879	-0.09378518164157867	-0.015096466057002544	0.13729622960090637	0.0019495021551847458	-0.08581503480672836	0.06965646892786026	-0.13563735783100128	0.015345461666584015	-0.14986073970794678	0.11783524602651596	-0.1480482965707779	-0.04694536328315735	-0.07334865629673004	0.08888301998376846	0.025236735120415688	-0.05234674736857414	0.24445238709449768	0.06610889732837677	0.2988368570804596	-0.09608327597379684	-0.029729869216680527	-0.01682968996465206	-0.0963536873459816	0.08629350364208221	0.08877281099557877	-0.2548385262489319	0.1682453751564026	-0.01796971820294857	-0.11370789259672165	0.12307143956422806	0.15179064869880676
-0.003464240115135908	0.08831239491701126	-0.1018550843000412	-0.15006157755851746	0.01478763297200203	-0.032335326075553894	0.08015965670347214	-0.01884722337126732	-0.015947559848427773	0.16448166966438293	0.009359411895275116	-0.06761805713176727	-0.028882067650556564	-0.07193989306688309	-0.07250215858221054	0.04543827474117279	-0.015443217009305954	-0.23626163601875305	0.01782657764852047	0.26581284403800964	0.09899436682462692	-0.0811660960316658	0.03123830258846283	-0.20845583081245422	0.1292927861213684	-0.08275807648897171	0.20969314873218536	0.03317504748702049	0.2807557284832001	0.022979537025094032	0.041887007653713226	0.1236206591129303	-0.09564357250928879	-0.09378518164157867	-0.015096466057002544	0.13729622960090637	0.0019495021551847458	-0.08581503480672836	0.06965646892786026	-0.13563735783100128	0.015345461666584015	-0.14986073970794678	0.11783524602651596	-0.1480482965707779	-0.04694536328315735	-0.07334865629673004	0.08888301998376846	0.025236735120415688	-0.05234674736857414	0.24445238709449768	0.06610889732837677	0.2988368570804596	-0.09608327597379684	-0.029729869216680527	-0.01682968996465206	-0.0963536873459816	0.08629350364208221	0.08877281099557877	-0.2548385262489319	0.1682453751564026	-0.01796971820294857	-0.11370789259672165	0.12307143956422806	0.15179064869880676
-0.003464240115135908	0.08831239491701126	-0.1018550843000412	-0.15006157755851746	0.01478763297200203	-0.032335326075553894	0.08015965670347214	-0.01884722337126732	-0.015947559848427773	0.16448166966438293	0.009359411895275116	-0.06761805713176727	-0.028882067650556564	-0.07193989306688309	-0.07250215858221054	0.04543827474117279	-0.015443217009305954	-0.23626163601875305	0.01782657764852047	0.26581284403800964	0.09899436682462692	-0.0811660960316658	0.03123830258846283	-0.20845583081245422	0.1292927861213684	-0.08275807648897171	0.20969314873218536	0.03317504748702049	0.2807557284832001	0.022979537025094032	0.041887007653713226	0.1236206591129303	-0.09564357250928879	-0.09378518164157867	-0.015096466057002544	0.13729622960090637	0.0019495021551847458	-0.08581503480672836	0.06965646892786026	-0.13563735783100128	0.015345461666584015	-0.14986073970794678	0.11783524602651596	-0.1480482965707779	-0.04694536328315735	-0.07334865629673004	0.08888301998376846	0.025236735120415688	-0.05234674736857414	0.24445238709449768	0.06610889732837677	0.2988368570804596	-0.09608327597379684	-0.029729869216680527	-0.01682968996465206	-0.0963536873459816	0.08629350364208221	0.08877281099557877	-0.2548385262489319	0.1682453751564026	-0.01796971820294857	-0.11370789259672165	0.12307143956422806	0.15179064869880676
-0.003464240115135908	0.08831239491701126	-0.1018550843000412	-0.15006157755851746	0.01478763297200203	-0.032335326075553894	0.08015965670347214	-0.01884722337126732	-0.015947559848427773	0.16448166966438293	0.009359411895275116	-0.06761805713176727	-0.028882067650556564	-0.07193989306688309	-0.07250215858221054	0.04543827474117279	-0.015443217009305954	-0.23626163601875305	0.01782657764852047	0.26581284403800964	0.09899436682462692	-0.0811660960316658	0.03123830258846283	-0.20845583081245422	0.1292927861213684	-0.08275807648897171	0.20969314873218536	0.03317504748702049	0.2807557284832001	0.022979537025094032	0.041887007653713226	0.1236206591129303	-0.09564357250928879	-0.09378518164157867	-0.015096466057002544	0.13729622960090637	0.0019495021551847458	-0.08581503480672836	0.06965646892786026	-0.13563735783100128	0.015345461666584015	-0.14986073970794678	0.11783524602651596	-0.1480482965707779	-0.04694536328315735	-0.07334865629673004	0.08888301998376846	0.025236735120415688	-0.05234674736857414	0.24445238709449768	0.06610889732837677	0.2988368570804596	-0.09608327597379684	-0.029729869216680527	-0.01682968996465206	-0.0963536873459816	0.08629350364208221	0.08877281099557877	-0.2548385262489319	0.1682453751564026	-0.01796971820294857	-0.11370789259672165	0.12307143956422806	0.15179064869880676
-0.05415252596139908	-0.09731362015008926	0.05194571241736412	-0.00553659163415432	-0.15175893902778625	-0.012794469483196735	0.0390373170375824	0.004225258249789476	-0.04487108066678047	0.09852460026741028	0.037351448088884354	0.03386569768190384	0.1407393515110016	0.0003388742625247687	-0.15014541149139404	0.014459826052188873	0.057090576738119125	0.10660281032323837	-0.008849105797708035	-0.06075453758239746	0.05968165397644043	-0.024438519030809402	0.004204956814646721	0.08449626713991165	-0.13179434835910797	-0.002134911948814988	-0.07244612276554108	-0.01775633916258812	-0.053626928478479385	0.20001815259456635	-0.020886274054646492	0.017919111996889114	-0.08166221529245377	0.07497729361057281	-0.04814353957772255	0.0029862031806260347	-0.03327608108520508	-0.11444205045700073	0.0047659436240792274	0.013603107072412968	-0.05097266286611557	-0.015266401693224907	-0.026352521032094955	-0.08443218469619751	-0.03778832405805588	-0.06266190111637115	-0.05184037983417511	-0.09949227422475815	-0.05123601853847504	-0.02845887467265129	-0.08347418904304504	-0.10221056640148163	-0.08409161865711212	0.05625427886843681	-0.04349922388792038	-0.011190029792487621	0.08501653373241425	-0.04442061111330986	0.01944071613252163	0.016771839931607246	-0.007248962298035622	-0.07684379816055298	-0.04922841489315033	0.0375390350818634
-0.003464240115135908	0.08831239491701126	-0.1018550843000412	-0.15006157755851746	0.01478763297200203	-0.032335326075553894	0.08015965670347214	-0.01884722337126732	-0.015947559848427773	0.16448166966438293	0.009359411895275116	-0.06761805713176727	-0.028882067650556564	-0.07193989306688309	-0.07250215858221054	0.04543827474117279	-0.015443217009305954	-0.23626163601875305	0.01782657764852047	0.26581284403800964	0.09899436682462692	-0.0811660960316658	0.03123830258846283	-0.20845583081245422	0.1292927861213684	-0.08275807648897171	0.20969314873218536	0.03317504748702049	0.2807557284832001	0.022979537025094032	0.041887007653713226	0.1236206591129303	-0.09564357250928879	-0.09378518164157867	-0.015096466057002544	0.13729622960090637	0.0019495021551847458	-0.08581503480672836	0.06965646892786026	-0.13563735783100128	0.015345461666584015	-0.14986073970794678	0.11783524602651596	-0.1480482965707779	-0.04694536328315735	-0.07334865629673004	0.08888301998376846	0.025236735120415688	-0.05234674736857414	0.24445238709449768	0.06610889732837677	0.2988368570804596	-0.09608327597379684	-0.029729869216680527	-0.01682968996465206	-0.0963536873459816	0.08629350364208221	0.08877281099557877	-0.2548385262489319	0.1682453751564026	-0.01796971820294857	-0.11370789259672165	0.12307143956422806	0.15179064869880676
-0.003464240115135908	0.08831239491701126	-0.1018550843000412	-0.15006157755851746	0.01478763297200203	-0.032335326075553894	0.08015965670347214	-0.01884722337126732	-0.015947559848427773	0.16448166966438293	0.009359411895275116	-0.06761805713176727	-0.028882067650556564	-0.07193989306688309	-0.07250215858221054	0.04543827474117279	-0.015443217009305954	-0.23626163601875305	0.01782657764852047	0.26581284403800964	0.09899436682462692	-0.0811660960316658	0.03123830258846283	-0.20845583081245422	0.1292927861213684	-0.08275807648897171	0.20969314873218536	0.03317504748702049	0.2807557284832001	0.022979537025094032	0.041887007653713226	0.1236206591129303	-0.09564357250928879	-0.09378518164157867	-0.015096466057002544	0.13729622960090637	0.0019495021551847458	-0.08581503480672836	0.06965646892786026	-0.13563735783100128	0.015345461666584015	-0.14986073970794678	0.11783524602651596	-0.1480482965707779	-0.04694536328315735	-0.07334865629673004	0.08888301998376846	0.025236735120415688	-0.05234674736857414	0.24445238709449768	0.06610889732837677	0.2988368570804596	-0.09608327597379684	-0.029729869216680527	-0.01682968996465206	-0.0963536873459816	0.08629350364208221	0.08877281099557877	-0.2548385262489319	0.1682453751564026	-0.01796971820294857	-0.11370789259672165	0.12307143956422806	0.15179064869880676
-0.05415252596139908	-0.09731362015008926	0.05194571241736412	-0.00553659163415432	-0.15175893902778625	-0.012794469483196735	0.0390373170375824	0.004225258249789476	-0.04487108066678047	0.09852460026741028	0.037351448088884354	0.03386569768190384	0.1407393515110016	0.0003388742625247687	-0.15014541149139404	0.014459826052188873	0.057090576738119125	0.10660281032323837	-0.008849105797708035	-0.06075453758239746	0.05968165397644043	-0.024438519030809402	0.004204956814646721	0.08449626713991165	-0.13179434835910797	-0.002134911948814988	-0.07244612276554108	-0.01775633916258812	-0.053626928478479385	0.20001815259456635	-0.020886274054646492	0.017919111996889114	-0.08166221529245377	0.07497729361057281	-0.04814353957772255	0.0029862031806260347	-0.03327608108520508	-0.11444205045700073	0.0047659436240792274	0.013603107072412968	-0.05097266286611557	-0.015266401693224907	-0.026352521032094955	-0.08443218469619751	-0.03778832405805588	-0.06266190111637115	-0.05184037983417511	-0.09949227422475815	-0.05123601853847504	-0.02845887467265129	-0.08347418904304504	-0.10221056640148163	-0.08409161865711212	0.05625427886843681	-0.04349922388792038	-0.011190029792487621	0.08501653373241425	-0.04442061111330986	0.01944071613252163	0.016771839931607246	-0.007248962298035622	-0.07684379816055298	-0.04922841489315033	0.0375390350818634
-0.05415252596139908	-0.09731362015008926	0.05194571241736412	-0.00553659163415432	-0.15175893902778625	-0.012794469483196735	0.0390373170375824	0.004225258249789476	-0.04487108066678047	0.09852460026741028	0.037351448088884354	0.03386569768190384	0.1407393515110016	0.0003388742625247687	-0.15014541149139404	0.014459826052188873	0.057090576738119125	0.10660281032323837	-0.008849105797708035	-0.06075453758239746	0.05968165397644043	-0.024438519030809402	0.004204956814646721	0.08449626713991165	-0.13179434835910797	-0.002134911948814988	-0.07244612276554108	-0.01775633916258812	-0.053626928478479385	0.20001815259456635	-0.020886274054646492	0.017919111996889114	-0.08166221529245377	0.07497729361057281	-0.04814353957772255	0.0029862031806260347	-0.03327608108520508	-0.11444205045700073	0.0047659436240792274	0.013603107072412968	-0.05097266286611557	-0.015266401693224907	-0.026352521032094955	-0.08443218469619751	-0.03778832405805588	-0.06266190111637115	-0.05184037983417511	-0.09949227422475815	-0.05123601853847504	-0.02845887467265129	-0.08347418904304504	-0.10221056640148163	-0.08409161865711212	0.05625427886843681	-0.04349922388792038	-0.011190029792487621	0.08501653373241425	-0.04442061111330986	0.01944071613252163	0.016771839931607246	-0.007248962298035622	-0.07684379816055298	-0.04922841489315033	0.0375390350818634
-0.05415252596139908	-0.09731362015008926	0.05194571241736412	-0.00553659163415432	-0.15175893902778625	-0.012794469483196735	0.0390373170375824	0.004225258249789476	-0.04487108066678047	0.09852460026741028	0.037351448088884354	0.03386569768190384	0.1407393515110016	0.0003388742625247687	-0.15014541149139404	0.014459826052188873	0.057090576738119125	0.10660281032323837	-0.008849105797708035	-0.06075453758239746	0.05968165397644043	-0.024438519030809402	0.004204956814646721	0.08449626713991165	-0.13179434835910797	-0.002134911948814988	-0.07244612276554108	-0.01775633916258812	-0.053626928478479385	0.20001815259456635	-0.020886274054646492	0.017919111996889114	-0.08166221529245377	0.07497729361057281	-0.04814353957772255	0.0029862031806260347	-0.03327608108520508	-0.11444205045700073	0.0047659436240792274	0.013603107072412968	-0.05097266286611557	-0.015266401693224907	-0.026352521032094955	-0.08443218469619751	-0.03778832405805588	-0.06266190111637115	-0.05184037983417511	-0.09949227422475815	-0.05123601853847504	-0.02845887467265129	-0.08347418904304504	-0.10221056640148163	-0.08409161865711212	0.05625427886843681	-0.04349922388792038	-0.011190029792487621	0.08501653373241425	-0.04442061111330986	0.01944071613252163	0.016771839931607246	-0.007248962298035622	-0.07684379816055298	-0.04922841489315033	0.0375390350818634
-0.003464240115135908	0.08831239491701126	-0.1018550843000412	-0.15006157755851746	0.01478763297200203	-0.032335326075553894	0.08015965670347214	-0.01884722337126732	-0.015947559848427773	0.16448166966438293	0.009359411895275116	-0.06761805713176727	-0.028882067650556564	-0.07193989306688309	-0.07250215858221054	0.04543827474117279	-0.015443217009305954	-0.23626163601875305	0.01782657764852047	0.26581284403800964	0.09899436682462692	-0.0811660960316658	0.03123830258846283	-0.20845583081245422	0.1292927861213684	-0.08275807648897171	0.20969314873218536	0.03317504748702049	0.2807557284832001	0.022979537025094032	0.041887007653713226	0.1236206591129303	-0.09564357250928879	-0.09378518164157867	-0.015096466057002544	0.13729622960090637	0.0019495021551847458	-0.08581503480672836	0.06965646892786026	-0.13563735783100128	0.015345461666584015	-0.14986073970794678	0.11783524602651596	-0.1480482965707779	-0.04694536328315735	-0.07334865629673004	0.08888301998376846	0.025236735120415688	-0.05234674736857414	0.24445238709449768	0.06610889732837677	0.2988368570804596	-0.09608327597379684	-0.029729869216680527	-0.01682968996465206	-0.0963536873459816	0.08629350364208221	0.08877281099557877	-0.2548385262489319	0.1682453751564026	-0.01796971820294857	-0.11370789259672165	0.12307143956422806	0.15179064869880676
-0.003464240115135908	0.08831239491701126	-0.1018550843000412	-0.15006157755851746	0.01478763297200203	-0.032335326075553894	0.08015965670347214	-0.01884722337126732	-0.015947559848427773	0.16448166966438293	0.009359411895275116	-0.06761805713176727	-0.028882067650556564	-0.07193989306688309	-0.07250215858221054	0.04543827474117279	-0.015443217009305954	-0.23626163601875305	0.01782657764852047	0.26581284403800964	0.09899436682462692	-0.0811660960316658	0.03123830258846283	-0.20845583081245422	0.1292927861213684	-0.08275807648897171	0.20969314873218536	0.03317504748702049	0.2807557284832001	0.022979537025094032	0.041887007653713226	0.1236206591129303	-0.09564357250928879	-0.09378518164157867	-0.015096466057002544	0.13729622960090637	0.0019495021551847458	-0.08581503480672836	0.06965646892786026	-0.13563735783100128	0.015345461666584015	-0.14986073970794678	0.11783524602651596	-0.1480482965707779	-0.04694536328315735	-0.07334865629673004	0.08888301998376846	0.025236735120415688	-0.05234674736857414	0.24445238709449768	0.06610889732837677	0.2988368570804596	-0.09608327597379684	-0.029729869216680527	-0.01682968996465206	-0.0963536873459816	0.08629350364208221	0.08877281099557877	-0.2548385262489319	0.1682453751564026	-0.01796971820294857	-0.11370789259672165	0.12307143956422806	0.15179064869880676
-0.05415252596139908	-0.09731362015008926	0.05194571241736412	-0.00553659163415432	-0.15175893902778625	-0.012794469483196735	0.0390373170375824	0.004225258249789476	-0.04487108066678047	0.09852460026741028	0.037351448088884354	0.03386569768190384	0.1407393515110016	0.0003388742625247687	-0.15014541149139404	0.014459826052188873	0.057090576738119125	0.10660281032323837	-0.008849105797708035	-0.06075453758239746	0.05968165397644043	-0.024438519030809402	0.004204956814646721	0.08449626713991165	-0.13179434835910797	-0.002134911948814988	-0.07244612276554108	-0.01775633916258812	-0.053626928478479385	0.20001815259456635	-0.020886274054646492	0.017919111996889114	-0.08166221529245377	0.07497729361057281	-0.04814353957772255	0.0029862031806260347	-0.03327608108520508	-0.11444205045700073	0.0047659436240792274	0.013603107072412968	-0.05097266286611557	-0.015266401693224907	-0.026352521032094955	-0.08443218469619751	-0.03778832405805588	-0.06266190111637115	-0.05184037983417511	-0.09949227422475815	-0.05123601853847504	-0.02845887467265129	-0.08347418904304504	-0.10221056640148163	-0.08409161865711212	0.05625427886843681	-0.04349922388792038	-0.011190029792487621	0.08501653373241425	-0.04442061111330986	0.01944071613252163	0.016771839931607246	-0.007248962298035622	-0.07684379816055298	-0.04922841489315033	0.0375390350818634
-0.07583089172840118	0.1548813134431839	-0.023502053692936897	0.046011991798877716	0.09905874729156494	-0.12846434116363525	-0.09718049317598343	-0.012068027630448341	-0.04282863810658455	-0.24094752967357635	-0.0918889120221138	-0.10374733805656433	-0.013719058595597744	0.07049937546253204	-0.26458147168159485	-0.059393465518951416	-0.2310243546962738	0.25690901279449463	-0.1642841398715973	-0.308129221200943	0.14804935455322266	-0.03844616562128067	-0.21360516548156738	0.16822782158851624	-0.004977526143193245	-0.20785857737064362	0.04563566669821739	-0.03671136125922203	-0.12498302757740021	0.16977311670780182	-0.21586531400680542	0.02378316968679428	0.12950335443019867	-0.021169770509004593	-0.04467152804136276	-0.03388182446360588	0.031493861228227615	0.02039790339767933	0.016703100875020027	-0.023359086364507675	-0.21701589226722717	0.13892368972301483	-0.09431672096252441	0.19872047007083893	0.1997494250535965	0.07444683462381363	-0.1734880805015564	-0.01088742446154356	0.0686965361237526	-0.10892776399850845	-0.020133832469582558	-0.0993184968829155	0.033174555748701096	-0.01112400833517313	0.06416906416416168	0.01721571944653988	-0.12926602363586426	-0.0048854900524020195	0.27416375279426575	0.05699137598276138	0.15242566168308258	0.03750953450798988	0.022052280604839325	-0.037245556712150574
-0.003464240115135908	0.08831239491701126	-0.1018550843000412	-0.15006157755851746	0.01478763297200203	-0.032335326075553894	0.08015965670347214	-0.01884722337126732	-0.015947559848427773	0.16448166966438293	0.009359411895275116	-0.06761805713176727	-0.028882067650556564	-0.07193989306688309	-0.07250215858221054	0.04543827474117279	-0.015443217009305954	-0.23626163601875305	0.01782657764852047	0.26581284403800964	0.09899436682462692	-0.0811660960316658	0.03123830258846283	-0.20845583081245422	0.1292927861213684	-0.08275807648897171	0.20969314873218536	0.03317504748702049	0.2807557284832001	0.022979537025094032	0.041887007653713226	0.1236206591129303	-0.09564357250928879	-0.09378518164157867	-0.015096466057002544	0.13729622960090637	0.0019495021551847458	-0.08581503480672836	0.06965646892786026	-0.13563735783100128	0.015345461666584015	-0.14986073970794678	0.11783524602651596	-0.1480482965707779	-0.04694536328315735	-0.07334865629673004	0.08888301998376846	0.025236735120415688	-0.05234674736857414	0.24445238709449768	0.06610889732837677	0.2988368570804596	-0.09608327597379684	-0.029729869216680527	-0.01682968996465206	-0.0963536873459816	0.08629350364208221	0.08877281099557877	-0.2548385262489319	0.1682453751564026	-0.01796971820294857	-0.11370789259672165	0.12307143956422806	0.15179064869880676
0.11929653584957123	-0.0013416704023256898	0.06346648931503296	0.07859935611486435	0.18602889776229858	-0.09999958425760269	-0.09204372018575668	-0.07183012366294861	0.02568877674639225	-0.03807350620627403	0.13054995238780975	-0.07965318113565445	-0.29279208183288574	0.17273642122745514	0.3825731575489044	-0.07860445976257324	-0.1594419628381729	-0.19594918191432953	0.35280442237854004	0.07716010510921478	-0.1617400050163269	-0.12103654444217682	0.10447199642658234	0.015289222821593285	0.12317374348640442	0.18608412146568298	-0.1169435977935791	-0.018949195742607117	0.07766702026128769	-0.30611807107925415	0.00857866182923317	-0.08885952085256577	0.2663250267505646	-0.07047044485807419	-0.015217375010251999	-0.04293941333889961	-0.03440077230334282	0.05162651091814041	0.047778308391571045	-0.10578722506761551	0.16154342889785767	0.03795325383543968	0.12309648841619492	0.21467114984989166	-0.13590018451213837	0.15221019089221954	0.013507218100130558	0.13001225888729095	0.22255493700504303	-0.15607072412967682	0.020780721679329872	-0.08676879853010178	0.0879824161529541	-0.2628805339336395	0.14090432226657867	-0.0421048067510128	-0.1764722317457199	-0.07714303582906723	0.012470999732613564	-0.2303338348865509	0.03822740167379379	0.1674206703901291	-0.05803913250565529	0.15890569984912872
-0.07583089172840118	0.1548813134431839	-0.023502053692936897	0.046011991798877716	0.09905874729156494	-0.12846434116363525	-0.09718049317598343	-0.012068027630448341	-0.04282863810658455	-0.24094752967357635	-0.0918889120221138	-0.10374733805656433	-0.013719058595597744	0.07049937546253204	-0.26458147168159485	-0.059393465518951416	-0.2310243546962738	0.25690901279449463	-0.1642841398715973	-0.308129221200943	0.14804935455322266	-0.03844616562128067	-0.21360516548156738	0.16822782158851624	-0.004977526143193245	-0.20785857737064362	0.04563566669821739	-0.03671136125922203	-0.12498302757740021	0.16977311670780182	-0.21586531400680542	0.02378316968679428	0.12950335443019867	-0.021169770509004593	-0.04467152804136276	-0.03388182446360588	0.031493861228227615	0.02039790339767933	0.016703100875020027	-0.023359086364507675	-0.21701589226722717	0.13892368972301483	-0.09431672096252441	0.19872047007083893	0.1997494250535965	0.07444683462381363	-0.1734880805015564	-0.01088742446154356	0.0686965361237526	-0.10892776399850845	-0.020133832469582558	-0.0993184968829155	0.033174555748701096	-0.01112400833517313	0.06416906416416168	0.01721571944653988	-0.12926602363586426	-0.0048854900524020195	0.27416375279426575	0.05699137598276138	0.15242566168308258	0.03750953450798988	0.022052280604839325	-0.037245556712150574
-0.003464240115135908	0.08831239491701126	-0.1018550843000412	-0.15006157755851746	0.01478763297200203	-0.032335326075553894	0.08015965670347214	-0.01884722337126732	-0.015947559848427773	0.16448166966438293	0.009359411895275116	-0.06761805713176727	-0.028882067650556564	-0.07193989306688309	-0.07250215858221054	0.04543827474117279	-0.015443217009305954	-0.23626163601875305	0.01782657764852047	0.26581284403800964	0.09899436682462692	-0.0811660960316658	0.03123830258846283	-0.20845583081245422	0.1292927861213684	-0.08275807648897171	0.20969314873218536	0.03317504748702049	0.2807557284832001	0.022979537025094032	0.041887007653713226	0.1236206591129303	-0.09564357250928879	-0.09378518164157867	-0.015096466057002544	0.13729622960090637	0.0019495021551847458	-0.08581503480672836	0.06965646892786026	-0.13563735783100128	0.015345461666584015	-0.14986073970794678	0.11783524602651596	-0.1480482965707779	-0.04694536328315735	-0.07334865629673004	0.08888301998376846	0.025236735120415688	-0.05234674736857414	0.24445238709449768	0.06610889732837677	0.2988368570804596	-0.09608327597379684	-0.029729869216680527	-0.01682968996465206	-0.0963536873459816	0.08629350364208221	0.08877281099557877	-0.2548385262489319	0.1682453751564026	-0.01796971820294857	-0.11370789259672165	0.12307143956422806	0.15179064869880676
-0.05415252596139908	-0.09731362015008926	0.05194571241736412	-0.00553659163415432	-0.15175893902778625	-0.012794469483196735	0.0390373170375824	0.004225258249789476	-0.04487108066678047	0.09852460026741028	0.037351448088884354	0.03386569768190384	0.1407393515110016	0.0003388742625247687	-0.15014541149139404	0.014459826052188873	0.057090576738119125	0.10660281032323837	-0.008849105797708035	-0.06075453758239746	0.05968165397644043	-0.024438519030809402	0.004204956814646721	0.08449626713991165	-0.13179434835910797	-0.002134911948814988	-0.07244612276554108	-0.01775633916258812	-0.053626928478479385	0.20001815259456635	-0.020886274054646492	0.017919111996889114	-0.08166221529245377	0.07497729361057281	-0.04814353957772255	0.0029862031806260347	-0.03327608108520508	-0.11444205045700073	0.0047659436240792274	0.013603107072412968	-0.05097266286611557	-0.015266401693224907	-0.026352521032094955	-0.08443218469619751	-0.03778832405805588	-0.06266190111637115	-0.05184037983417511	-0.09949227422475815	-0.05123601853847504	-0.02845887467265129	-0.08347418904304504	-0.10221056640148163	-0.08409161865711212	0.05625427886843681	-0.04349922388792038	-0.011190029792487621	0.08501653373241425	-0.04442061111330986	0.01944071613252163	0.016771839931607246	-0.007248962298035622	-0.07684379816055298	-0.04922841489315033	0.0375390350818634
-0.003464240115135908	0.08831239491701126	-0.1018550843000412	-0.15006157755851746	0.01478763297200203	-0.032335326075553894	0.08015965670347214	-0.01884722337126732	-0.015947559848427773	0.16448166966438293	0.009359411895275116	-0.06761805713176727	-0.028882067650556564	-0.07193989306688309	-0.07250215858221054	0.04543827474117279	-0.015443217009305954	-0.23626163601875305	0.01782657764852047	0.26581284403800964	0.09899436682462692	-0.0811660960316658	0.03123830258846283	-0.20845583081245422	0.1292927861213684	-0.08275807648897171	0.20969314873218536	0.03317504748702049	0.2807557284832001	0.022979537025094032	0.041887007653713226	0.1236206591129303	-0.09564357250928879	-0.09378518164157867	-0.015096466057002544	0.13729622960090637	0.0019495021551847458	-0.08581503480672836	0.06965646892786026	-0.13563735783100128	0.015345461666584015	-0.14986073970794678	0.11783524602651596	-0.1480482965707779	-0.04694536328315735	-0.07334865629673004	0.08888301998376846	0.025236735120415688	-0.05234674736857414	0.24445238709449768	0.06610889732837677	0.2988368570804596	-0.09608327597379684	-0.029729869216680527	-0.01682968996465206	-0.0963536873459816	0.08629350364208221	0.08877281099557877	-0.2548385262489319	0.1682453751564026	-0.01796971820294857	-0.11370789259672165	0.12307143956422806	0.15179064869880676
-0.003464240115135908	0.08831239491701126	-0.1018550843000412	-0.15006157755851746	0.01478763297200203	-0.032335326075553894	0.08015965670347214	-0.01884722337126732	-0.015947559848427773	0.16448166966438293	0.009359411895275116	-0.06761805713176727	-0.028882067650556564	-0.07193989306688309	-0.07250215858221054	0.04543827474117279	-0.015443217009305954	-0.23626163601875305	0.01782657764852047	0.26581284403800964	0.09899436682462692	-0.0811660960316658	0.03123830258846283	-0.20845583081245422	0.1292927861213684	-0.08275807648897171	0.20969314873218536	0.03317504748702049	0.2807557284832001	0.022979537025094032	0.041887007653713226	0.1236206591129303	-0.09564357250928879	-0.09378518164157867	-0.015096466057002544	0.13729622960090637	0.0019495021551847458	-0.08581503480672836	0.06965646892786026	-0.13563735783100128	0.015345461666584015	-0.14986073970794678	0.11783524602651596	-0.1480482965707779	-0.04694536328315735	-0.07334865629673004	0.08888301998376846	0.025236735120415688	-0.05234674736857414	0.24445238709449768	0.06610889732837677	0.2988368570804596	-0.09608327597379684	-0.029729869216680527	-0.01682968996465206	-0.0963536873459816	0.08629350364208221	0.08877281099557877	-0.2548385262489319	0.1682453751564026	-0.01796971820294857	-0.11370789259672165	0.12307143956422806	0.15179064869880676
-0.003464240115135908	0.08831239491701126	-0.1018550843000412	-0.15006157755851746	0.01478763297200203	-0.032335326075553894	0.08015965670347214	-0.01884722337126732	-0.015947559848427773	0.16448166966438293	0.009359411895275116	-0.06761805713176727	-0.028882067650556564	-0.07193989306688309	-0.07250215858221054	0.04543827474117279	-0.015443217009305954	-0.23626163601875305	0.01782657764852047	0.26581284403800964	0.09899436682462692	-0.0811660960316658	0.03123830258846283	-0.20845583081245422	0.1292927861213684	-0.08275807648897171	0.20969314873218536	0.03317504748702049	0.2807557284832001	0.022979537025094032	0.041887007653713226	0.1236206591129303	-0.09564357250928879	-0.09378518164157867	-0.015096466057002544	0.13729622960090637	0.0019495021551847458	-0.08581503480672836	0.06965646892786026	-0.13563735783100128	0.015345461666584015	-0.14986073970794678	0.11783524602651596	-0.1480482965707779	-0.04694536328315735	-0.07334865629673004	0.08888301998376846	0.025236735120415688	-0.05234674736857414	0.24445238709449768	0.06610889732837677	0.2988368570804596	-0.09608327597379684	-0.029729869216680527	-0.01682968996465206	-0.0963536873459816	0.08629350364208221	0.08877281099557877	-0.2548385262489319	0.1682453751564026	-0.01796971820294857	-0.11370789259672165	0.12307143956422806	0.15179064869880676
-0.05415252596139908	-0.09731362015008926	0.05194571241736412	-0.00553659163415432	-0.15175893902778625	-0.012794469483196735	0.0390373170375824	0.004225258249789476	-0.04487108066678047	0.09852460026741028	0.037351448088884354	0.03386569768190384	0.1407393515110016	0.0003388742625247687	-0.15014541149139404	0.014459826052188873	0.057090576738119125	0.10660281032323837	-0.008849105797708035	-0.06075453758239746	0.05968165397644043	-0.024438519030809402	0.004204956814646721	0.08449626713991165	-0.13179434835910797	-0.002134911948814988	-0.07244612276554108	-0.01775633916258812	-0.053626928478479385	0.20001815259456635	-0.020886274054646492	0.017919111996889114	-0.08166221529245377	0.07497729361057281	-0.04814353957772255	0.0029862031806260347	-0.03327608108520508	-0.11444205045700073	0.0047659436240792274	0.013603107072412968	-0.05097266286611557	-0.015266401693224907	-0.026352521032094955	-0.08443218469619751	-0.03778832405805588	-0.06266190111637115	-0.05184037983417511	-0.09949227422475815	-0.05123601853847504	-0.02845887467265129	-0.08347418904304504	-0.10221056640148163	-0.08409161865711212	0.05625427886843681	-0.04349922388792038	-0.011190029792487621	0.08501653373241425	-0.04442061111330986	0.01944071613252163	0.016771839931607246	-0.007248962298035622	-0.07684379816055298	-0.04922841489315033	0.0375390350818634
-0.003464240115135908	0.08831239491701126	-0.1018550843000412	-0.15006157755851746	0.01478763297200203	-0.032335326075553894	0.08015965670347214	-0.01884722337126732	-0.015947559848427773	0.16448166966438293	0.009359411895275116	-0.06761805713176727	-0.028882067650556564	-0.07193989306688309	-0.07250215858221054	0.04543827474117279	-0.015443217009305954	-0.23626163601875305	0.01782657764852047	0.26581284403800964	0.09899436682462692	-0.0811660960316658	0.03123830258846283	-0.20845583081245422	0.1292927861213684	-0.08275807648897171	0.20969314873218536	0.03317504748702049	0.2807557284832001	0.022979537025094032	0.041887007653713226	0.1236206591129303	-0.09564357250928879	-0.09378518164157867	-0.015096466057002544	0.13729622960090637	0.0019495021551847458	-0.08581503480672836	0.06965646892786026	-0.13563735783100128	0.015345461666584015	-0.14986073970794678	0.11783524602651596	-0.1480482965707779	-0.04694536328315735	-0.07334865629673004	0.08888301998376846	0.025236735120415688	-0.05234674736857414	0.24445238709449768	0.06610889732837677	0.2988368570804596	-0.09608327597379684	-0.029729869216680527	-0.01682968996465206	-0.0963536873459816	0.08629350364208221	0.08877281099557877	-0.2548385262489319	0.1682453751564026	-0.01796971820294857	-0.11370789259672165	0.12307143956422806	0.15179064869880676
-0.003464240115135908	0.08831239491701126	-0.1018550843000412	-0.15006157755851746	0.01478763297200203	-0.032335326075553894	0.08015965670347214	-0.01884722337126732	-0.015947559848427773	0.16448166966438293	0.009359411895275116	-0.06761805713176727	-0.028882067650556564	-0.07193989306688309	-0.07250215858221054	0.04543827474117279	-0.015443217009305954	-0.23626163601875305	0.01782657764852047	0.26581284403800964	0.09899436682462692	-0.0811660960316658	0.03123830258846283	-0.20845583081245422	0.1292927861213684	-0.08275807648897171	0.20969314873218536	0.03317504748702049	0.2807557284832001	0.022979537025094032	0.041887007653713226	0.1236206591129303	-0.09564357250928879	-0.09378518164157867	-0.015096466057002544	0.13729622960090637	0.0019495021551847458	-0.08581503480672836	0.06965646892786026	-0.13563735783100128	0.015345461666584015	-0.14986073970794678	0.11783524602651596	-0.1480482965707779	-0.04694536328315735	-0.07334865629673004	0.08888301998376846	0.025236735120415688	-0.05234674736857414	0.24445238709449768	0.06610889732837677	0.2988368570804596	-0.09608327597379684	-0.029729869216680527	-0.01682968996465206	-0.0963536873459816	0.08629350364208221	0.08877281099557877	-0.2548385262489319	0.1682453751564026	-0.01796971820294857	-0.11370789259672165	0.12307143956422806	0.15179064869880676
-0.003464240115135908	0.08831239491701126	-0.1018550843000412	-0.15006157755851746	0.01478763297200203	-0.032335326075553894	0.08015965670347214	-0.01884722337126732	-0.015947559848427773	0.16448166966438293	0.009359411895275116	-0.06761805713176727	-0.028882067650556564	-0.07193989306688309	-0.07250215858221054	0.04543827474117279	-0.015443217009305954	-0.23626163601875305	0.01782657764852047	0.26581284403800964	0.09899436682462692	-0.0811660960316658	0.03123830258846283	-0.20845583081245422	0.1292927861213684	-0.08275807648897171	0.20969314873218536	0.03317504748702049	0.2807557284832001	0.022979537025094032	0.041887007653713226	0.1236206591129303	-0.09564357250928879	-0.09378518164157867	-0.015096466057002544	0.13729622960090637	0.0019495021551847458	-0.08581503480672836	0.06965646892786026	-0.13563735783100128	0.015345461666584015	-0.14986073970794678	0.11783524602651596	-0.1480482965707779	-0.04694536328315735	-0.07334865629673004	0.08888301998376846	0.025236735120415688	-0.05234674736857414	0.24445238709449768	0.06610889732837677	0.2988368570804596	-0.09608327597379684	-0.029729869216680527	-0.01682968996465206	-0.0963536873459816	0.08629350364208221	0.08877281099557877	-0.2548385262489319	0.1682453751564026	-0.01796971820294857	-0.11370789259672165	0.12307143956422806	0.15179064869880676
-0.003464240115135908	0.08831239491701126	-0.1018550843000412	-0.15006157755851746	0.01478763297200203	-0.032335326075553894	0.08015965670347214	-0.01884722337126732	-0.015947559848427773	0.16448166966438293	0.009359411895275116	-0.06761805713176727	-0.028882067650556564	-0.07193989306688309	-0.07250215858221054	0.04543827474117279	-0.015443217009305954	-0.23626163601875305	0.01782657764852047	0.26581284403800964	0.09899436682462692	-0.0811660960316658	0.03123830258846283	-0.20845583081245422	0.1292927861213684	-0.08275807648897171	0.20969314873218536	0.03317504748702049	0.2807557284832001	0.022979537025094032	0.041887007653713226	0.1236206591129303	-0.09564357250928879	-0.09378518164157867	-0.015096466057002544	0.13729622960090637	0.0019495021551847458	-0.08581503480672836	0.06965646892786026	-0.13563735783100128	0.015345461666584015	-0.14986073970794678	0.11783524602651596	-0.1480482965707779	-0.04694536328315735	-0.07334865629673004	0.08888301998376846	0.025236735120415688	-0.05234674736857414	0.24445238709449768	0.06610889732837677	0.2988368570804596	-0.09608327597379684	-0.029729869216680527	-0.01682968996465206	-0.0963536873459816	0.08629350364208221	0.08877281099557877	-0.2548385262489319	0.1682453751564026	-0.01796971820294857	-0.11370789259672165	0.12307143956422806	0.15179064869880676
-0.05415252596139908	-0.09731362015008926	0.05194571241736412	-0.00553659163415432	-0.15175893902778625	-0.012794469483196735	0.0390373170375824	0.004225258249789476	-0.04487108066678047	0.09852460026741028	0.037351448088884354	0.03386569768190384	0.1407393515110016	0.0003388742625247687	-0.15014541149139404	0.014459826052188873	0.057090576738119125	0.10660281032323837	-0.008849105797708035	-0.06075453758239746	0.05968165397644043	-0.024438519030809402	0.004204956814646721	0.08449626713991165	-0.13179434835910797	-0.002134911948814988	-0.07244612276554108	-0.01775633916258812	-0.053626928478479385	0.20001815259456635	-0.020886274054646492	0.017919111996889114	-0.08166221529245377	0.07497729361057281	-0.04814353957772255	0.0029862031806260347	-0.03327608108520508	-0.11444205045700073	0.0047659436240792274	0.013603107072412968	-0.05097266286611557	-0.015266401693224907	-0.026352521032094955	-0.08443218469619751	-0.03778832405805588	-0.06266190111637115	-0.05184037983417511	-0.09949227422475815	-0.05123601853847504	-0.02845887467265129	-0.08347418904304504	-0.10221056640148163	-0.08409161865711212	0.05625427886843681	-0.04349922388792038	-0.011190029792487621	0.08501653373241425	-0.04442061111330986	0.01944071613252163	0.016771839931607246	-0.007248962298035622	-0.07684379816055298	-0.04922841489315033	0.0375390350818634
-0.07583089172840118	0.1548813134431839	-0.023502053692936897	0.046011991798877716	0.09905874729156494	-0.12846434116363525	-0.09718049317598343	-0.012068027630448341	-0.04282863810658455	-0.24094752967357635	-0.0918889120221138	-0.10374733805656433	-0.013719058595597744	0.07049937546253204	-0.26458147168159485	-0.059393465518951416	-0.2310243546962738	0.25690901279449463	-0.1642841398715973	-0.308129221200943	0.14804935455322266	-0.03844616562128067	-0.21360516548156738	0.16822782158851624	-0.004977526143193245	-0.20785857737064362	0.04563566669821739	-0.03671136125922203	-0.12498302757740021	0.16977311670780182	-0.21586531400680542	0.02378316968679428	0.12950335443019867	-0.021169770509004593	-0.04467152804136276	-0.03388182446360588	0.031493861228227615	0.02039790339767933	0.016703100875020027	-0.023359086364507675	-0.21701589226722717	0.13892368972301483	-0.09431672096252441	0.19872047007083893	0.1997494250535965	0.07444683462381363	-0.1734880805015564	-0.01088742446154356	0.0686965361237526	-0.10892776399850845	-0.020133832469582558	-0.0993184968829155	0.033174555748701096	-0.01112400833517313	0.06416906416416168	0.01721571944653988	-0.12926602363586426	-0.0048854900524020195	0.27416375279426575	0.05699137598276138	0.15242566168308258	0.03750953450798988	0.022052280604839325	-0.037245556712150574
-0.05415252596139908	-0.09731362015008926	0.05194571241736412	-0.00553659163415432	-0.15175893902778625	-0.012794469483196735	0.0390373170375824	0.004225258249789476	-0.04487108066678047	0.09852460026741028	0.037351448088884354	0.03386569768190384	0.1407393515110016	0.0003388742625247687	-0.15014541149139404	0.014459826052188873	0.057090576738119125	0.10660281032323837	-0.008849105797708035	-0.06075453758239746	0.05968165397644043	-0.024438519030809402	0.004204956814646721	0.08449626713991165	-0.13179434835910797	-0.002134911948814988	-0.07244612276554108	-0.01775633916258812	-0.053626928478479385	0.20001815259456635	-0.020886274054646492	0.017919111996889114	-0.08166221529245377	0.07497729361057281	-0.04814353957772255	0.0029862031806260347	-0.03327608108520508	-0.11444205045700073	0.0047659436240792274	0.013603107072412968	-0.05097266286611557	-0.015266401693224907	-0.026352521032094955	-0.08443218469619751	-0.03778832405805588	-0.06266190111637115	-0.05184037983417511	-0.09949227422475815	-0.05123601853847504	-0.02845887467265129	-0.08347418904304504	-0.10221056640148163	-0.08409161865711212	0.05625427886843681	-0.04349922388792038	-0.011190029792487621	0.08501653373241425	-0.04442061111330986	0.01944071613252163	0.016771839931607246	-0.007248962298035622	-0.07684379816055298	-0.04922841489315033	0.0375390350818634
-0.003464240115135908	0.08831239491701126	-0.1018550843000412	-0.15006157755851746	0.01478763297200203	-0.032335326075553894	0.08015965670347214	-0.01884722337126732	-0.015947559848427773	0.16448166966438293	0.009359411895275116	-0.06761805713176727	-0.028882067650556564	-0.07193989306688309	-0.07250215858221054	0.04543827474117279	-0.015443217009305954	-0.23626163601875305	0.01782657764852047	0.26581284403800964	0.09899436682462692	-0.0811660960316658	0.03123830258846283	-0.20845583081245422	0.1292927861213684	-0.08275807648897171	0.20969314873218536	0.03317504748702049	0.2807557284832001	0.022979537025094032	0.041887007653713226	0.1236206591129303	-0.09564357250928879	-0.09378518164157867	-0.015096466057002544	0.13729622960090637	0.0019495021551847458	-0.08581503480672836	0.06965646892786026	-0.13563735783100128	0.015345461666584015	-0.14986073970794678	0.11783524602651596	-0.1480482965707779	-0.04694536328315735	-0.07334865629673004	0.08888301998376846	0.025236735120415688	-0.05234674736857414	0.24445238709449768	0.06610889732837677	0.2988368570804596	-0.09608327597379684	-0.029729869216680527	-0.01682968996465206	-0.0963536873459816	0.08629350364208221	0.08877281099557877	-0.2548385262489319	0.1682453751564026	-0.01796971820294857	-0.11370789259672165	0.12307143956422806	0.15179064869880676
-0.003464240115135908	0.08831239491701126	-0.1018550843000412	-0.15006157755851746	0.01478763297200203	-0.032335326075553894	0.08015965670347214	-0.01884722337126732	-0.015947559848427773	0.16448166966438293	0.009359411895275116	-0.06761805713176727	-0.028882067650556564	-0.07193989306688309	-0.07250215858221054	0.04543827474117279	-0.015443217009305954	-0.23626163601875305	0.01782657764852047	0.26581284403800964	0.09899436682462692	-0.0811660960316658	0.03123830258846283	-0.20845583081245422	0.1292927861213684	-0.08275807648897171	0.20969314873218536	0.03317504748702049	0.2807557284832001	0.022979537025094032	0.041887007653713226	0.1236206591129303	-0.09564357250928879	-0.09378518164157867	-0.015096466057002544	0.13729622960090637	0.0019495021551847458	-0.08581503480672836	0.06965646892786026	-0.13563735783100128	0.015345461666584015	-0.14986073970794678	0.11783524602651596	-0.1480482965707779	-0.04694536328315735	-0.07334865629673004	0.08888301998376846	0.025236735120415688	-0.05234674736857414	0.24445238709449768	0.06610889732837677	0.2988368570804596	-0.09608327597379684	-0.029729869216680527	-0.01682968996465206	-0.0963536873459816	0.08629350364208221	0.08877281099557877	-0.2548385262489319	0.1682453751564026	-0.01796971820294857	-0.11370789259672165	0.12307143956422806	0.15179064869880676
-0.05415252596139908	-0.09731362015008926	0.05194571241736412	-0.00553659163415432	-0.15175893902778625	-0.012794469483196735	0.0390373170375824	0.004225258249789476	-0.04487108066678047	0.09852460026741028	0.037351448088884354	0.03386569768190384	0.1407393515110016	0.0003388742625247687	-0.15014541149139404	0.014459826052188873	0.057090576738119125	0.10660281032323837	-0.008849105797708035	-0.06075453758239746	0.05968165397644043	-0.024438519030809402	0.004204956814646721	0.08449626713991165	-0.13179434835910797	-0.002134911948814988	-0.07244612276554108	-0.01775633916258812	-0.053626928478479385	0.20001815259456635	-0.020886274054646492	0.017919111996889114	-0.08166221529245377	0.07497729361057281	-0.04814353957772255	0.0029862031806260347	-0.03327608108520508	-0.11444205045700073	0.0047659436240792274	0.013603107072412968	-0.05097266286611557	-0.015266401693224907	-0.026352521032094955	-0.08443218469619751	-0.03778832405805588	-0.06266190111637115	-0.05184037983417511	-0.09949227422475815	-0.05123601853847504	-0.02845887467265129	-0.08347418904304504	-0.10221056640148163	-0.08409161865711212	0.05625427886843681	-0.04349922388792038	-0.011190029792487621	0.08501653373241425	-0.04442061111330986	0.01944071613252163	0.016771839931607246	-0.007248962298035622	-0.07684379816055298	-0.04922841489315033	0.0375390350818634
-0.05415252596139908	-0.09731362015008926	0.05194571241736412	-0.00553659163415432	-0.15175893902778625	-0.012794469483196735	0.0390373170375824	0.004225258249789476	-0.04487108066678047	0.09852460026741028	0.037351448088884354	0.03386569768190384	0.1407393515110016	0.0003388742625247687	-0.15014541149139404	0.014459826052188873	0.057090576738119125	0.10660281032323837	-0.008849105797708035	-0.06075453758239746	0.05968165397644043	-0.024438519030809402	0.004204956814646721	0.08449626713991165	-0.13179434835910797	-0.002134911948814988	-0.07244612276554108	-0.01775633916258812	-0.053626928478479385	0.20001815259456635	-0.020886274054646492	0.017919111996889114	-0.08166221529245377	0.07497729361057281	-0.04814353957772255	0.0029862031806260347	-0.03327608108520508	-0.11444205045700073	0.0047659436240792274	0.013603107072412968	-0.05097266286611557	-0.015266401693224907	-0.026352521032094955	-0.08443218469619751	-0.03778832405805588	-0.06266190111637115	-0.05184037983417511	-0.09949227422475815	-0.05123601853847504	-0.02845887467265129	-0.08347418904304504	-0.10221056640148163	-0.08409161865711212	0.05625427886843681	-0.04349922388792038	-0.011190029792487621	0.08501653373241425	-0.04442061111330986	0.01944071613252163	0.016771839931607246	-0.007248962298035622	-0.07684379816055298	-0.04922841489315033	0.0375390350818634
-0.003464240115135908	0.08831239491701126	-0.1018550843000412	-0.15006157755851746	0.01478763297200203	-0.032335326075553894	0.08015965670347214	-0.01884722337126732	-0.015947559848427773	0.16448166966438293	0.009359411895275116	-0.06761805713176727	-0.028882067650556564	-0.07193989306688309	-0.07250215858221054	0.04543827474117279	-0.015443217009305954	-0.23626163601875305	0.01782657764852047	0.26581284403800964	0.09899436682462692	-0.0811660960316658	0.03123830258846283	-0.20845583081245422	0.1292927861213684	-0.08275807648897171	0.20969314873218536	0.03317504748702049	0.2807557284832001	0.022979537025094032	0.041887007653713226	0.1236206591129303	-0.09564357250928879	-0.09378518164157867	-0.015096466057002544	0.13729622960090637	0.0019495021551847458	-0.08581503480672836	0.06965646892786026	-0.13563735783100128	0.015345461666584015	-0.14986073970794678	0.11783524602651596	-0.1480482965707779	-0.04694536328315735	-0.07334865629673004	0.08888301998376846	0.025236735120415688	-0.05234674736857414	0.24445238709449768	0.06610889732837677	0.2988368570804596	-0.09608327597379684	-0.029729869216680527	-0.01682968996465206	-0.0963536873459816	0.08629350364208221	0.08877281099557877	-0.2548385262489319	0.1682453751564026	-0.01796971820294857	-0.11370789259672165	0.12307143956422806	0.15179064869880676
0.07451340556144714	-0.1302158385515213	-0.045159127563238144	-0.07461479306221008	-0.07400742918252945	0.013103063218295574	-0.12426639348268509	-0.12178903818130493	0.03863939642906189	-0.09348297119140625	0.01893361657857895	0.22222331166267395	0.025319594889879227	0.18991588056087494	0.1271955817937851	0.027260133996605873	0.15950407087802887	-0.09192687273025513	0.10910259187221527	-0.09660732001066208	-0.11986425518989563	0.14745497703552246	-0.025035033002495766	-0.1561252325773239	-0.10498674213886261	0.0496516227722168	-0.10097085684537888	-0.201327845454216	-0.14734335243701935	-0.056778136640787125	0.08707039803266525	-0.1442296802997589	0.15687334537506104	0.09631402790546417	0.003906262572854757	-0.040699947625398636	-0.08437643200159073	-0.05379484221339226	-0.07886885851621628	-0.06739917397499084	0.12578672170639038	-0.14818508923053741	-0.024317879229784012	0.0371248722076416	-0.1066737025976181	0.05503492057323456	-0.05130891129374504	0.050206467509269714	0.060299165546894073	0.057288408279418945	-0.03430918976664543	-0.09074319154024124	-0.005368830636143684	0.02087130770087242	-0.01475684903562069	0.21005770564079285	-0.008122469298541546	-0.040997330099344254	-0.07412511110305786	-0.02632245421409607	-0.1914938986301422	0.21789172291755676	-0.05756014212965965	-0.07012733817100525
-0.07583089172840118	0.1548813134431839	-0.023502053692936897	0.046011991798877716	0.09905874729156494	-0.12846434116363525	-0.09718049317598343	-0.012068027630448341	-0.04282863810658455	-0.24094752967357635	-0.0918889120221138	-0.10374733805656433	-0.013719058595597744	0.07049937546253204	-0.26458147168159485	-0.059393465518951416	-0.2310243546962738	0.25690901279449463	-0.1642841398715973	-0.308129221200943	0.14804935455322266	-0.03844616562128067	-0.21360516548156738	0.16822782158851624	-0.004977526143193245	-0.20785857737064362	0.04563566669821739	-0.03671136125922203	-0.12498302757740021	0.16977311670780182	-0.21586531400680542	0.02378316968679428	0.12950335443019867	-0.021169770509004593	-0.04467152804136276	-0.03388182446360588	0.031493861228227615	0.02039790339767933	0.016703100875020027	-0.023359086364507675	-0.21701589226722717	0.13892368972301483	-0.09431672096252441	0.19872047007083893	0.1997494250535965	0.07444683462381363	-0.1734880805015564	-0.01088742446154356	0.0686965361237526	-0.10892776399850845	-0.020133832469582558	-0.0993184968829155	0.033174555748701096	-0.01112400833517313	0.06416906416416168	0.01721571944653988	-0.12926602363586426	-0.0048854900524020195	0.27416375279426575	0.05699137598276138	0.15242566168308258	0.03750953450798988	0.022052280604839325	-0.037245556712150574
-0.05415252596139908	-0.09731362015008926	0.05194571241736412	-0.00553659163415432	-0.15175893902778625	-0.012794469483196735	0.0390373170375824	0.004225258249789476	-0.04487108066678047	0.09852460026741028	0.037351448088884354	0.03386569768190384	0.1407393515110016	0.0003388742625247687	-0.15014541149139404	0.014459826052188873	0.057090576738119125	0.10660281032323837	-0.008849105797708035	-0.06075453758239746	0.05968165397644043	-0.024438519030809402	0.004204956814646721	0.08449626713991165	-0.13179434835910797	-0.002134911948814988	-0.07244612276554108	-0.01775633916258812	-0.053626928478479385	0.20001815259456635	-0.020886274054646492	0.017919111996889114	-0.08166221529245377	0.07497729361057281	-0.04814353957772255	0.0029862031806260347	-0.03327608108520508	-0.11444205045700073	0.0047659436240792274	0.013603107072412968	-0.05097266286611557	-0.015266401693224907	-0.026352521032094955	-0.08443218469619751	-0.03778832405805588	-0.06266190111637115	-0.05184037983417511	-0.09949227422475815	-0.05123601853847504	-0.02845887467265129	-0.08347418904304504	-0.10221056640148163	-0.08409161865711212	0.05625427886843681	-0.04349922388792038	-0.011190029792487621	0.08501653373241425	-0.04442061111330986	0.01944071613252163	0.016771839931607246	-0.007248962298035622	-0.07684379816055298	-0.04922841489315033	0.0375390350818634
-0.05415252596139908	-0.09731362015008926	0.05194571241736412	-0.00553659163415432	-0.15175893902778625	-0.012794469483196735	0.0390373170375824	0.004225258249789476	-0.04487108066678047	0.09852460026741028	0.037351448088884354	0.03386569768190384	0.1407393515110016	0.0003388742625247687	-0.15014541149139404	0.014459826052188873	0.057090576738119125	0.10660281032323837	-0.008849105797708035	-0.06075453758239746	0.05968165397644043	-0.024438519030809402	0.004204956814646721	0.08449626713991165	-0.13179434835910797	-0.002134911948814988	-0.07244612276554108	-0.01775633916258812	-0.053626928478479385	0.20001815259456635	-0.020886274054646492	0.017919111996889114	-0.08166221529245377	0.07497729361057281	-0.04814353957772255	0.0029862031806260347	-0.03327608108520508	-0.11444205045700073	0.0047659436240792274	0.013603107072412968	-0.05097266286611557	-0.015266401693224907	-0.026352521032094955	-0.08443218469619751	-0.03778832405805588	-0.06266190111637115	-0.05184037983417511	-0.09949227422475815	-0.05123601853847504	-0.02845887467265129	-0.08347418904304504	-0.10221056640148163	-0.08409161865711212	0.05625427886843681	-0.04349922388792038	-0.011190029792487621	0.08501653373241425	-0.04442061111330986	0.01944071613252163	0.016771839931607246	-0.007248962298035622	-0.07684379816055298	-0.04922841489315033	0.0375390350818634
-0.003464240115135908	0.08831239491701126	-0.1018550843000412	-0.15006157755851746	0.01478763297200203	-0.032335326075553894	0.08015965670347214	-0.01884722337126732	-0.015947559848427773	0.16448166966438293	0.009359411895275116	-0.06761805713176727	-0.028882067650556564	-0.07193989306688309	-0.07250215858221054	0.04543827474117279	-0.015443217009305954	-0.23626163601875305	0.01782657764852047	0.26581284403800964	0.09899436682462692	-0.0811660960316658	0.03123830258846283	-0.20845583081245422	0.1292927861213684	-0.08275807648897171	0.20969314873218536	0.03317504748702049	0.2807557284832001	0.022979537025094032	0.041887007653713226	0.1236206591129303	-0.09564357250928879	-0.09378518164157867	-0.015096466057002544	0.13729622960090637	0.0019495021551847458	-0.08581503480672836	0.06965646892786026	-0.13563735783100128	0.015345461666584015	-0.14986073970794678	0.11783524602651596	-0.1480482965707779	-0.04694536328315735	-0.07334865629673004	0.08888301998376846	0.025236735120415688	-0.05234674736857414	0.24445238709449768	0.06610889732837677	0.2988368570804596	-0.09608327597379684	-0.029729869216680527	-0.01682968996465206	-0.0963536873459816	0.08629350364208221	0.08877281099557877	-0.2548385262489319	0.1682453751564026	-0.01796971820294857	-0.11370789259672165	0.12307143956422806	0.15179064869880676
-0.003464240115135908	0.08831239491701126	-0.1018550843000412	-0.15006157755851746	0.01478763297200203	-0.032335326075553894	0.08015965670347214	-0.01884722337126732	-0.015947559848427773	0.16448166966438293	0.009359411895275116	-0.06761805713176727	-0.028882067650556564	-0.07193989306688309	-0.07250215858221054	0.04543827474117279	-0.015443217009305954	-0.23626163601875305	0.01782657764852047	0.26581284403800964	0.09899436682462692	-0.0811660960316658	0.03123830258846283	-0.20845583081245422	0.1292927861213684	-0.08275807648897171	0.20969314873218536	0.03317504748702049	0.2807557284832001	0.022979537025094032	0.041887007653713226	0.1236206591129303	-0.09564357250928879	-0.09378518164157867	-0.015096466057002544	0.13729622960090637	0.0019495021551847458	-0.08581503480672836	0.06965646892786026	-0.13563735783100128	0.015345461666584015	-0.14986073970794678	0.11783524602651596	-0.1480482965707779	-0.04694536328315735	-0.07334865629673004	0.08888301998376846	0.025236735120415688	-0.05234674736857414	0.24445238709449768	0.06610889732837677	0.2988368570804596	-0.09608327597379684	-0.029729869216680527	-0.01682968996465206	-0.0963536873459816	0.08629350364208221	0.08877281099557877	-0.2548385262489319	0.1682453751564026	-0.01796971820294857	-0.11370789259672165	0.12307143956422806	0.15179064869880676
-0.003464240115135908	0.08831239491701126	-0.1018550843000412	-0.15006157755851746	0.01478763297200203	-0.032335326075553894	0.08015965670347214	-0.01884722337126732	-0.015947559848427773	0.16448166966438293	0.009359411895275116	-0.06761805713176727	-0.028882067650556564	-0.07193989306688309	-0.07250215858221054	0.04543827474117279	-0.015443217009305954	-0.23626163601875305	0.01782657764852047	0.26581284403800964	0.09899436682462692	-0.0811660960316658	0.03123830258846283	-0.20845583081245422	0.1292927861213684	-0.08275807648897171	0.20969314873218536	0.03317504748702049	0.2807557284832001	0.022979537025094032	0.041887007653713226	0.1236206591129303	-0.09564357250928879	-0.09378518164157867	-0.015096466057002544	0.13729622960090637	0.0019495021551847458	-0.08581503480672836	0.06965646892786026	-0.13563735783100128	0.015345461666584015	-0.14986073970794678	0.11783524602651596	-0.1480482965707779	-0.04694536328315735	-0.07334865629673004	0.08888301998376846	0.025236735120415688	-0.05234674736857414	0.24445238709449768	0.06610889732837677	0.2988368570804596	-0.09608327597379684	-0.029729869216680527	-0.01682968996465206	-0.0963536873459816	0.08629350364208221	0.08877281099557877	-0.2548385262489319	0.1682453751564026	-0.01796971820294857	-0.11370789259672165	0.12307143956422806	0.15179064869880676
-0.05415252596139908	-0.09731362015008926	0.05194571241736412	-0.00553659163415432	-0.15175893902778625	-0.012794469483196735	0.0390373170375824	0.004225258249789476	-0.04487108066678047	0.09852460026741028	0.037351448088884354	0.03386569768190384	0.1407393515110016	0.0003388742625247687	-0.15014541149139404	0.014459826052188873	0.057090576738119125	0.10660281032323837	-0.008849105797708035	-0.06075453758239746	0.05968165397644043	-0.024438519030809402	0.004204956814646721	0.08449626713991165	-0.13179434835910797	-0.002134911948814988	-0.07244612276554108	-0.01775633916258812	-0.053626928478479385	0.20001815259456635	-0.020886274054646492	0.017919111996889114	-0.08166221529245377	0.07497729361057281	-0.04814353957772255	0.0029862031806260347	-0.03327608108520508	-0.11444205045700073	0.0047659436240792274	0.013603107072412968	-0.05097266286611557	-0.015266401693224907	-0.026352521032094955	-0.08443218469619751	-0.03778832405805588	-0.06266190111637115	-0.05184037983417511	-0.09949227422475815	-0.05123601853847504	-0.02845887467265129	-0.08347418904304504	-0.10221056640148163	-0.08409161865711212	0.05625427886843681	-0.04349922388792038	-0.011190029792487621	0.08501653373241425	-0.04442061111330986	0.01944071613252163	0.016771839931607246	-0.007248962298035622	-0.07684379816055298	-0.04922841489315033	0.0375390350818634
-0.003464240115135908	0.08831239491701126	-0.1018550843000412	-0.15006157755851746	0.01478763297200203	-0.032335326075553894	0.08015965670347214	-0.01884722337126732	-0.015947559848427773	0.16448166966438293	0.009359411895275116	-0.06761805713176727	-0.028882067650556564	-0.07193989306688309	-0.07250215858221054	0.04543827474117279	-0.015443217009305954	-0.23626163601875305	0.01782657764852047	0.26581284403800964	0.09899436682462692	-0.0811660960316658	0.03123830258846283	-0.20845583081245422	0.1292927861213684	-0.08275807648897171	0.20969314873218536	0.03317504748702049	0.2807557284832001	0.022979537025094032	0.041887007653713226	0.1236206591129303	-0.09564357250928879	-0.09378518164157867	-0.015096466057002544	0.13729622960090637	0.0019495021551847458	-0.08581503480672836	0.06965646892786026	-0.13563735783100128	0.015345461666584015	-0.14986073970794678	0.11783524602651596	-0.1480482965707779	-0.04694536328315735	-0.07334865629673004	0.08888301998376846	0.025236735120415688	-0.05234674736857414	0.24445238709449768	0.06610889732837677	0.2988368570804596	-0.09608327597379684	-0.029729869216680527	-0.01682968996465206	-0.0963536873459816	0.08629350364208221	0.08877281099557877	-0.2548385262489319	0.1682453751564026	-0.01796971820294857	-0.11370789259672165	0.12307143956422806	0.15179064869880676
-0.003464240115135908	0.08831239491701126	-0.1018550843000412	-0.15006157755851746	0.01478763297200203	-0.032335326075553894	0.08015965670347214	-0.01884722337126732	-0.015947559848427773	0.16448166966438293	0.009359411895275116	-0.06761805713176727	-0.028882067650556564	-0.07193989306688309	-0.07250215858221054	0.04543827474117279	-0.015443217009305954	-0.23626163601875305	0.01782657764852047	0.26581284403800964	0.09899436682462692	-0.0811660960316658	0.03123830258846283	-0.20845583081245422	0.1292927861213684	-0.08275807648897171	0.20969314873218536	0.03317504748702049	0.2807557284832001	0.022979537025094032	0.041887007653713226	0.1236206591129303	-0.09564357250928879	-0.09378518164157867	-0.015096466057002544	0.13729622960090637	0.0019495021551847458	-0.08581503480672836	0.06965646892786026	-0.13563735783100128	0.015345461666584015	-0.14986073970794678	0.11783524602651596	-0.1480482965707779	-0.04694536328315735	-0.07334865629673004	0.08888301998376846	0.025236735120415688	-0.05234674736857414	0.24445238709449768	0.06610889732837677	0.2988368570804596	-0.09608327597379684	-0.029729869216680527	-0.01682968996465206	-0.0963536873459816	0.08629350364208221	0.08877281099557877	-0.2548385262489319	0.1682453751564026	-0.01796971820294857	-0.11370789259672165	0.12307143956422806	0.15179064869880676
-0.003464240115135908	0.08831239491701126	-0.1018550843000412	-0.15006157755851746	0.01478763297200203	-0.032335326075553894	0.08015965670347214	-0.01884722337126732	-0.015947559848427773	0.16448166966438293	0.009359411895275116	-0.06761805713176727	-0.028882067650556564	-0.07193989306688309	-0.07250215858221054	0.04543827474117279	-0.015443217009305954	-0.23626163601875305	0.01782657764852047	0.26581284403800964	0.09899436682462692	-0.0811660960316658	0.03123830258846283	-0.20845583081245422	0.1292927861213684	-0.08275807648897171	0.20969314873218536	0.03317504748702049	0.2807557284832001	0.022979537025094032	0.041887007653713226	0.1236206591129303	-0.09564357250928879	-0.09378518164157867	-0.015096466057002544	0.13729622960090637	0.0019495021551847458	-0.08581503480672836	0.06965646892786026	-0.13563735783100128	0.015345461666584015	-0.14986073970794678	0.11783524602651596	-0.1480482965707779	-0.04694536328315735	-0.07334865629673004	0.08888301998376846	0.025236735120415688	-0.05234674736857414	0.24445238709449768	0.06610889732837677	0.2988368570804596	-0.09608327597379684	-0.029729869216680527	-0.01682968996465206	-0.0963536873459816	0.08629350364208221	0.08877281099557877	-0.2548385262489319	0.1682453751564026	-0.01796971820294857	-0.11370789259672165	0.12307143956422806	0.15179064869880676
-0.05415252596139908	-0.09731362015008926	0.05194571241736412	-0.00553659163415432	-0.15175893902778625	-0.012794469483196735	0.0390373170375824	0.004225258249789476	-0.04487108066678047	0.09852460026741028	0.037351448088884354	0.03386569768190384	0.1407393515110016	0.0003388742625247687	-0.15014541149139404	0.014459826052188873	0.057090576738119125	0.10660281032323837	-0.008849105797708035	-0.06075453758239746	0.05968165397644043	-0.024438519030809402	0.004204956814646721	0.08449626713991165	-0.13179434835910797	-0.002134911948814988	-0.07244612276554108	-0.01775633916258812	-0.053626928478479385	0.20001815259456635	-0.020886274054646492	0.017919111996889114	-0.08166221529245377	0.07497729361057281	-0.04814353957772255	0.0029862031806260347	-0.03327608108520508	-0.11444205045700073	0.0047659436240792274	0.013603107072412968	-0.05097266286611557	-0.015266401693224907	-0.026352521032094955	-0.08443218469619751	-0.03778832405805588	-0.06266190111637115	-0.05184037983417511	-0.09949227422475815	-0.05123601853847504	-0.02845887467265129	-0.08347418904304504	-0.10221056640148163	-0.08409161865711212	0.05625427886843681	-0.04349922388792038	-0.011190029792487621	0.08501653373241425	-0.04442061111330986	0.01944071613252163	0.016771839931607246	-0.007248962298035622	-0.07684379816055298	-0.04922841489315033	0.0375390350818634
-0.05415252596139908	-0.09731362015008926	0.05194571241736412	-0.00553659163415432	-0.15175893902778625	-0.012794469483196735	0.0390373170375824	0.004225258249789476	-0.04487108066678047	0.09852460026741028	0.037351448088884354	0.03386569768190384	0.1407393515110016	0.0003388742625247687	-0.15014541149139404	0.014459826052188873	0.057090576738119125	0.10660281032323837	-0.008849105797708035	-0.06075453758239746	0.05968165397644043	-0.024438519030809402	0.004204956814646721	0.08449626713991165	-0.13179434835910797	-0.002134911948814988	-0.07244612276554108	-0.01775633916258812	-0.053626928478479385	0.20001815259456635	-0.020886274054646492	0.017919111996889114	-0.08166221529245377	0.07497729361057281	-0.04814353957772255	0.0029862031806260347	-0.03327608108520508	-0.11444205045700073	0.0047659436240792274	0.013603107072412968	-0.05097266286611557	-0.015266401693224907	-0.026352521032094955	-0.08443218469619751	-0.03778832405805588	-0.06266190111637115	-0.05184037983417511	-0.09949227422475815	-0.05123601853847504	-0.02845887467265129	-0.08347418904304504	-0.10221056640148163	-0.08409161865711212	0.05625427886843681	-0.04349922388792038	-0.011190029792487621	0.08501653373241425	-0.04442061111330986	0.01944071613252163	0.016771839931607246	-0.007248962298035622	-0.07684379816055298	-0.04922841489315033	0.0375390350818634
-0.07583089172840118	0.1548813134431839	-0.023502053692936897	0.046011991798877716	0.09905874729156494	-0.12846434116363525	-0.09718049317598343	-0.012068027630448341	-0.04282863810658455	-0.24094752967357635	-0.0918889120221138	-0.10374733805656433	-0.013719058595597744	0.07049937546253204	-0.26458147168159485	-0.059393465518951416	-0.2310243546962738	0.25690901279449463	-0.1642841398715973	-0.308129221200943	0.14804935455322266	-0.03844616562128067	-0.21360516548156738	0.16822782158851624	-0.004977526143193245	-0.20785857737064362	0.04563566669821739	-0.03671136125922203	-0.12498302757740021	0.16977311670780182	-0.21586531400680542	0.02378316968679428	0.12950335443019867	-0.021169770509004593	-0.04467152804136276	-0.03388182446360588	0.031493861228227615	0.02039790339767933	0.016703100875020027	-0.023359086364507675	-0.21701589226722717	0.13892368972301483	-0.09431672096252441	0.19872047007083893	0.1997494250535965	0.07444683462381363	-0.1734880805015564	-0.01088742446154356	0.0686965361237526	-0.10892776399850845	-0.020133832469582558	-0.0993184968829155	0.033174555748701096	-0.01112400833517313	0.06416906416416168	0.01721571944653988	-0.12926602363586426	-0.0048854900524020195	0.27416375279426575	0.05699137598276138	0.15242566168308258	0.03750953450798988	0.022052280604839325	-0.037245556712150574
-0.05415252596139908	-0.09731362015008926	0.05194571241736412	-0.00553659163415432	-0.15175893902778625	-0.012794469483196735	0.0390373170375824	0.004225258249789476	-0.04487108066678047	0.09852460026741028	0.037351448088884354	0.03386569768190384	0.1407393515110016	0.0003388742625247687	-0.15014541149139404	0.014459826052188873	0.057090576738119125	0.10660281032323837	-0.008849105797708035	-0.06075453758239746	0.05968165397644043	-0.024438519030809402	0.004204956814646721	0.08449626713991165	-0.13179434835910797	-0.002134911948814988	-0.07244612276554108	-0.01775633916258812	-0.053626928478479385	0.20001815259456635	-0.020886274054646492	0.017919111996889114	-0.08166221529245377	0.07497729361057281	-0.04814353957772255	0.0029862031806260347	-0.03327608108520508	-0.11444205045700073	0.0047659436240792274	0.013603107072412968	-0.05097266286611557	-0.015266401693224907	-0.026352521032094955	-0.08443218469619751	-0.03778832405805588	-0.06266190111637115	-0.05184037983417511	-0.09949227422475815	-0.05123601853847504	-0.02845887467265129	-0.08347418904304504	-0.10221056640148163	-0.08409161865711212	0.05625427886843681	-0.04349922388792038	-0.011190029792487621	0.08501653373241425	-0.04442061111330986	0.01944071613252163	0.016771839931607246	-0.007248962298035622	-0.07684379816055298	-0.04922841489315033	0.0375390350818634
-0.003464240115135908	0.08831239491701126	-0.1018550843000412	-0.15006157755851746	0.01478763297200203	-0.032335326075553894	0.08015965670347214	-0.01884722337126732	-0.015947559848427773	0.16448166966438293	0.009359411895275116	-0.06761805713176727	-0.028882067650556564	-0.07193989306688309	-0.07250215858221054	0.04543827474117279	-0.015443217009305954	-0.23626163601875305	0.01782657764852047	0.26581284403800964	0.09899436682462692	-0.0811660960316658	0.03123830258846283	-0.20845583081245422	0.1292927861213684	-0.08275807648897171	0.20969314873218536	0.03317504748702049	0.2807557284832001	0.022979537025094032	0.041887007653713226	0.1236206591129303	-0.09564357250928879	-0.09378518164157867	-0.015096466057002544	0.13729622960090637	0.0019495021551847458	-0.08581503480672836	0.06965646892786026	-0.13563735783100128	0.015345461666584015	-0.14986073970794678	0.11783524602651596	-0.1480482965707779	-0.04694536328315735	-0.07334865629673004	0.08888301998376846	0.025236735120415688	-0.05234674736857414	0.24445238709449768	0.06610889732837677	0.2988368570804596	-0.09608327597379684	-0.029729869216680527	-0.01682968996465206	-0.0963536873459816	0.08629350364208221	0.08877281099557877	-0.2548385262489319	0.1682453751564026	-0.01796971820294857	-0.11370789259672165	0.12307143956422806	0.15179064869880676
-0.05415252596139908	-0.09731362015008926	0.05194571241736412	-0.00553659163415432	-0.15175893902778625	-0.012794469483196735	0.0390373170375824	0.004225258249789476	-0.04487108066678047	0.09852460026741028	0.037351448088884354	0.03386569768190384	0.1407393515110016	0.0003388742625247687	-0.15014541149139404	0.014459826052188873	0.057090576738119125	0.10660281032323837	-0.008849105797708035	-0.06075453758239746	0.05968165397644043	-0.024438519030809402	0.004204956814646721	0.08449626713991165	-0.13179434835910797	-0.002134911948814988	-0.07244612276554108	-0.01775633916258812	-0.053626928478479385	0.20001815259456635	-0.020886274054646492	0.017919111996889114	-0.08166221529245377	0.07497729361057281	-0.04814353957772255	0.0029862031806260347	-0.03327608108520508	-0.11444205045700073	0.0047659436240792274	0.013603107072412968	-0.05097266286611557	-0.015266401693224907	-0.026352521032094955	-0.08443218469619751	-0.03778832405805588	-0.06266190111637115	-0.05184037983417511	-0.09949227422475815	-0.05123601853847504	-0.02845887467265129	-0.08347418904304504	-0.10221056640148163	-0.08409161865711212	0.05625427886843681	-0.04349922388792038	-0.011190029792487621	0.08501653373241425	-0.04442061111330986	0.01944071613252163	0.016771839931607246	-0.007248962298035622	-0.07684379816055298	-0.04922841489315033	0.0375390350818634
-0.05415252596139908	-0.09731362015008926	0.05194571241736412	-0.00553659163415432	-0.15175893902778625	-0.012794469483196735	0.0390373170375824	0.004225258249789476	-0.04487108066678047	0.09852460026741028	0.037351448088884354	0.03386569768190384	0.1407393515110016	0.0003388742625247687	-0.15014541149139404	0.014459826052188873	0.057090576738119125	0.10660281032323837	-0.008849105797708035	-0.06075453758239746	0.05968165397644043	-0.024438519030809402	0.004204956814646721	0.08449626713991165	-0.13179434835910797	-0.002134911948814988	-0.07244612276554108	-0.01775633916258812	-0.053626928478479385	0.20001815259456635	-0.020886274054646492	0.017919111996889114	-0.08166221529245377	0.07497729361057281	-0.04814353957772255	0.0029862031806260347	-0.03327608108520508	-0.11444205045700073	0.0047659436240792274	0.013603107072412968	-0.05097266286611557	-0.015266401693224907	-0.026352521032094955	-0.08443218469619751	-0.03778832405805588	-0.06266190111637115	-0.05184037983417511	-0.09949227422475815	-0.05123601853847504	-0.02845887467265129	-0.08347418904304504	-0.10221056640148163	-0.08409161865711212	0.05625427886843681	-0.04349922388792038	-0.011190029792487621	0.08501653373241425	-0.04442061111330986	0.01944071613252163	0.016771839931607246	-0.007248962298035622	-0.07684379816055298	-0.04922841489315033	0.0375390350818634
-0.05415252596139908	-0.09731362015008926	0.05194571241736412	-0.00553659163415432	-0.15175893902778625	-0.012794469483196735	0.0390373170375824	0.004225258249789476	-0.04487108066678047	0.09852460026741028	0.037351448088884354	0.03386569768190384	0.1407393515110016	0.0003388742625247687	-0.15014541149139404	0.014459826052188873	0.057090576738119125	0.10660281032323837	-0.008849105797708035	-0.06075453758239746	0.05968165397644043	-0.024438519030809402	0.004204956814646721	0.08449626713991165	-0.13179434835910797	-0.002134911948814988	-0.07244612276554108	-0.01775633916258812	-0.053626928478479385	0.20001815259456635	-0.020886274054646492	0.017919111996889114	-0.08166221529245377	0.07497729361057281	-0.04814353957772255	0.0029862031806260347	-0.03327608108520508	-0.11444205045700073	0.0047659436240792274	0.013603107072412968	-0.05097266286611557	-0.015266401693224907	-0.026352521032094955	-0.08443218469619751	-0.03778832405805588	-0.06266190111637115	-0.05184037983417511	-0.09949227422475815	-0.05123601853847504	-0.02845887467265129	-0.08347418904304504	-0.10221056640148163	-0.08409161865711212	0.05625427886843681	-0.04349922388792038	-0.011190029792487621	0.08501653373241425	-0.04442061111330986	0.01944071613252163	0.016771839931607246	-0.007248962298035622	-0.07684379816055298	-0.04922841489315033	0.0375390350818634
-0.003464240115135908	0.08831239491701126	-0.1018550843000412	-0.15006157755851746	0.01478763297200203	-0.032335326075553894	0.08015965670347214	-0.01884722337126732	-0.015947559848427773	0.16448166966438293	0.009359411895275116	-0.06761805713176727	-0.028882067650556564	-0.07193989306688309	-0.07250215858221054	0.04543827474117279	-0.015443217009305954	-0.23626163601875305	0.01782657764852047	0.26581284403800964	0.09899436682462692	-0.0811660960316658	0.03123830258846283	-0.20845583081245422	0.1292927861213684	-0.08275807648897171	0.20969314873218536	0.03317504748702049	0.2807557284832001	0.022979537025094032	0.041887007653713226	0.1236206591129303	-0.09564357250928879	-0.09378518164157867	-0.015096466057002544	0.13729622960090637	0.0019495021551847458	-0.08581503480672836	0.06965646892786026	-0.13563735783100128	0.015345461666584015	-0.14986073970794678	0.11783524602651596	-0.1480482965707779	-0.04694536328315735	-0.07334865629673004	0.08888301998376846	0.025236735120415688	-0.05234674736857414	0.24445238709449768	0.06610889732837677	0.2988368570804596	-0.09608327597379684	-0.029729869216680527	-0.01682968996465206	-0.0963536873459816	0.08629350364208221	0.08877281099557877	-0.2548385262489319	0.1682453751564026	-0.01796971820294857	-0.11370789259672165	0.12307143956422806	0.15179064869880676
-0.05415252596139908	-0.09731362015008926	0.05194571241736412	-0.00553659163415432	-0.15175893902778625	-0.012794469483196735	0.0390373170375824	0.004225258249789476	-0.04487108066678047	0.09852460026741028	0.037351448088884354	0.03386569768190384	0.1407393515110016	0.0003388742625247687	-0.15014541149139404	0.014459826052188873	0.057090576738119125	0.10660281032323837	-0.008849105797708035	-0.06075453758239746	0.05968165397644043	-0.024438519030809402	0.004204956814646721	0.08449626713991165	-0.13179434835910797	-0.002134911948814988	-0.07244612276554108	-0.01775633916258812	-0.053626928478479385	0.20001815259456635	-0.020886274054646492	0.017919111996889114	-0.08166221529245377	0.07497729361057281	-0.04814353957772255	0.0029862031806260347	-0.03327608108520508	-0.11444205045700073	0.0047659436240792274	0.013603107072412968	-0.05097266286611557	-0.015266401693224907	-0.026352521032094955	-0.08443218469619751	-0.03778832405805588	-0.06266190111637115	-0.05184037983417511	-0.09949227422475815	-0.05123601853847504	-0.02845887467265129	-0.08347418904304504	-0.10221056640148163	-0.08409161865711212	0.05625427886843681	-0.04349922388792038	-0.011190029792487621	0.08501653373241425	-0.04442061111330986	0.01944071613252163	0.016771839931607246	-0.007248962298035622	-0.07684379816055298	-0.04922841489315033	0.0375390350818634
-0.05415252596139908	-0.09731362015008926	0.05194571241736412	-0.00553659163415432	-0.15175893902778625	-0.012794469483196735	0.0390373170375824	0.004225258249789476	-0.04487108066678047	0.09852460026741028	0.037351448088884354	0.03386569768190384	0.1407393515110016	0.0003388742625247687	-0.15014541149139404	0.014459826052188873	0.057090576738119125	0.10660281032323837	-0.008849105797708035	-0.06075453758239746	0.05968165397644043	-0.024438519030809402	0.004204956814646721	0.08449626713991165	-0.13179434835910797	-0.002134911948814988	-0.07244612276554108	-0.01775633916258812	-0.053626928478479385	0.20001815259456635	-0.020886274054646492	0.017919111996889114	-0.08166221529245377	0.07497729361057281	-0.04814353957772255	0.0029862031806260347	-0.03327608108520508	-0.11444205045700073	0.0047659436240792274	0.013603107072412968	-0.05097266286611557	-0.015266401693224907	-0.026352521032094955	-0.08443218469619751	-0.03778832405805588	-0.06266190111637115	-0.05184037983417511	-0.09949227422475815	-0.05123601853847504	-0.02845887467265129	-0.08347418904304504	-0.10221056640148163	-0.08409161865711212	0.05625427886843681	-0.04349922388792038	-0.011190029792487621	0.08501653373241425	-0.04442061111330986	0.01944071613252163	0.016771839931607246	-0.007248962298035622	-0.07684379816055298	-0.04922841489315033	0.0375390350818634
-0.003464240115135908	0.08831239491701126	-0.1018550843000412	-0.15006157755851746	0.01478763297200203	-0.032335326075553894	0.08015965670347214	-0.01884722337126732	-0.015947559848427773	0.16448166966438293	0.009359411895275116	-0.06761805713176727	-0.028882067650556564	-0.07193989306688309	-0.07250215858221054	0.04543827474117279	-0.015443217009305954	-0.23626163601875305	0.01782657764852047	0.26581284403800964	0.09899436682462692	-0.0811660960316658	0.03123830258846283	-0.20845583081245422	0.1292927861213684	-0.08275807648897171	0.20969314873218536	0.03317504748702049	0.2807557284832001	0.022979537025094032	0.041887007653713226	0.1236206591129303	-0.09564357250928879	-0.09378518164157867	-0.015096466057002544	0.13729622960090637	0.0019495021551847458	-0.08581503480672836	0.06965646892786026	-0.13563735783100128	0.015345461666584015	-0.14986073970794678	0.11783524602651596	-0.1480482965707779	-0.04694536328315735	-0.07334865629673004	0.08888301998376846	0.025236735120415688	-0.05234674736857414	0.24445238709449768	0.06610889732837677	0.2988368570804596	-0.09608327597379684	-0.029729869216680527	-0.01682968996465206	-0.0963536873459816	0.08629350364208221	0.08877281099557877	-0.2548385262489319	0.1682453751564026	-0.01796971820294857	-0.11370789259672165	0.12307143956422806	0.15179064869880676
-0.05415252596139908	-0.09731362015008926	0.05194571241736412	-0.00553659163415432	-0.15175893902778625	-0.012794469483196735	0.0390373170375824	0.004225258249789476	-0.04487108066678047	0.09852460026741028	0.037351448088884354	0.03386569768190384	0.1407393515110016	0.0003388742625247687	-0.15014541149139404	0.014459826052188873	0.057090576738119125	0.10660281032323837	-0.008849105797708035	-0.06075453758239746	0.05968165397644043	-0.024438519030809402	0.004204956814646721	0.08449626713991165	-0.13179434835910797	-0.002134911948814988	-0.07244612276554108	-0.01775633916258812	-0.053626928478479385	0.20001815259456635	-0.020886274054646492	0.017919111996889114	-0.08166221529245377	0.07497729361057281	-0.04814353957772255	0.0029862031806260347	-0.03327608108520508	-0.11444205045700073	0.0047659436240792274	0.013603107072412968	-0.05097266286611557	-0.015266401693224907	-0.026352521032094955	-0.08443218469619751	-0.03778832405805588	-0.06266190111637115	-0.05184037983417511	-0.09949227422475815	-0.05123601853847504	-0.02845887467265129	-0.08347418904304504	-0.10221056640148163	-0.08409161865711212	0.05625427886843681	-0.04349922388792038	-0.011190029792487621	0.08501653373241425	-0.04442061111330986	0.01944071613252163	0.016771839931607246	-0.007248962298035622	-0.07684379816055298	-0.04922841489315033	0.0375390350818634
-0.003464240115135908	0.08831239491701126	-0.1018550843000412	-0.15006157755851746	0.01478763297200203	-0.032335326075553894	0.08015965670347214	-0.01884722337126732	-0.015947559848427773	0.16448166966438293	0.009359411895275116	-0.06761805713176727	-0.028882067650556564	-0.07193989306688309	-0.07250215858221054	0.04543827474117279	-0.015443217009305954	-0.23626163601875305	0.01782657764852047	0.26581284403800964	0.09899436682462692	-0.0811660960316658	0.03123830258846283	-0.20845583081245422	0.1292927861213684	-0.08275807648897171	0.20969314873218536	0.03317504748702049	0.2807557284832001	0.022979537025094032	0.041887007653713226	0.1236206591129303	-0.09564357250928879	-0.09378518164157867	-0.015096466057002544	0.13729622960090637	0.0019495021551847458	-0.08581503480672836	0.06965646892786026	-0.13563735783100128	0.015345461666584015	-0.14986073970794678	0.11783524602651596	-0.1480482965707779	-0.04694536328315735	-0.07334865629673004	0.08888301998376846	0.025236735120415688	-0.05234674736857414	0.24445238709449768	0.06610889732837677	0.2988368570804596	-0.09608327597379684	-0.029729869216680527	-0.01682968996465206	-0.0963536873459816	0.08629350364208221	0.08877281099557877	-0.2548385262489319	0.1682453751564026	-0.01796971820294857	-0.11370789259672165	0.12307143956422806	0.15179064869880676
-0.003464240115135908	0.08831239491701126	-0.1018550843000412	-0.15006157755851746	0.01478763297200203	-0.032335326075553894	0.08015965670347214	-0.01884722337126732	-0.015947559848427773	0.16448166966438293	0.009359411895275116	-0.06761805713176727	-0.028882067650556564	-0.07193989306688309	-0.07250215858221054	0.04543827474117279	-0.015443217009305954	-0.23626163601875305	0.01782657764852047	0.26581284403800964	0.09899436682462692	-0.0811660960316658	0.03123830258846283	-0.20845583081245422	0.1292927861213684	-0.08275807648897171	0.20969314873218536	0.03317504748702049	0.2807557284832001	0.022979537025094032	0.041887007653713226	0.1236206591129303	-0.09564357250928879	-0.09378518164157867	-0.015096466057002544	0.13729622960090637	0.0019495021551847458	-0.08581503480672836	0.06965646892786026	-0.13563735783100128	0.015345461666584015	-0.14986073970794678	0.11783524602651596	-0.1480482965707779	-0.04694536328315735	-0.07334865629673004	0.08888301998376846	0.025236735120415688	-0.05234674736857414	0.24445238709449768	0.06610889732837677	0.2988368570804596	-0.09608327597379684	-0.029729869216680527	-0.01682968996465206	-0.0963536873459816	0.08629350364208221	0.08877281099557877	-0.2548385262489319	0.1682453751564026	-0.01796971820294857	-0.11370789259672165	0.12307143956422806	0.15179064869880676
-0.003464240115135908	0.08831239491701126	-0.1018550843000412	-0.15006157755851746	0.01478763297200203	-0.032335326075553894	0.08015965670347214	-0.01884722337126732	-0.015947559848427773	0.16448166966438293	0.009359411895275116	-0.06761805713176727	-0.028882067650556564	-0.07193989306688309	-0.07250215858221054	0.04543827474117279	-0.015443217009305954	-0.23626163601875305	0.01782657764852047	0.26581284403800964	0.09899436682462692	-0.0811660960316658	0.03123830258846283	-0.20845583081245422	0.1292927861213684	-0.08275807648897171	0.20969314873218536	0.03317504748702049	0.2807557284832001	0.022979537025094032	0.041887007653713226	0.1236206591129303	-0.09564357250928879	-0.09378518164157867	-0.015096466057002544	0.13729622960090637	0.0019495021551847458	-0.08581503480672836	0.06965646892786026	-0.13563735783100128	0.015345461666584015	-0.14986073970794678	0.11783524602651596	-0.1480482965707779	-0.04694536328315735	-0.07334865629673004	0.08888301998376846	0.025236735120415688	-0.05234674736857414	0.24445238709449768	0.06610889732837677	0.2988368570804596	-0.09608327597379684	-0.029729869216680527	-0.01682968996465206	-0.0963536873459816	0.08629350364208221	0.08877281099557877	-0.2548385262489319	0.1682453751564026	-0.01796971820294857	-0.11370789259672165	0.12307143956422806	0.15179064869880676
-0.05415252596139908	-0.09731362015008926	0.05194571241736412	-0.00553659163415432	-0.15175893902778625	-0.012794469483196735	0.0390373170375824	0.004225258249789476	-0.04487108066678047	0.09852460026741028	0.037351448088884354	0.03386569768190384	0.1407393515110016	0.0003388742625247687	-0.15014541149139404	0.014459826052188873	0.057090576738119125	0.10660281032323837	-0.008849105797708035	-0.06075453758239746	0.05968165397644043	-0.024438519030809402	0.004204956814646721	0.08449626713991165	-0.13179434835910797	-0.002134911948814988	-0.07244612276554108	-0.01775633916258812	-0.053626928478479385	0.20001815259456635	-0.020886274054646492	0.017919111996889114	-0.08166221529245377	0.07497729361057281	-0.04814353957772255	0.0029862031806260347	-0.03327608108520508	-0.11444205045700073	0.0047659436240792274	0.013603107072412968	-0.05097266286611557	-0.015266401693224907	-0.026352521032094955	-0.08443218469619751	-0.03778832405805588	-0.06266190111637115	-0.05184037983417511	-0.09949227422475815	-0.05123601853847504	-0.02845887467265129	-0.08347418904304504	-0.10221056640148163	-0.08409161865711212	0.05625427886843681	-0.04349922388792038	-0.011190029792487621	0.08501653373241425	-0.04442061111330986	0.01944071613252163	0.016771839931607246	-0.007248962298035622	-0.07684379816055298	-0.04922841489315033	0.0375390350818634
-0.003464240115135908	0.08831239491701126	-0.1018550843000412	-0.15006157755851746	0.01478763297200203	-0.032335326075553894	0.08015965670347214	-0.01884722337126732	-0.015947559848427773	0.16448166966438293	0.009359411895275116	-0.06761805713176727	-0.028882067650556564	-0.07193989306688309	-0.07250215858221054	0.04543827474117279	-0.015443217009305954	-0.23626163601875305	0.01782657764852047	0.26581284403800964	0.09899436682462692	-0.0811660960316658	0.03123830258846283	-0.20845583081245422	0.1292927861213684	-0.08275807648897171	0.20969314873218536	0.03317504748702049	0.2807557284832001	0.022979537025094032	0.041887007653713226	0.1236206591129303	-0.09564357250928879	-0.09378518164157867	-0.015096466057002544	0.13729622960090637	0.0019495021551847458	-0.08581503480672836	0.06965646892786026	-0.13563735783100128	0.015345461666584015	-0.14986073970794678	0.11783524602651596	-0.1480482965707779	-0.04694536328315735	-0.07334865629673004	0.08888301998376846	0.025236735120415688	-0.05234674736857414	0.24445238709449768	0.06610889732837677	0.2988368570804596	-0.09608327597379684	-0.029729869216680527	-0.01682968996465206	-0.0963536873459816	0.08629350364208221	0.08877281099557877	-0.2548385262489319	0.1682453751564026	-0.01796971820294857	-0.11370789259672165	0.12307143956422806	0.15179064869880676
-0.003464240115135908	0.08831239491701126	-0.1018550843000412	-0.15006157755851746	0.01478763297200203	-0.032335326075553894	0.08015965670347214	-0.01884722337126732	-0.015947559848427773	0.16448166966438293	0.009359411895275116	-0.06761805713176727	-0.028882067650556564	-0.07193989306688309	-0.07250215858221054	0.04543827474117279	-0.015443217009305954	-0.23626163601875305	0.01782657764852047	0.26581284403800964	0.09899436682462692	-0.0811660960316658	0.03123830258846283	-0.20845583081245422	0.1292927861213684	-0.08275807648897171	0.20969314873218536	0.03317504748702049	0.2807557284832001	0.022979537025094032	0.041887007653713226	0.1236206591129303	-0.09564357250928879	-0.09378518164157867	-0.015096466057002544	0.13729622960090637	0.0019495021551847458	-0.08581503480672836	0.06965646892786026	-0.13563735783100128	0.015345461666584015	-0.14986073970794678	0.11783524602651596	-0.1480482965707779	-0.04694536328315735	-0.07334865629673004	0.08888301998376846	0.025236735120415688	-0.05234674736857414	0.24445238709449768	0.06610889732837677	0.2988368570804596	-0.09608327597379684	-0.029729869216680527	-0.01682968996465206	-0.0963536873459816	0.08629350364208221	0.08877281099557877	-0.2548385262489319	0.1682453751564026	-0.01796971820294857	-0.11370789259672165	0.12307143956422806	0.15179064869880676
-0.05415252596139908	-0.09731362015008926	0.05194571241736412	-0.00553659163415432	-0.15175893902778625	-0.012794469483196735	0.0390373170375824	0.004225258249789476	-0.04487108066678047	0.09852460026741028	0.037351448088884354	0.03386569768190384	0.1407393515110016	0.0003388742625247687	-0.15014541149139404	0.014459826052188873	0.057090576738119125	0.10660281032323837	-0.008849105797708035	-0.06075453758239746	0.05968165397644043	-0.024438519030809402	0.004204956814646721	0.08449626713991165	-0.13179434835910797	-0.002134911948814988	-0.07244612276554108	-0.01775633916258812	-0.053626928478479385	0.20001815259456635	-0.020886274054646492	0.017919111996889114	-0.08166221529245377	0.07497729361057281	-0.04814353957772255	0.0029862031806260347	-0.03327608108520508	-0.11444205045700073	0.0047659436240792274	0.013603107072412968	-0.05097266286611557	-0.015266401693224907	-0.026352521032094955	-0.08443218469619751	-0.03778832405805588	-0.06266190111637115	-0.05184037983417511	-0.09949227422475815	-0.05123601853847504	-0.02845887467265129	-0.08347418904304504	-0.10221056640148163	-0.08409161865711212	0.05625427886843681	-0.04349922388792038	-0.011190029792487621	0.08501653373241425	-0.04442061111330986	0.01944071613252163	0.016771839931607246	-0.007248962298035622	-0.07684379816055298	-0.04922841489315033	0.0375390350818634
-0.05415252596139908	-0.09731362015008926	0.05194571241736412	-0.00553659163415432	-0.15175893902778625	-0.012794469483196735	0.0390373170375824	0.004225258249789476	-0.04487108066678047	0.09852460026741028	0.037351448088884354	0.03386569768190384	0.1407393515110016	0.0003388742625247687	-0.15014541149139404	0.014459826052188873	0.057090576738119125	0.10660281032323837	-0.008849105797708035	-0.06075453758239746	0.05968165397644043	-0.024438519030809402	0.004204956814646721	0.08449626713991165	-0.13179434835910797	-0.002134911948814988	-0.07244612276554108	-0.01775633916258812	-0.053626928478479385	0.20001815259456635	-0.020886274054646492	0.017919111996889114	-0.08166221529245377	0.07497729361057281	-0.04814353957772255	0.0029862031806260347	-0.03327608108520508	-0.11444205045700073	0.0047659436240792274	0.013603107072412968	-0.05097266286611557	-0.015266401693224907	-0.026352521032094955	-0.08443218469619751	-0.03778832405805588	-0.06266190111637115	-0.05184037983417511	-0.09949227422475815	-0.05123601853847504	-0.02845887467265129	-0.08347418904304504	-0.10221056640148163	-0.08409161865711212	0.05625427886843681	-0.04349922388792038	-0.011190029792487621	0.08501653373241425	-0.04442061111330986	0.01944071613252163	0.016771839931607246	-0.007248962298035622	-0.07684379816055298	-0.04922841489315033	0.0375390350818634
-0.05415252596139908	-0.09731362015008926	0.05194571241736412	-0.00553659163415432	-0.15175893902778625	-0.012794469483196735	0.0390373170375824	0.004225258249789476	-0.04487108066678047	0.09852460026741028	0.037351448088884354	0.03386569768190384	0.1407393515110016	0.0003388742625247687	-0.15014541149139404	0.014459826052188873	0.057090576738119125	0.10660281032323837	-0.008849105797708035	-0.06075453758239746	0.05968165397644043	-0.024438519030809402	0.004204956814646721	0.08449626713991165	-0.13179434835910797	-0.002134911948814988	-0.07244612276554108	-0.01775633916258812	-0.053626928478479385	0.20001815259456635	-0.020886274054646492	0.017919111996889114	-0.08166221529245377	0.07497729361057281	-0.04814353957772255	0.0029862031806260347	-0.03327608108520508	-0.11444205045700073	0.0047659436240792274	0.013603107072412968	-0.05097266286611557	-0.015266401693224907	-0.026352521032094955	-0.08443218469619751	-0.03778832405805588	-0.06266190111637115	-0.05184037983417511	-0.09949227422475815	-0.05123601853847504	-0.02845887467265129	-0.08347418904304504	-0.10221056640148163	-0.08409161865711212	0.05625427886843681	-0.04349922388792038	-0.011190029792487621	0.08501653373241425	-0.04442061111330986	0.01944071613252163	0.016771839931607246	-0.007248962298035622	-0.07684379816055298	-0.04922841489315033	0.0375390350818634
-0.07583089172840118	0.1548813134431839	-0.023502053692936897	0.046011991798877716	0.09905874729156494	-0.12846434116363525	-0.09718049317598343	-0.012068027630448341	-0.04282863810658455	-0.24094752967357635	-0.0918889120221138	-0.10374733805656433	-0.013719058595597744	0.07049937546253204	-0.26458147168159485	-0.059393465518951416	-0.2310243546962738	0.25690901279449463	-0.1642841398715973	-0.308129221200943	0.14804935455322266	-0.03844616562128067	-0.21360516548156738	0.16822782158851624	-0.004977526143193245	-0.20785857737064362	0.04563566669821739	-0.03671136125922203	-0.12498302757740021	0.16977311670780182	-0.21586531400680542	0.02378316968679428	0.12950335443019867	-0.021169770509004593	-0.04467152804136276	-0.03388182446360588	0.031493861228227615	0.02039790339767933	0.016703100875020027	-0.023359086364507675	-0.21701589226722717	0.13892368972301483	-0.09431672096252441	0.19872047007083893	0.1997494250535965	0.07444683462381363	-0.1734880805015564	-0.01088742446154356	0.0686965361237526	-0.10892776399850845	-0.020133832469582558	-0.0993184968829155	0.033174555748701096	-0.01112400833517313	0.06416906416416168	0.01721571944653988	-0.12926602363586426	-0.0048854900524020195	0.27416375279426575	0.05699137598276138	0.15242566168308258	0.03750953450798988	0.022052280604839325	-0.037245556712150574
-0.05415252596139908	-0.09731362015008926	0.05194571241736412	-0.00553659163415432	-0.15175893902778625	-0.012794469483196735	0.0390373170375824	0.004225258249789476	-0.04487108066678047	0.09852460026741028	0.037351448088884354	0.03386569768190384	0.1407393515110016	0.0003388742625247687	-0.15014541149139404	0.014459826052188873	0.057090576738119125	0.10660281032323837	-0.008849105797708035	-0.06075453758239746	0.05968165397644043	-0.024438519030809402	0.004204956814646721	0.08449626713991165	-0.13179434835910797	-0.002134911948814988	-0.07244612276554108	-0.01775633916258812	-0.053626928478479385	0.20001815259456635	-0.020886274054646492	0.017919111996889114	-0.08166221529245377	0.07497729361057281	-0.04814353957772255	0.0029862031806260347	-0.03327608108520508	-0.11444205045700073	0.0047659436240792274	0.013603107072412968	-0.05097266286611557	-0.015266401693224907	-0.026352521032094955	-0.08443218469619751	-0.03778832405805588	-0.06266190111637115	-0.05184037983417511	-0.09949227422475815	-0.05123601853847504	-0.02845887467265129	-0.08347418904304504	-0.10221056640148163	-0.08409161865711212	0.05625427886843681	-0.04349922388792038	-0.011190029792487621	0.08501653373241425	-0.04442061111330986	0.01944071613252163	0.016771839931607246	-0.007248962298035622	-0.07684379816055298	-0.04922841489315033	0.0375390350818634
-0.003464240115135908	0.08831239491701126	-0.1018550843000412	-0.15006157755851746	0.01478763297200203	-0.032335326075553894	0.08015965670347214	-0.01884722337126732	-0.015947559848427773	0.16448166966438293	0.009359411895275116	-0.06761805713176727	-0.028882067650556564	-0.07193989306688309	-0.07250215858221054	0.04543827474117279	-0.015443217009305954	-0.23626163601875305	0.01782657764852047	0.26581284403800964	0.09899436682462692	-0.0811660960316658	0.03123830258846283	-0.20845583081245422	0.1292927861213684	-0.08275807648897171	0.20969314873218536	0.03317504748702049	0.2807557284832001	0.022979537025094032	0.041887007653713226	0.1236206591129303	-0.09564357250928879	-0.09378518164157867	-0.015096466057002544	0.13729622960090637	0.0019495021551847458	-0.08581503480672836	0.06965646892786026	-0.13563735783100128	0.015345461666584015	-0.14986073970794678	0.11783524602651596	-0.1480482965707779	-0.04694536328315735	-0.07334865629673004	0.08888301998376846	0.025236735120415688	-0.05234674736857414	0.24445238709449768	0.06610889732837677	0.2988368570804596	-0.09608327597379684	-0.029729869216680527	-0.01682968996465206	-0.0963536873459816	0.08629350364208221	0.08877281099557877	-0.2548385262489319	0.1682453751564026	-0.01796971820294857	-0.11370789259672165	0.12307143956422806	0.15179064869880676
-0.05415252596139908	-0.09731362015008926	0.05194571241736412	-0.00553659163415432	-0.15175893902778625	-0.012794469483196735	0.0390373170375824	0.004225258249789476	-0.04487108066678047	0.09852460026741028	0.037351448088884354	0.03386569768190384	0.1407393515110016	0.0003388742625247687	-0.15014541149139404	0.014459826052188873	0.057090576738119125	0.10660281032323837	-0.008849105797708035	-0.06075453758239746	0.05968165397644043	-0.024438519030809402	0.004204956814646721	0.08449626713991165	-0.13179434835910797	-0.002134911948814988	-0.07244612276554108	-0.01775633916258812	-0.053626928478479385	0.20001815259456635	-0.020886274054646492	0.017919111996889114	-0.08166221529245377	0.07497729361057281	-0.04814353957772255	0.0029862031806260347	-0.03327608108520508	-0.11444205045700073	0.0047659436240792274	0.013603107072412968	-0.05097266286611557	-0.015266401693224907	-0.026352521032094955	-0.08443218469619751	-0.03778832405805588	-0.06266190111637115	-0.05184037983417511	-0.09949227422475815	-0.05123601853847504	-0.02845887467265129	-0.08347418904304504	-0.10221056640148163	-0.08409161865711212	0.05625427886843681	-0.04349922388792038	-0.011190029792487621	0.08501653373241425	-0.04442061111330986	0.01944071613252163	0.016771839931607246	-0.007248962298035622	-0.07684379816055298	-0.04922841489315033	0.0375390350818634
-0.07583089172840118	0.1548813134431839	-0.023502053692936897	0.046011991798877716	0.09905874729156494	-0.12846434116363525	-0.09718049317598343	-0.012068027630448341	-0.04282863810658455	-0.24094752967357635	-0.0918889120221138	-0.10374733805656433	-0.013719058595597744	0.07049937546253204	-0.26458147168159485	-0.059393465518951416	-0.2310243546962738	0.25690901279449463	-0.1642841398715973	-0.308129221200943	0.14804935455322266	-0.03844616562128067	-0.21360516548156738	0.16822782158851624	-0.004977526143193245	-0.20785857737064362	0.04563566669821739	-0.03671136125922203	-0.12498302757740021	0.16977311670780182	-0.21586531400680542	0.02378316968679428	0.12950335443019867	-0.021169770509004593	-0.04467152804136276	-0.03388182446360588	0.031493861228227615	0.02039790339767933	0.016703100875020027	-0.023359086364507675	-0.21701589226722717	0.13892368972301483	-0.09431672096252441	0.19872047007083893	0.1997494250535965	0.07444683462381363	-0.1734880805015564	-0.01088742446154356	0.0686965361237526	-0.10892776399850845	-0.020133832469582558	-0.0993184968829155	0.033174555748701096	-0.01112400833517313	0.06416906416416168	0.01721571944653988	-0.12926602363586426	-0.0048854900524020195	0.27416375279426575	0.05699137598276138	0.15242566168308258	0.03750953450798988	0.022052280604839325	-0.037245556712150574
-0.07583089172840118	0.1548813134431839	-0.023502053692936897	0.046011991798877716	0.09905874729156494	-0.12846434116363525	-0.09718049317598343	-0.012068027630448341	-0.04282863810658455	-0.24094752967357635	-0.0918889120221138	-0.10374733805656433	-0.013719058595597744	0.07049937546253204	-0.26458147168159485	-0.059393465518951416	-0.2310243546962738	0.25690901279449463	-0.1642841398715973	-0.308129221200943	0.14804935455322266	-0.03844616562128067	-0.21360516548156738	0.16822782158851624	-0.004977526143193245	-0.20785857737064362	0.04563566669821739	-0.03671136125922203	-0.12498302757740021	0.16977311670780182	-0.21586531400680542	0.02378316968679428	0.12950335443019867	-0.021169770509004593	-0.04467152804136276	-0.03388182446360588	0.031493861228227615	0.02039790339767933	0.016703100875020027	-0.023359086364507675	-0.21701589226722717	0.13892368972301483	-0.09431672096252441	0.19872047007083893	0.1997494250535965	0.07444683462381363	-0.1734880805015564	-0.01088742446154356	0.0686965361237526	-0.10892776399850845	-0.020133832469582558	-0.0993184968829155	0.033174555748701096	-0.01112400833517313	0.06416906416416168	0.01721571944653988	-0.12926602363586426	-0.0048854900524020195	0.27416375279426575	0.05699137598276138	0.15242566168308258	0.03750953450798988	0.022052280604839325	-0.037245556712150574
-0.05415252596139908	-0.09731362015008926	0.05194571241736412	-0.00553659163415432	-0.15175893902778625	-0.012794469483196735	0.0390373170375824	0.004225258249789476	-0.04487108066678047	0.09852460026741028	0.037351448088884354	0.03386569768190384	0.1407393515110016	0.0003388742625247687	-0.15014541149139404	0.014459826052188873	0.057090576738119125	0.10660281032323837	-0.008849105797708035	-0.06075453758239746	0.05968165397644043	-0.024438519030809402	0.004204956814646721	0.08449626713991165	-0.13179434835910797	-0.002134911948814988	-0.07244612276554108	-0.01775633916258812	-0.053626928478479385	0.20001815259456635	-0.020886274054646492	0.017919111996889114	-0.08166221529245377	0.07497729361057281	-0.04814353957772255	0.0029862031806260347	-0.03327608108520508	-0.11444205045700073	0.0047659436240792274	0.013603107072412968	-0.05097266286611557	-0.015266401693224907	-0.026352521032094955	-0.08443218469619751	-0.03778832405805588	-0.06266190111637115	-0.05184037983417511	-0.09949227422475815	-0.05123601853847504	-0.02845887467265129	-0.08347418904304504	-0.10221056640148163	-0.08409161865711212	0.05625427886843681	-0.04349922388792038	-0.011190029792487621	0.08501653373241425	-0.04442061111330986	0.01944071613252163	0.016771839931607246	-0.007248962298035622	-0.07684379816055298	-0.04922841489315033	0.0375390350818634
-0.05415252596139908	-0.09731362015008926	0.05194571241736412	-0.00553659163415432	-0.15175893902778625	-0.012794469483196735	0.0390373170375824	0.004225258249789476	-0.04487108066678047	0.09852460026741028	0.037351448088884354	0.03386569768190384	0.1407393515110016	0.0003388742625247687	-0.15014541149139404	0.014459826052188873	0.057090576738119125	0.10660281032323837	-0.008849105797708035	-0.06075453758239746	0.05968165397644043	-0.024438519030809402	0.004204956814646721	0.08449626713991165	-0.13179434835910797	-0.002134911948814988	-0.07244612276554108	-0.01775633916258812	-0.053626928478479385	0.20001815259456635	-0.020886274054646492	0.017919111996889114	-0.08166221529245377	0.07497729361057281	-0.04814353957772255	0.0029862031806260347	-0.03327608108520508	-0.11444205045700073	0.0047659436240792274	0.013603107072412968	-0.05097266286611557	-0.015266401693224907	-0.026352521032094955	-0.08443218469619751	-0.03778832405805588	-0.06266190111637115	-0.05184037983417511	-0.09949227422475815	-0.05123601853847504	-0.02845887467265129	-0.08347418904304504	-0.10221056640148163	-0.08409161865711212	0.05625427886843681	-0.04349922388792038	-0.011190029792487621	0.08501653373241425	-0.04442061111330986	0.01944071613252163	0.016771839931607246	-0.007248962298035622	-0.07684379816055298	-0.04922841489315033	0.0375390350818634
-0.05415252596139908	-0.09731362015008926	0.05194571241736412	-0.00553659163415432	-0.15175893902778625	-0.012794469483196735	0.0390373170375824	0.004225258249789476	-0.04487108066678047	0.09852460026741028	0.037351448088884354	0.03386569768190384	0.1407393515110016	0.0003388742625247687	-0.15014541149139404	0.014459826052188873	0.057090576738119125	0.10660281032323837	-0.008849105797708035	-0.06075453758239746	0.05968165397644043	-0.024438519030809402	0.004204956814646721	0.08449626713991165	-0.13179434835910797	-0.002134911948814988	-0.07244612276554108	-0.01775633916258812	-0.053626928478479385	0.20001815259456635	-0.020886274054646492	0.017919111996889114	-0.08166221529245377	0.07497729361057281	-0.04814353957772255	0.0029862031806260347	-0.03327608108520508	-0.11444205045700073	0.0047659436240792274	0.013603107072412968	-0.05097266286611557	-0.015266401693224907	-0.026352521032094955	-0.08443218469619751	-0.03778832405805588	-0.06266190111637115	-0.05184037983417511	-0.09949227422475815	-0.05123601853847504	-0.02845887467265129	-0.08347418904304504	-0.10221056640148163	-0.08409161865711212	0.05625427886843681	-0.04349922388792038	-0.011190029792487621	0.08501653373241425	-0.04442061111330986	0.01944071613252163	0.016771839931607246	-0.007248962298035622	-0.07684379816055298	-0.04922841489315033	0.0375390350818634
-0.003464240115135908	0.08831239491701126	-0.1018550843000412	-0.15006157755851746	0.01478763297200203	-0.032335326075553894	0.08015965670347214	-0.01884722337126732	-0.015947559848427773	0.16448166966438293	0.009359411895275116	-0.06761805713176727	-0.028882067650556564	-0.07193989306688309	-0.07250215858221054	0.04543827474117279	-0.015443217009305954	-0.23626163601875305	0.01782657764852047	0.26581284403800964	0.09899436682462692	-0.0811660960316658	0.03123830258846283	-0.20845583081245422	0.1292927861213684	-0.08275807648897171	0.20969314873218536	0.03317504748702049	0.2807557284832001	0.022979537025094032	0.041887007653713226	0.1236206591129303	-0.09564357250928879	-0.09378518164157867	-0.015096466057002544	0.13729622960090637	0.0019495021551847458	-0.08581503480672836	0.06965646892786026	-0.13563735783100128	0.015345461666584015	-0.14986073970794678	0.11783524602651596	-0.1480482965707779	-0.04694536328315735	-0.07334865629673004	0.08888301998376846	0.025236735120415688	-0.05234674736857414	0.24445238709449768	0.06610889732837677	0.2988368570804596	-0.09608327597379684	-0.029729869216680527	-0.01682968996465206	-0.0963536873459816	0.08629350364208221	0.08877281099557877	-0.2548385262489319	0.1682453751564026	-0.01796971820294857	-0.11370789259672165	0.12307143956422806	0.15179064869880676
-0.05415252596139908	-0.09731362015008926	0.05194571241736412	-0.00553659163415432	-0.15175893902778625	-0.012794469483196735	0.0390373170375824	0.004225258249789476	-0.04487108066678047	0.09852460026741028	0.037351448088884354	0.03386569768190384	0.1407393515110016	0.0003388742625247687	-0.15014541149139404	0.014459826052188873	0.057090576738119125	0.10660281032323837	-0.008849105797708035	-0.06075453758239746	0.05968165397644043	-0.024438519030809402	0.004204956814646721	0.08449626713991165	-0.13179434835910797	-0.002134911948814988	-0.07244612276554108	-0.01775633916258812	-0.053626928478479385	0.20001815259456635	-0.020886274054646492	0.017919111996889114	-0.08166221529245377	0.07497729361057281	-0.04814353957772255	0.0029862031806260347	-0.03327608108520508	-0.11444205045700073	0.0047659436240792274	0.013603107072412968	-0.05097266286611557	-0.015266401693224907	-0.026352521032094955	-0.08443218469619751	-0.03778832405805588	-0.06266190111637115	-0.05184037983417511	-0.09949227422475815	-0.05123601853847504	-0.02845887467265129	-0.08347418904304504	-0.10221056640148163	-0.08409161865711212	0.05625427886843681	-0.04349922388792038	-0.011190029792487621	0.08501653373241425	-0.04442061111330986	0.01944071613252163	0.016771839931607246	-0.007248962298035622	-0.07684379816055298	-0.04922841489315033	0.0375390350818634
-0.003464240115135908	0.08831239491701126	-0.1018550843000412	-0.15006157755851746	0.01478763297200203	-0.032335326075553894	0.08015965670347214	-0.01884722337126732	-0.015947559848427773	0.16448166966438293	0.009359411895275116	-0.06761805713176727	-0.028882067650556564	-0.07193989306688309	-0.07250215858221054	0.04543827474117279	-0.015443217009305954	-0.23626163601875305	0.01782657764852047	0.26581284403800964	0.09899436682462692	-0.0811660960316658	0.03123830258846283	-0.20845583081245422	0.1292927861213684	-0.08275807648897171	0.20969314873218536	0.03317504748702049	0.2807557284832001	0.022979537025094032	0.041887007653713226	0.1236206591129303	-0.09564357250928879	-0.09378518164157867	-0.015096466057002544	0.13729622960090637	0.0019495021551847458	-0.08581503480672836	0.06965646892786026	-0.13563735783100128	0.015345461666584015	-0.14986073970794678	0.11783524602651596	-0.1480482965707779	-0.04694536328315735	-0.07334865629673004	0.08888301998376846	0.025236735120415688	-0.05234674736857414	0.24445238709449768	0.06610889732837677	0.2988368570804596	-0.09608327597379684	-0.029729869216680527	-0.01682968996465206	-0.0963536873459816	0.08629350364208221	0.08877281099557877	-0.2548385262489319	0.1682453751564026	-0.01796971820294857	-0.11370789259672165	0.12307143956422806	0.15179064869880676
-0.05415252596139908	-0.09731362015008926	0.05194571241736412	-0.00553659163415432	-0.15175893902778625	-0.012794469483196735	0.0390373170375824	0.004225258249789476	-0.04487108066678047	0.09852460026741028	0.037351448088884354	0.03386569768190384	0.1407393515110016	0.0003388742625247687	-0.15014541149139404	0.014459826052188873	0.057090576738119125	0.10660281032323837	-0.008849105797708035	-0.06075453758239746	0.05968165397644043	-0.024438519030809402	0.004204956814646721	0.08449626713991165	-0.13179434835910797	-0.002134911948814988	-0.07244612276554108	-0.01775633916258812	-0.053626928478479385	0.20001815259456635	-0.020886274054646492	0.017919111996889114	-0.08166221529245377	0.07497729361057281	-0.04814353957772255	0.0029862031806260347	-0.03327608108520508	-0.11444205045700073	0.0047659436240792274	0.013603107072412968	-0.05097266286611557	-0.015266401693224907	-0.026352521032094955	-0.08443218469619751	-0.03778832405805588	-0.06266190111637115	-0.05184037983417511	-0.09949227422475815	-0.05123601853847504	-0.02845887467265129	-0.08347418904304504	-0.10221056640148163	-0.08409161865711212	0.05625427886843681	-0.04349922388792038	-0.011190029792487621	0.08501653373241425	-0.04442061111330986	0.01944071613252163	0.016771839931607246	-0.007248962298035622	-0.07684379816055298	-0.04922841489315033	0.0375390350818634
-0.003464240115135908	0.08831239491701126	-0.1018550843000412	-0.15006157755851746	0.01478763297200203	-0.032335326075553894	0.08015965670347214	-0.01884722337126732	-0.015947559848427773	0.16448166966438293	0.009359411895275116	-0.06761805713176727	-0.028882067650556564	-0.07193989306688309	-0.07250215858221054	0.04543827474117279	-0.015443217009305954	-0.23626163601875305	0.01782657764852047	0.26581284403800964	0.09899436682462692	-0.0811660960316658	0.03123830258846283	-0.20845583081245422	0.1292927861213684	-0.08275807648897171	0.20969314873218536	0.03317504748702049	0.2807557284832001	0.022979537025094032	0.041887007653713226	0.1236206591129303	-0.09564357250928879	-0.09378518164157867	-0.015096466057002544	0.13729622960090637	0.0019495021551847458	-0.08581503480672836	0.06965646892786026	-0.13563735783100128	0.015345461666584015	-0.14986073970794678	0.11783524602651596	-0.1480482965707779	-0.04694536328315735	-0.07334865629673004	0.08888301998376846	0.025236735120415688	-0.05234674736857414	0.24445238709449768	0.06610889732837677	0.2988368570804596	-0.09608327597379684	-0.029729869216680527	-0.01682968996465206	-0.0963536873459816	0.08629350364208221	0.08877281099557877	-0.2548385262489319	0.1682453751564026	-0.01796971820294857	-0.11370789259672165	0.12307143956422806	0.15179064869880676
-0.003464240115135908	0.08831239491701126	-0.1018550843000412	-0.15006157755851746	0.01478763297200203	-0.032335326075553894	0.08015965670347214	-0.01884722337126732	-0.015947559848427773	0.16448166966438293	0.009359411895275116	-0.06761805713176727	-0.028882067650556564	-0.07193989306688309	-0.07250215858221054	0.04543827474117279	-0.015443217009305954	-0.23626163601875305	0.01782657764852047	0.26581284403800964	0.09899436682462692	-0.0811660960316658	0.03123830258846283	-0.20845583081245422	0.1292927861213684	-0.08275807648897171	0.20969314873218536	0.03317504748702049	0.2807557284832001	0.022979537025094032	0.041887007653713226	0.1236206591129303	-0.09564357250928879	-0.09378518164157867	-0.015096466057002544	0.13729622960090637	0.0019495021551847458	-0.08581503480672836	0.06965646892786026	-0.13563735783100128	0.015345461666584015	-0.14986073970794678	0.11783524602651596	-0.1480482965707779	-0.04694536328315735	-0.07334865629673004	0.08888301998376846	0.025236735120415688	-0.05234674736857414	0.24445238709449768	0.06610889732837677	0.2988368570804596	-0.09608327597379684	-0.029729869216680527	-0.01682968996465206	-0.0963536873459816	0.08629350364208221	0.08877281099557877	-0.2548385262489319	0.1682453751564026	-0.01796971820294857	-0.11370789259672165	0.12307143956422806	0.15179064869880676
-0.05415252596139908	-0.09731362015008926	0.05194571241736412	-0.00553659163415432	-0.15175893902778625	-0.012794469483196735	0.0390373170375824	0.004225258249789476	-0.04487108066678047	0.09852460026741028	0.037351448088884354	0.03386569768190384	0.1407393515110016	0.0003388742625247687	-0.15014541149139404	0.014459826052188873	0.057090576738119125	0.10660281032323837	-0.008849105797708035	-0.06075453758239746	0.05968165397644043	-0.024438519030809402	0.004204956814646721	0.08449626713991165	-0.13179434835910797	-0.002134911948814988	-0.07244612276554108	-0.01775633916258812	-0.053626928478479385	0.20001815259456635	-0.020886274054646492	0.017919111996889114	-0.08166221529245377	0.07497729361057281	-0.04814353957772255	0.0029862031806260347	-0.03327608108520508	-0.11444205045700073	0.0047659436240792274	0.013603107072412968	-0.05097266286611557	-0.015266401693224907	-0.026352521032094955	-0.08443218469619751	-0.03778832405805588	-0.06266190111637115	-0.05184037983417511	-0.09949227422475815	-0.05123601853847504	-0.02845887467265129	-0.08347418904304504	-0.10221056640148163	-0.08409161865711212	0.05625427886843681	-0.04349922388792038	-0.011190029792487621	0.08501653373241425	-0.04442061111330986	0.01944071613252163	0.016771839931607246	-0.007248962298035622	-0.07684379816055298	-0.04922841489315033	0.0375390350818634
-0.003464240115135908	0.08831239491701126	-0.1018550843000412	-0.15006157755851746	0.01478763297200203	-0.032335326075553894	0.08015965670347214	-0.01884722337126732	-0.015947559848427773	0.16448166966438293	0.009359411895275116	-0.06761805713176727	-0.028882067650556564	-0.07193989306688309	-0.07250215858221054	0.04543827474117279	-0.015443217009305954	-0.23626163601875305	0.01782657764852047	0.26581284403800964	0.09899436682462692	-0.0811660960316658	0.03123830258846283	-0.20845583081245422	0.1292927861213684	-0.08275807648897171	0.20969314873218536	0.03317504748702049	0.2807557284832001	0.022979537025094032	0.041887007653713226	0.1236206591129303	-0.09564357250928879	-0.09378518164157867	-0.015096466057002544	0.13729622960090637	0.0019495021551847458	-0.08581503480672836	0.06965646892786026	-0.13563735783100128	0.015345461666584015	-0.14986073970794678	0.11783524602651596	-0.1480482965707779	-0.04694536328315735	-0.07334865629673004	0.08888301998376846	0.025236735120415688	-0.05234674736857414	0.24445238709449768	0.06610889732837677	0.2988368570804596	-0.09608327597379684	-0.029729869216680527	-0.01682968996465206	-0.0963536873459816	0.08629350364208221	0.08877281099557877	-0.2548385262489319	0.1682453751564026	-0.01796971820294857	-0.11370789259672165	0.12307143956422806	0.15179064869880676
-0.003464240115135908	0.08831239491701126	-0.1018550843000412	-0.15006157755851746	0.01478763297200203	-0.032335326075553894	0.08015965670347214	-0.01884722337126732	-0.015947559848427773	0.16448166966438293	0.009359411895275116	-0.06761805713176727	-0.028882067650556564	-0.07193989306688309	-0.07250215858221054	0.04543827474117279	-0.015443217009305954	-0.23626163601875305	0.01782657764852047	0.26581284403800964	0.09899436682462692	-0.0811660960316658	0.03123830258846283	-0.20845583081245422	0.1292927861213684	-0.08275807648897171	0.20969314873218536	0.03317504748702049	0.2807557284832001	0.022979537025094032	0.041887007653713226	0.1236206591129303	-0.09564357250928879	-0.09378518164157867	-0.015096466057002544	0.13729622960090637	0.0019495021551847458	-0.08581503480672836	0.06965646892786026	-0.13563735783100128	0.015345461666584015	-0.14986073970794678	0.11783524602651596	-0.1480482965707779	-0.04694536328315735	-0.07334865629673004	0.08888301998376846	0.025236735120415688	-0.05234674736857414	0.24445238709449768	0.06610889732837677	0.2988368570804596	-0.09608327597379684	-0.029729869216680527	-0.01682968996465206	-0.0963536873459816	0.08629350364208221	0.08877281099557877	-0.2548385262489319	0.1682453751564026	-0.01796971820294857	-0.11370789259672165	0.12307143956422806	0.15179064869880676
-0.07583089172840118	0.1548813134431839	-0.023502053692936897	0.046011991798877716	0.09905874729156494	-0.12846434116363525	-0.09718049317598343	-0.012068027630448341	-0.04282863810658455	-0.24094752967357635	-0.0918889120221138	-0.10374733805656433	-0.013719058595597744	0.07049937546253204	-0.26458147168159485	-0.059393465518951416	-0.2310243546962738	0.25690901279449463	-0.1642841398715973	-0.308129221200943	0.14804935455322266	-0.03844616562128067	-0.21360516548156738	0.16822782158851624	-0.004977526143193245	-0.20785857737064362	0.04563566669821739	-0.03671136125922203	-0.12498302757740021	0.16977311670780182	-0.21586531400680542	0.02378316968679428	0.12950335443019867	-0.021169770509004593	-0.04467152804136276	-0.03388182446360588	0.031493861228227615	0.02039790339767933	0.016703100875020027	-0.023359086364507675	-0.21701589226722717	0.13892368972301483	-0.09431672096252441	0.19872047007083893	0.1997494250535965	0.07444683462381363	-0.1734880805015564	-0.01088742446154356	0.0686965361237526	-0.10892776399850845	-0.020133832469582558	-0.0993184968829155	0.033174555748701096	-0.01112400833517313	0.06416906416416168	0.01721571944653988	-0.12926602363586426	-0.0048854900524020195	0.27416375279426575	0.05699137598276138	0.15242566168308258	0.03750953450798988	0.022052280604839325	-0.037245556712150574
-0.003464240115135908	0.08831239491701126	-0.1018550843000412	-0.15006157755851746	0.01478763297200203	-0.032335326075553894	0.08015965670347214	-0.01884722337126732	-0.015947559848427773	0.16448166966438293	0.009359411895275116	-0.06761805713176727	-0.028882067650556564	-0.07193989306688309	-0.07250215858221054	0.04543827474117279	-0.015443217009305954	-0.23626163601875305	0.01782657764852047	0.26581284403800964	0.09899436682462692	-0.0811660960316658	0.03123830258846283	-0.20845583081245422	0.1292927861213684	-0.08275807648897171	0.20969314873218536	0.03317504748702049	0.2807557284832001	0.022979537025094032	0.041887007653713226	0.1236206591129303	-0.09564357250928879	-0.09378518164157867	-0.015096466057002544	0.13729622960090637	0.0019495021551847458	-0.08581503480672836	0.06965646892786026	-0.13563735783100128	0.015345461666584015	-0.14986073970794678	0.11783524602651596	-0.1480482965707779	-0.04694536328315735	-0.07334865629673004	0.08888301998376846	0.025236735120415688	-0.05234674736857414	0.24445238709449768	0.06610889732837677	0.2988368570804596	-0.09608327597379684	-0.029729869216680527	-0.01682968996465206	-0.0963536873459816	0.08629350364208221	0.08877281099557877	-0.2548385262489319	0.1682453751564026	-0.01796971820294857	-0.11370789259672165	0.12307143956422806	0.15179064869880676
-0.05415252596139908	-0.09731362015008926	0.05194571241736412	-0.00553659163415432	-0.15175893902778625	-0.012794469483196735	0.0390373170375824	0.004225258249789476	-0.04487108066678047	0.09852460026741028	0.037351448088884354	0.03386569768190384	0.1407393515110016	0.0003388742625247687	-0.15014541149139404	0.014459826052188873	0.057090576738119125	0.10660281032323837	-0.008849105797708035	-0.06075453758239746	0.05968165397644043	-0.024438519030809402	0.004204956814646721	0.08449626713991165	-0.13179434835910797	-0.002134911948814988	-0.07244612276554108	-0.01775633916258812	-0.053626928478479385	0.20001815259456635	-0.020886274054646492	0.017919111996889114	-0.08166221529245377	0.07497729361057281	-0.04814353957772255	0.0029862031806260347	-0.03327608108520508	-0.11444205045700073	0.0047659436240792274	0.013603107072412968	-0.05097266286611557	-0.015266401693224907	-0.026352521032094955	-0.08443218469619751	-0.03778832405805588	-0.06266190111637115	-0.05184037983417511	-0.09949227422475815	-0.05123601853847504	-0.02845887467265129	-0.08347418904304504	-0.10221056640148163	-0.08409161865711212	0.05625427886843681	-0.04349922388792038	-0.011190029792487621	0.08501653373241425	-0.04442061111330986	0.01944071613252163	0.016771839931607246	-0.007248962298035622	-0.07684379816055298	-0.04922841489315033	0.0375390350818634
-0.07583089172840118	0.1548813134431839	-0.023502053692936897	0.046011991798877716	0.09905874729156494	-0.12846434116363525	-0.09718049317598343	-0.012068027630448341	-0.04282863810658455	-0.24094752967357635	-0.0918889120221138	-0.10374733805656433	-0.013719058595597744	0.07049937546253204	-0.26458147168159485	-0.059393465518951416	-0.2310243546962738	0.25690901279449463	-0.1642841398715973	-0.308129221200943	0.14804935455322266	-0.03844616562128067	-0.21360516548156738	0.16822782158851624	-0.004977526143193245	-0.20785857737064362	0.04563566669821739	-0.03671136125922203	-0.12498302757740021	0.16977311670780182	-0.21586531400680542	0.02378316968679428	0.12950335443019867	-0.021169770509004593	-0.04467152804136276	-0.03388182446360588	0.031493861228227615	0.02039790339767933	0.016703100875020027	-0.023359086364507675	-0.21701589226722717	0.13892368972301483	-0.09431672096252441	0.19872047007083893	0.1997494250535965	0.07444683462381363	-0.1734880805015564	-0.01088742446154356	0.0686965361237526	-0.10892776399850845	-0.020133832469582558	-0.0993184968829155	0.033174555748701096	-0.01112400833517313	0.06416906416416168	0.01721571944653988	-0.12926602363586426	-0.0048854900524020195	0.27416375279426575	0.05699137598276138	0.15242566168308258	0.03750953450798988	0.022052280604839325	-0.037245556712150574
-0.003464240115135908	0.08831239491701126	-0.1018550843000412	-0.15006157755851746	0.01478763297200203	-0.032335326075553894	0.08015965670347214	-0.01884722337126732	-0.015947559848427773	0.16448166966438293	0.009359411895275116	-0.06761805713176727	-0.028882067650556564	-0.07193989306688309	-0.07250215858221054	0.04543827474117279	-0.015443217009305954	-0.23626163601875305	0.01782657764852047	0.26581284403800964	0.09899436682462692	-0.0811660960316658	0.03123830258846283	-0.20845583081245422	0.1292927861213684	-0.08275807648897171	0.20969314873218536	0.03317504748702049	0.2807557284832001	0.022979537025094032	0.041887007653713226	0.1236206591129303	-0.09564357250928879	-0.09378518164157867	-0.015096466057002544	0.13729622960090637	0.0019495021551847458	-0.08581503480672836	0.06965646892786026	-0.13563735783100128	0.015345461666584015	-0.14986073970794678	0.11783524602651596	-0.1480482965707779	-0.04694536328315735	-0.07334865629673004	0.08888301998376846	0.025236735120415688	-0.05234674736857414	0.24445238709449768	0.06610889732837677	0.2988368570804596	-0.09608327597379684	-0.029729869216680527	-0.01682968996465206	-0.0963536873459816	0.08629350364208221	0.08877281099557877	-0.2548385262489319	0.1682453751564026	-0.01796971820294857	-0.11370789259672165	0.12307143956422806	0.15179064869880676
-0.05415252596139908	-0.09731362015008926	0.05194571241736412	-0.00553659163415432	-0.15175893902778625	-0.012794469483196735	0.0390373170375824	0.004225258249789476	-0.04487108066678047	0.09852460026741028	0.037351448088884354	0.03386569768190384	0.1407393515110016	0.0003388742625247687	-0.15014541149139404	0.014459826052188873	0.057090576738119125	0.10660281032323837	-0.008849105797708035	-0.06075453758239746	0.05968165397644043	-0.024438519030809402	0.004204956814646721	0.08449626713991165	-0.13179434835910797	-0.002134911948814988	-0.07244612276554108	-0.01775633916258812	-0.053626928478479385	0.20001815259456635	-0.020886274054646492	0.017919111996889114	-0.08166221529245377	0.07497729361057281	-0.04814353957772255	0.0029862031806260347	-0.03327608108520508	-0.11444205045700073	0.0047659436240792274	0.013603107072412968	-0.05097266286611557	-0.015266401693224907	-0.026352521032094955	-0.08443218469619751	-0.03778832405805588	-0.06266190111637115	-0.05184037983417511	-0.09949227422475815	-0.05123601853847504	-0.02845887467265129	-0.08347418904304504	-0.10221056640148163	-0.08409161865711212	0.05625427886843681	-0.04349922388792038	-0.011190029792487621	0.08501653373241425	-0.04442061111330986	0.01944071613252163	0.016771839931607246	-0.007248962298035622	-0.07684379816055298	-0.04922841489315033	0.0375390350818634
-0.07583089172840118	0.1548813134431839	-0.023502053692936897	0.046011991798877716	0.09905874729156494	-0.12846434116363525	-0.09718049317598343	-0.012068027630448341	-0.04282863810658455	-0.24094752967357635	-0.0918889120221138	-0.10374733805656433	-0.013719058595597744	0.07049937546253204	-0.26458147168159485	-0.059393465518951416	-0.2310243546962738	0.25690901279449463	-0.1642841398715973	-0.308129221200943	0.14804935455322266	-0.03844616562128067	-0.21360516548156738	0.16822782158851624	-0.004977526143193245	-0.20785857737064362	0.04563566669821739	-0.03671136125922203	-0.12498302757740021	0.16977311670780182	-0.21586531400680542	0.02378316968679428	0.12950335443019867	-0.021169770509004593	-0.04467152804136276	-0.03388182446360588	0.031493861228227615	0.02039790339767933	0.016703100875020027	-0.023359086364507675	-0.21701589226722717	0.13892368972301483	-0.09431672096252441	0.19872047007083893	0.1997494250535965	0.07444683462381363	-0.1734880805015564	-0.01088742446154356	0.0686965361237526	-0.10892776399850845	-0.020133832469582558	-0.0993184968829155	0.033174555748701096	-0.01112400833517313	0.06416906416416168	0.01721571944653988	-0.12926602363586426	-0.0048854900524020195	0.27416375279426575	0.05699137598276138	0.15242566168308258	0.03750953450798988	0.022052280604839325	-0.037245556712150574
-0.05415252596139908	-0.09731362015008926	0.05194571241736412	-0.00553659163415432	-0.15175893902778625	-0.012794469483196735	0.0390373170375824	0.004225258249789476	-0.04487108066678047	0.09852460026741028	0.037351448088884354	0.03386569768190384	0.1407393515110016	0.0003388742625247687	-0.15014541149139404	0.014459826052188873	0.057090576738119125	0.10660281032323837	-0.008849105797708035	-0.06075453758239746	0.05968165397644043	-0.024438519030809402	0.004204956814646721	0.08449626713991165	-0.13179434835910797	-0.002134911948814988	-0.07244612276554108	-0.01775633916258812	-0.053626928478479385	0.20001815259456635	-0.020886274054646492	0.017919111996889114	-0.08166221529245377	0.07497729361057281	-0.04814353957772255	0.0029862031806260347	-0.03327608108520508	-0.11444205045700073	0.0047659436240792274	0.013603107072412968	-0.05097266286611557	-0.015266401693224907	-0.026352521032094955	-0.08443218469619751	-0.03778832405805588	-0.06266190111637115	-0.05184037983417511	-0.09949227422475815	-0.05123601853847504	-0.02845887467265129	-0.08347418904304504	-0.10221056640148163	-0.08409161865711212	0.05625427886843681	-0.04349922388792038	-0.011190029792487621	0.08501653373241425	-0.04442061111330986	0.01944071613252163	0.016771839931607246	-0.007248962298035622	-0.07684379816055298	-0.04922841489315033	0.0375390350818634
-0.05415252596139908	-0.09731362015008926	0.05194571241736412	-0.00553659163415432	-0.15175893902778625	-0.012794469483196735	0.0390373170375824	0.004225258249789476	-0.04487108066678047	0.09852460026741028	0.037351448088884354	0.03386569768190384	0.1407393515110016	0.0003388742625247687	-0.15014541149139404	0.014459826052188873	0.057090576738119125	0.10660281032323837	-0.008849105797708035	-0.06075453758239746	0.05968165397644043	-0.024438519030809402	0.004204956814646721	0.08449626713991165	-0.13179434835910797	-0.002134911948814988	-0.07244612276554108	-0.01775633916258812	-0.053626928478479385	0.20001815259456635	-0.020886274054646492	0.017919111996889114	-0.08166221529245377	0.07497729361057281	-0.04814353957772255	0.0029862031806260347	-0.03327608108520508	-0.11444205045700073	0.0047659436240792274	0.013603107072412968	-0.05097266286611557	-0.015266401693224907	-0.026352521032094955	-0.08443218469619751	-0.03778832405805588	-0.06266190111637115	-0.05184037983417511	-0.09949227422475815	-0.05123601853847504	-0.02845887467265129	-0.08347418904304504	-0.10221056640148163	-0.08409161865711212	0.05625427886843681	-0.04349922388792038	-0.011190029792487621	0.08501653373241425	-0.04442061111330986	0.01944071613252163	0.016771839931607246	-0.007248962298035622	-0.07684379816055298	-0.04922841489315033	0.0375390350818634
0.11929653584957123	-0.0013416704023256898	0.06346648931503296	0.07859935611486435	0.18602889776229858	-0.09999958425760269	-0.09204372018575668	-0.07183012366294861	0.02568877674639225	-0.03807350620627403	0.13054995238780975	-0.07965318113565445	-0.29279208183288574	0.17273642122745514	0.3825731575489044	-0.07860445976257324	-0.1594419628381729	-0.19594918191432953	0.35280442237854004	0.07716010510921478	-0.1617400050163269	-0.12103654444217682	0.10447199642658234	0.015289222821593285	0.12317374348640442	0.18608412146568298	-0.1169435977935791	-0.018949195742607117	0.07766702026128769	-0.30611807107925415	0.00857866182923317	-0.08885952085256577	0.2663250267505646	-0.07047044485807419	-0.015217375010251999	-0.04293941333889961	-0.03440077230334282	0.05162651091814041	0.047778308391571045	-0.10578722506761551	0.16154342889785767	0.03795325383543968	0.12309648841619492	0.21467114984989166	-0.13590018451213837	0.15221019089221954	0.013507218100130558	0.13001225888729095	0.22255493700504303	-0.15607072412967682	0.020780721679329872	-0.08676879853010178	0.0879824161529541	-0.2628805339336395	0.14090432226657867	-0.0421048067510128	-0.1764722317457199	-0.07714303582906723	0.012470999732613564	-0.2303338348865509	0.03822740167379379	0.1674206703901291	-0.05803913250565529	0.15890569984912872
0.08038521558046341	0.0005135754472576082	-0.03376169502735138	0.23375463485717773	0.1294708102941513	0.14429903030395508	-0.07833225280046463	0.06580182909965515	-0.11050254851579666	0.1977536976337433	-0.12655436992645264	-0.30332252383232117	-0.07545731216669083	-0.2094477117061615	0.27855631709098816	0.05201869457960129	-0.21266701817512512	0.06642396748065948	-0.24257884919643402	0.31215059757232666	-0.14309075474739075	0.09932616353034973	0.08049463480710983	0.04576275497674942	0.22676925361156464	0.26980677247047424	-0.007524337153881788	0.31235137581825256	0.1862468272447586	-0.36587899923324585	0.021694915369153023	0.15989486873149872	0.003825615392997861	0.00021981954341754317	-0.04099944978952408	-0.0265986118465662	0.11322177946567535	0.21519088745117188	-0.0234165508300066	0.09166724979877472	0.21209150552749634	0.12371693551540375	0.08245421946048737	0.05577344074845314	0.12155060470104218	-0.11637064814567566	0.18642176687717438	0.16492027044296265	-0.19432726502418518	-0.125377357006073	0.07976943254470825	0.09477081149816513	0.1760140061378479	0.0550137497484684	-0.005199932027608156	-0.07530691474676132	-0.039003636687994	0.03430863097310066	-0.11450127512216568	-0.06632666289806366	0.08638633042573929	-0.14672110974788666	0.10121762752532959	0.058468081057071686
-0.003464240115135908	0.08831239491701126	-0.1018550843000412	-0.15006157755851746	0.01478763297200203	-0.032335326075553894	0.08015965670347214	-0.01884722337126732	-0.015947559848427773	0.16448166966438293	0.009359411895275116	-0.06761805713176727	-0.028882067650556564	-0.07193989306688309	-0.07250215858221054	0.04543827474117279	-0.015443217009305954	-0.23626163601875305	0.01782657764852047	0.26581284403800964	0.09899436682462692	-0.0811660960316658	0.03123830258846283	-0.20845583081245422	0.1292927861213684	-0.08275807648897171	0.20969314873218536	0.03317504748702049	0.2807557284832001	0.022979537025094032	0.041887007653713226	0.1236206591129303	-0.09564357250928879	-0.09378518164157867	-0.015096466057002544	0.13729622960090637	0.0019495021551847458	-0.08581503480672836	0.06965646892786026	-0.13563735783100128	0.015345461666584015	-0.14986073970794678	0.11783524602651596	-0.1480482965707779	-0.04694536328315735	-0.07334865629673004	0.08888301998376846	0.025236735120415688	-0.05234674736857414	0.24445238709449768	0.06610889732837677	0.2988368570804596	-0.09608327597379684	-0.029729869216680527	-0.01682968996465206	-0.0963536873459816	0.08629350364208221	0.08877281099557877	-0.2548385262489319	0.1682453751564026	-0.01796971820294857	-0.11370789259672165	0.12307143956422806	0.15179064869880676
-0.05415252596139908	-0.09731362015008926	0.05194571241736412	-0.00553659163415432	-0.15175893902778625	-0.012794469483196735	0.0390373170375824	0.004225258249789476	-0.04487108066678047	0.09852460026741028	0.037351448088884354	0.03386569768190384	0.1407393515110016	0.0003388742625247687	-0.15014541149139404	0.014459826052188873	0.057090576738119125	0.10660281032323837	-0.008849105797708035	-0.06075453758239746	0.05968165397644043	-0.024438519030809402	0.004204956814646721	0.08449626713991165	-0.13179434835910797	-0.002134911948814988	-0.07244612276554108	-0.01775633916258812	-0.053626928478479385	0.20001815259456635	-0.020886274054646492	0.017919111996889114	-0.08166221529245377	0.07497729361057281	-0.04814353957772255	0.0029862031806260347	-0.03327608108520508	-0.11444205045700073	0.0047659436240792274	0.013603107072412968	-0.05097266286611557	-0.015266401693224907	-0.026352521032094955	-0.08443218469619751	-0.03778832405805588	-0.06266190111637115	-0.05184037983417511	-0.09949227422475815	-0.05123601853847504	-0.02845887467265129	-0.08347418904304504	-0.10221056640148163	-0.08409161865711212	0.05625427886843681	-0.04349922388792038	-0.011190029792487621	0.08501653373241425	-0.04442061111330986	0.01944071613252163	0.016771839931607246	-0.007248962298035622	-0.07684379816055298	-0.04922841489315033	0.0375390350818634
-0.003464240115135908	0.08831239491701126	-0.1018550843000412	-0.15006157755851746	0.01478763297200203	-0.032335326075553894	0.08015965670347214	-0.01884722337126732	-0.015947559848427773	0.16448166966438293	0.009359411895275116	-0.06761805713176727	-0.028882067650556564	-0.07193989306688309	-0.07250215858221054	0.04543827474117279	-0.015443217009305954	-0.23626163601875305	0.01782657764852047	0.26581284403800964	0.09899436682462692	-0.0811660960316658	0.03123830258846283	-0.20845583081245422	0.1292927861213684	-0.08275807648897171	0.20969314873218536	0.03317504748702049	0.2807557284832001	0.022979537025094032	0.041887007653713226	0.1236206591129303	-0.09564357250928879	-0.09378518164157867	-0.015096466057002544	0.13729622960090637	0.0019495021551847458	-0.08581503480672836	0.06965646892786026	-0.13563735783100128	0.015345461666584015	-0.14986073970794678	0.11783524602651596	-0.1480482965707779	-0.04694536328315735	-0.07334865629673004	0.08888301998376846	0.025236735120415688	-0.05234674736857414	0.24445238709449768	0.06610889732837677	0.2988368570804596	-0.09608327597379684	-0.029729869216680527	-0.01682968996465206	-0.0963536873459816	0.08629350364208221	0.08877281099557877	-0.2548385262489319	0.1682453751564026	-0.01796971820294857	-0.11370789259672165	0.12307143956422806	0.15179064869880676
-0.07583089172840118	0.1548813134431839	-0.023502053692936897	0.046011991798877716	0.09905874729156494	-0.12846434116363525	-0.09718049317598343	-0.012068027630448341	-0.04282863810658455	-0.24094752967357635	-0.0918889120221138	-0.10374733805656433	-0.013719058595597744	0.07049937546253204	-0.26458147168159485	-0.059393465518951416	-0.2310243546962738	0.25690901279449463	-0.1642841398715973	-0.308129221200943	0.14804935455322266	-0.03844616562128067	-0.21360516548156738	0.16822782158851624	-0.004977526143193245	-0.20785857737064362	0.04563566669821739	-0.03671136125922203	-0.12498302757740021	0.16977311670780182	-0.21586531400680542	0.02378316968679428	0.12950335443019867	-0.021169770509004593	-0.04467152804136276	-0.03388182446360588	0.031493861228227615	0.02039790339767933	0.016703100875020027	-0.023359086364507675	-0.21701589226722717	0.13892368972301483	-0.09431672096252441	0.19872047007083893	0.1997494250535965	0.07444683462381363	-0.1734880805015564	-0.01088742446154356	0.0686965361237526	-0.10892776399850845	-0.020133832469582558	-0.0993184968829155	0.033174555748701096	-0.01112400833517313	0.06416906416416168	0.01721571944653988	-0.12926602363586426	-0.0048854900524020195	0.27416375279426575	0.05699137598276138	0.15242566168308258	0.03750953450798988	0.022052280604839325	-0.037245556712150574
-0.003464240115135908	0.08831239491701126	-0.1018550843000412	-0.15006157755851746	0.01478763297200203	-0.032335326075553894	0.08015965670347214	-0.01884722337126732	-0.015947559848427773	0.16448166966438293	0.009359411895275116	-0.06761805713176727	-0.028882067650556564	-0.07193989306688309	-0.07250215858221054	0.04543827474117279	-0.015443217009305954	-0.23626163601875305	0.01782657764852047	0.26581284403800964	0.09899436682462692	-0.0811660960316658	0.03123830258846283	-0.20845583081245422	0.1292927861213684	-0.08275807648897171	0.20969314873218536	0.03317504748702049	0.2807557284832001	0.022979537025094032	0.041887007653713226	0.1236206591129303	-0.09564357250928879	-0.09378518164157867	-0.015096466057002544	0.13729622960090637	0.0019495021551847458	-0.08581503480672836	0.06965646892786026	-0.13563735783100128	0.015345461666584015	-0.14986073970794678	0.11783524602651596	-0.1480482965707779	-0.04694536328315735	-0.07334865629673004	0.08888301998376846	0.025236735120415688	-0.05234674736857414	0.24445238709449768	0.06610889732837677	0.2988368570804596	-0.09608327597379684	-0.029729869216680527	-0.01682968996465206	-0.0963536873459816	0.08629350364208221	0.08877281099557877	-0.2548385262489319	0.1682453751564026	-0.01796971820294857	-0.11370789259672165	0.12307143956422806	0.15179064869880676
-0.003464240115135908	0.08831239491701126	-0.1018550843000412	-0.15006157755851746	0.01478763297200203	-0.032335326075553894	0.08015965670347214	-0.01884722337126732	-0.015947559848427773	0.16448166966438293	0.009359411895275116	-0.06761805713176727	-0.028882067650556564	-0.07193989306688309	-0.07250215858221054	0.04543827474117279	-0.015443217009305954	-0.23626163601875305	0.01782657764852047	0.26581284403800964	0.09899436682462692	-0.0811660960316658	0.03123830258846283	-0.20845583081245422	0.1292927861213684	-0.08275807648897171	0.20969314873218536	0.03317504748702049	0.2807557284832001	0.022979537025094032	0.041887007653713226	0.1236206591129303	-0.09564357250928879	-0.09378518164157867	-0.015096466057002544	0.13729622960090637	0.0019495021551847458	-0.08581503480672836	0.06965646892786026	-0.13563735783100128	0.015345461666584015	-0.14986073970794678	0.11783524602651596	-0.1480482965707779	-0.04694536328315735	-0.07334865629673004	0.08888301998376846	0.025236735120415688	-0.05234674736857414	0.24445238709449768	0.06610889732837677	0.2988368570804596	-0.09608327597379684	-0.029729869216680527	-0.01682968996465206	-0.0963536873459816	0.08629350364208221	0.08877281099557877	-0.2548385262489319	0.1682453751564026	-0.01796971820294857	-0.11370789259672165	0.12307143956422806	0.15179064869880676
-0.003464240115135908	0.08831239491701126	-0.1018550843000412	-0.15006157755851746	0.01478763297200203	-0.032335326075553894	0.08015965670347214	-0.01884722337126732	-0.015947559848427773	0.16448166966438293	0.009359411895275116	-0.06761805713176727	-0.028882067650556564	-0.07193989306688309	-0.07250215858221054	0.04543827474117279	-0.015443217009305954	-0.23626163601875305	0.01782657764852047	0.26581284403800964	0.09899436682462692	-0.0811660960316658	0.03123830258846283	-0.20845583081245422	0.1292927861213684	-0.08275807648897171	0.20969314873218536	0.03317504748702049	0.2807557284832001	0.022979537025094032	0.041887007653713226	0.1236206591129303	-0.09564357250928879	-0.09378518164157867	-0.015096466057002544	0.13729622960090637	0.0019495021551847458	-0.08581503480672836	0.06965646892786026	-0.13563735783100128	0.015345461666584015	-0.14986073970794678	0.11783524602651596	-0.1480482965707779	-0.04694536328315735	-0.07334865629673004	0.08888301998376846	0.025236735120415688	-0.05234674736857414	0.24445238709449768	0.06610889732837677	0.2988368570804596	-0.09608327597379684	-0.029729869216680527	-0.01682968996465206	-0.0963536873459816	0.08629350364208221	0.08877281099557877	-0.2548385262489319	0.1682453751564026	-0.01796971820294857	-0.11370789259672165	0.12307143956422806	0.15179064869880676
-0.05415252596139908	-0.09731362015008926	0.05194571241736412	-0.00553659163415432	-0.15175893902778625	-0.012794469483196735	0.0390373170375824	0.004225258249789476	-0.04487108066678047	0.09852460026741028	0.037351448088884354	0.03386569768190384	0.1407393515110016	0.0003388742625247687	-0.15014541149139404	0.014459826052188873	0.057090576738119125	0.10660281032323837	-0.008849105797708035	-0.06075453758239746	0.05968165397644043	-0.024438519030809402	0.004204956814646721	0.08449626713991165	-0.13179434835910797	-0.002134911948814988	-0.07244612276554108	-0.01775633916258812	-0.053626928478479385	0.20001815259456635	-0.020886274054646492	0.017919111996889114	-0.08166221529245377	0.07497729361057281	-0.04814353957772255	0.0029862031806260347	-0.03327608108520508	-0.11444205045700073	0.0047659436240792274	0.013603107072412968	-0.05097266286611557	-0.015266401693224907	-0.026352521032094955	-0.08443218469619751	-0.03778832405805588	-0.06266190111637115	-0.05184037983417511	-0.09949227422475815	-0.05123601853847504	-0.02845887467265129	-0.08347418904304504	-0.10221056640148163	-0.08409161865711212	0.05625427886843681	-0.04349922388792038	-0.011190029792487621	0.08501653373241425	-0.04442061111330986	0.01944071613252163	0.016771839931607246	-0.007248962298035622	-0.07684379816055298	-0.04922841489315033	0.0375390350818634
-0.003464240115135908	0.08831239491701126	-0.1018550843000412	-0.15006157755851746	0.01478763297200203	-0.032335326075553894	0.08015965670347214	-0.01884722337126732	-0.015947559848427773	0.16448166966438293	0.009359411895275116	-0.06761805713176727	-0.028882067650556564	-0.07193989306688309	-0.07250215858221054	0.04543827474117279	-0.015443217009305954	-0.23626163601875305	0.01782657764852047	0.26581284403800964	0.09899436682462692	-0.0811660960316658	0.03123830258846283	-0.20845583081245422	0.1292927861213684	-0.08275807648897171	0.20969314873218536	0.03317504748702049	0.2807557284832001	0.022979537025094032	0.041887007653713226	0.1236206591129303	-0.09564357250928879	-0.09378518164157867	-0.015096466057002544	0.13729622960090637	0.0019495021551847458	-0.08581503480672836	0.06965646892786026	-0.13563735783100128	0.015345461666584015	-0.14986073970794678	0.11783524602651596	-0.1480482965707779	-0.04694536328315735	-0.07334865629673004	0.08888301998376846	0.025236735120415688	-0.05234674736857414	0.24445238709449768	0.06610889732837677	0.2988368570804596	-0.09608327597379684	-0.029729869216680527	-0.01682968996465206	-0.0963536873459816	0.08629350364208221	0.08877281099557877	-0.2548385262489319	0.1682453751564026	-0.01796971820294857	-0.11370789259672165	0.12307143956422806	0.15179064869880676
-0.003464240115135908	0.08831239491701126	-0.1018550843000412	-0.15006157755851746	0.01478763297200203	-0.032335326075553894	0.08015965670347214	-0.01884722337126732	-0.015947559848427773	0.16448166966438293	0.009359411895275116	-0.06761805713176727	-0.028882067650556564	-0.07193989306688309	-0.07250215858221054	0.04543827474117279	-0.015443217009305954	-0.23626163601875305	0.01782657764852047	0.26581284403800964	0.09899436682462692	-0.0811660960316658	0.03123830258846283	-0.20845583081245422	0.1292927861213684	-0.08275807648897171	0.20969314873218536	0.03317504748702049	0.2807557284832001	0.022979537025094032	0.041887007653713226	0.1236206591129303	-0.09564357250928879	-0.09378518164157867	-0.015096466057002544	0.13729622960090637	0.0019495021551847458	-0.08581503480672836	0.06965646892786026	-0.13563735783100128	0.015345461666584015	-0.14986073970794678	0.11783524602651596	-0.1480482965707779	-0.04694536328315735	-0.07334865629673004	0.08888301998376846	0.025236735120415688	-0.05234674736857414	0.24445238709449768	0.06610889732837677	0.2988368570804596	-0.09608327597379684	-0.029729869216680527	-0.01682968996465206	-0.0963536873459816	0.08629350364208221	0.08877281099557877	-0.2548385262489319	0.1682453751564026	-0.01796971820294857	-0.11370789259672165	0.12307143956422806	0.15179064869880676
-0.003464240115135908	0.08831239491701126	-0.1018550843000412	-0.15006157755851746	0.01478763297200203	-0.032335326075553894	0.08015965670347214	-0.01884722337126732	-0.015947559848427773	0.16448166966438293	0.009359411895275116	-0.06761805713176727	-0.028882067650556564	-0.07193989306688309	-0.07250215858221054	0.04543827474117279	-0.015443217009305954	-0.23626163601875305	0.01782657764852047	0.26581284403800964	0.09899436682462692	-0.0811660960316658	0.03123830258846283	-0.20845583081245422	0.1292927861213684	-0.08275807648897171	0.20969314873218536	0.03317504748702049	0.2807557284832001	0.022979537025094032	0.041887007653713226	0.1236206591129303	-0.09564357250928879	-0.09378518164157867	-0.015096466057002544	0.13729622960090637	0.0019495021551847458	-0.08581503480672836	0.06965646892786026	-0.13563735783100128	0.015345461666584015	-0.14986073970794678	0.11783524602651596	-0.1480482965707779	-0.04694536328315735	-0.07334865629673004	0.08888301998376846	0.025236735120415688	-0.05234674736857414	0.24445238709449768	0.06610889732837677	0.2988368570804596	-0.09608327597379684	-0.029729869216680527	-0.01682968996465206	-0.0963536873459816	0.08629350364208221	0.08877281099557877	-0.2548385262489319	0.1682453751564026	-0.01796971820294857	-0.11370789259672165	0.12307143956422806	0.15179064869880676
-0.05415252596139908	-0.09731362015008926	0.05194571241736412	-0.00553659163415432	-0.15175893902778625	-0.012794469483196735	0.0390373170375824	0.004225258249789476	-0.04487108066678047	0.09852460026741028	0.037351448088884354	0.03386569768190384	0.1407393515110016	0.0003388742625247687	-0.15014541149139404	0.014459826052188873	0.057090576738119125	0.10660281032323837	-0.008849105797708035	-0.06075453758239746	0.05968165397644043	-0.024438519030809402	0.004204956814646721	0.08449626713991165	-0.13179434835910797	-0.002134911948814988	-0.07244612276554108	-0.01775633916258812	-0.053626928478479385	0.20001815259456635	-0.020886274054646492	0.017919111996889114	-0.08166221529245377	0.07497729361057281	-0.04814353957772255	0.0029862031806260347	-0.03327608108520508	-0.11444205045700073	0.0047659436240792274	0.013603107072412968	-0.05097266286611557	-0.015266401693224907	-0.026352521032094955	-0.08443218469619751	-0.03778832405805588	-0.06266190111637115	-0.05184037983417511	-0.09949227422475815	-0.05123601853847504	-0.02845887467265129	-0.08347418904304504	-0.10221056640148163	-0.08409161865711212	0.05625427886843681	-0.04349922388792038	-0.011190029792487621	0.08501653373241425	-0.04442061111330986	0.01944071613252163	0.016771839931607246	-0.007248962298035622	-0.07684379816055298	-0.04922841489315033	0.0375390350818634
-0.05415252596139908	-0.09731362015008926	0.05194571241736412	-0.00553659163415432	-0.15175893902778625	-0.012794469483196735	0.0390373170375824	0.004225258249789476	-0.04487108066678047	0.09852460026741028	0.037351448088884354	0.03386569768190384	0.1407393515110016	0.0003388742625247687	-0.15014541149139404	0.014459826052188873	0.057090576738119125	0.10660281032323837	-0.008849105797708035	-0.06075453758239746	0.05968165397644043	-0.024438519030809402	0.004204956814646721	0.08449626713991165	-0.13179434835910797	-0.002134911948814988	-0.07244612276554108	-0.01775633916258812	-0.053626928478479385	0.20001815259456635	-0.020886274054646492	0.017919111996889114	-0.08166221529245377	0.07497729361057281	-0.04814353957772255	0.0029862031806260347	-0.03327608108520508	-0.11444205045700073	0.0047659436240792274	0.013603107072412968	-0.05097266286611557	-0.015266401693224907	-0.026352521032094955	-0.08443218469619751	-0.03778832405805588	-0.06266190111637115	-0.05184037983417511	-0.09949227422475815	-0.05123601853847504	-0.02845887467265129	-0.08347418904304504	-0.10221056640148163	-0.08409161865711212	0.05625427886843681	-0.04349922388792038	-0.011190029792487621	0.08501653373241425	-0.04442061111330986	0.01944071613252163	0.016771839931607246	-0.007248962298035622	-0.07684379816055298	-0.04922841489315033	0.0375390350818634
-0.003464240115135908	0.08831239491701126	-0.1018550843000412	-0.15006157755851746	0.01478763297200203	-0.032335326075553894	0.08015965670347214	-0.01884722337126732	-0.015947559848427773	0.16448166966438293	0.009359411895275116	-0.06761805713176727	-0.028882067650556564	-0.07193989306688309	-0.07250215858221054	0.04543827474117279	-0.015443217009305954	-0.23626163601875305	0.01782657764852047	0.26581284403800964	0.09899436682462692	-0.0811660960316658	0.03123830258846283	-0.20845583081245422	0.1292927861213684	-0.08275807648897171	0.20969314873218536	0.03317504748702049	0.2807557284832001	0.022979537025094032	0.041887007653713226	0.1236206591129303	-0.09564357250928879	-0.09378518164157867	-0.015096466057002544	0.13729622960090637	0.0019495021551847458	-0.08581503480672836	0.06965646892786026	-0.13563735783100128	0.015345461666584015	-0.14986073970794678	0.11783524602651596	-0.1480482965707779	-0.04694536328315735	-0.07334865629673004	0.08888301998376846	0.025236735120415688	-0.05234674736857414	0.24445238709449768	0.06610889732837677	0.2988368570804596	-0.09608327597379684	-0.029729869216680527	-0.01682968996465206	-0.0963536873459816	0.08629350364208221	0.08877281099557877	-0.2548385262489319	0.1682453751564026	-0.01796971820294857	-0.11370789259672165	0.12307143956422806	0.15179064869880676
-0.003464240115135908	0.08831239491701126	-0.1018550843000412	-0.15006157755851746	0.01478763297200203	-0.032335326075553894	0.08015965670347214	-0.01884722337126732	-0.015947559848427773	0.16448166966438293	0.009359411895275116	-0.06761805713176727	-0.028882067650556564	-0.07193989306688309	-0.07250215858221054	0.04543827474117279	-0.015443217009305954	-0.23626163601875305	0.01782657764852047	0.26581284403800964	0.09899436682462692	-0.0811660960316658	0.03123830258846283	-0.20845583081245422	0.1292927861213684	-0.08275807648897171	0.20969314873218536	0.03317504748702049	0.2807557284832001	0.022979537025094032	0.041887007653713226	0.1236206591129303	-0.09564357250928879	-0.09378518164157867	-0.015096466057002544	0.13729622960090637	0.0019495021551847458	-0.08581503480672836	0.06965646892786026	-0.13563735783100128	0.015345461666584015	-0.14986073970794678	0.11783524602651596	-0.1480482965707779	-0.04694536328315735	-0.07334865629673004	0.08888301998376846	0.025236735120415688	-0.05234674736857414	0.24445238709449768	0.06610889732837677	0.2988368570804596	-0.09608327597379684	-0.029729869216680527	-0.01682968996465206	-0.0963536873459816	0.08629350364208221	0.08877281099557877	-0.2548385262489319	0.1682453751564026	-0.01796971820294857	-0.11370789259672165	0.12307143956422806	0.15179064869880676
0.08038521558046341	0.0005135754472576082	-0.03376169502735138	0.23375463485717773	0.1294708102941513	0.14429903030395508	-0.07833225280046463	0.06580182909965515	-0.11050254851579666	0.1977536976337433	-0.12655436992645264	-0.30332252383232117	-0.07545731216669083	-0.2094477117061615	0.27855631709098816	0.05201869457960129	-0.21266701817512512	0.06642396748065948	-0.24257884919643402	0.31215059757232666	-0.14309075474739075	0.09932616353034973	0.08049463480710983	0.04576275497674942	0.22676925361156464	0.26980677247047424	-0.007524337153881788	0.31235137581825256	0.1862468272447586	-0.36587899923324585	0.021694915369153023	0.15989486873149872	0.003825615392997861	0.00021981954341754317	-0.04099944978952408	-0.0265986118465662	0.11322177946567535	0.21519088745117188	-0.0234165508300066	0.09166724979877472	0.21209150552749634	0.12371693551540375	0.08245421946048737	0.05577344074845314	0.12155060470104218	-0.11637064814567566	0.18642176687717438	0.16492027044296265	-0.19432726502418518	-0.125377357006073	0.07976943254470825	0.09477081149816513	0.1760140061378479	0.0550137497484684	-0.005199932027608156	-0.07530691474676132	-0.039003636687994	0.03430863097310066	-0.11450127512216568	-0.06632666289806366	0.08638633042573929	-0.14672110974788666	0.10121762752532959	0.058468081057071686
0.08038521558046341	0.0005135754472576082	-0.03376169502735138	0.23375463485717773	0.1294708102941513	0.14429903030395508	-0.07833225280046463	0.06580182909965515	-0.11050254851579666	0.1977536976337433	-0.12655436992645264	-0.30332252383232117	-0.07545731216669083	-0.2094477117061615	0.27855631709098816	0.05201869457960129	-0.21266701817512512	0.06642396748065948	-0.24257884919643402	0.31215059757232666	-0.14309075474739075	0.09932616353034973	0.08049463480710983	0.04576275497674942	0.22676925361156464	0.26980677247047424	-0.007524337153881788	0.31235137581825256	0.1862468272447586	-0.36587899923324585	0.021694915369153023	0.15989486873149872	0.003825615392997861	0.00021981954341754317	-0.04099944978952408	-0.0265986118465662	0.11322177946567535	0.21519088745117188	-0.0234165508300066	0.09166724979877472	0.21209150552749634	0.12371693551540375	0.08245421946048737	0.05577344074845314	0.12155060470104218	-0.11637064814567566	0.18642176687717438	0.16492027044296265	-0.19432726502418518	-0.125377357006073	0.07976943254470825	0.09477081149816513	0.1760140061378479	0.0550137497484684	-0.005199932027608156	-0.07530691474676132	-0.039003636687994	0.03430863097310066	-0.11450127512216568	-0.06632666289806366	0.08638633042573929	-0.14672110974788666	0.10121762752532959	0.058468081057071686
-0.05415252596139908	-0.09731362015008926	0.05194571241736412	-0.00553659163415432	-0.15175893902778625	-0.012794469483196735	0.0390373170375824	0.004225258249789476	-0.04487108066678047	0.09852460026741028	0.037351448088884354	0.03386569768190384	0.1407393515110016	0.0003388742625247687	-0.15014541149139404	0.014459826052188873	0.057090576738119125	0.10660281032323837	-0.008849105797708035	-0.06075453758239746	0.05968165397644043	-0.024438519030809402	0.004204956814646721	0.08449626713991165	-0.13179434835910797	-0.002134911948814988	-0.07244612276554108	-0.01775633916258812	-0.053626928478479385	0.20001815259456635	-0.020886274054646492	0.017919111996889114	-0.08166221529245377	0.07497729361057281	-0.04814353957772255	0.0029862031806260347	-0.03327608108520508	-0.11444205045700073	0.0047659436240792274	0.013603107072412968	-0.05097266286611557	-0.015266401693224907	-0.026352521032094955	-0.08443218469619751	-0.03778832405805588	-0.06266190111637115	-0.05184037983417511	-0.09949227422475815	-0.05123601853847504	-0.02845887467265129	-0.08347418904304504	-0.10221056640148163	-0.08409161865711212	0.05625427886843681	-0.04349922388792038	-0.011190029792487621	0.08501653373241425	-0.04442061111330986	0.01944071613252163	0.016771839931607246	-0.007248962298035622	-0.07684379816055298	-0.04922841489315033	0.0375390350818634
0.07451340556144714	-0.1302158385515213	-0.045159127563238144	-0.07461479306221008	-0.07400742918252945	0.013103063218295574	-0.12426639348268509	-0.12178903818130493	0.03863939642906189	-0.09348297119140625	0.01893361657857895	0.22222331166267395	0.025319594889879227	0.18991588056087494	0.1271955817937851	0.027260133996605873	0.15950407087802887	-0.09192687273025513	0.10910259187221527	-0.09660732001066208	-0.11986425518989563	0.14745497703552246	-0.025035033002495766	-0.1561252325773239	-0.10498674213886261	0.0496516227722168	-0.10097085684537888	-0.201327845454216	-0.14734335243701935	-0.056778136640787125	0.08707039803266525	-0.1442296802997589	0.15687334537506104	0.09631402790546417	0.003906262572854757	-0.040699947625398636	-0.08437643200159073	-0.05379484221339226	-0.07886885851621628	-0.06739917397499084	0.12578672170639038	-0.14818508923053741	-0.024317879229784012	0.0371248722076416	-0.1066737025976181	0.05503492057323456	-0.05130891129374504	0.050206467509269714	0.060299165546894073	0.057288408279418945	-0.03430918976664543	-0.09074319154024124	-0.005368830636143684	0.02087130770087242	-0.01475684903562069	0.21005770564079285	-0.008122469298541546	-0.040997330099344254	-0.07412511110305786	-0.02632245421409607	-0.1914938986301422	0.21789172291755676	-0.05756014212965965	-0.07012733817100525
-0.003464240115135908	0.08831239491701126	-0.1018550843000412	-0.15006157755851746	0.01478763297200203	-0.032335326075553894	0.08015965670347214	-0.01884722337126732	-0.015947559848427773	0.16448166966438293	0.009359411895275116	-0.06761805713176727	-0.028882067650556564	-0.07193989306688309	-0.07250215858221054	0.04543827474117279	-0.015443217009305954	-0.23626163601875305	0.01782657764852047	0.26581284403800964	0.09899436682462692	-0.0811660960316658	0.03123830258846283	-0.20845583081245422	0.1292927861213684	-0.08275807648897171	0.20969314873218536	0.03317504748702049	0.2807557284832001	0.022979537025094032	0.041887007653713226	0.1236206591129303	-0.09564357250928879	-0.09378518164157867	-0.015096466057002544	0.13729622960090637	0.0019495021551847458	-0.08581503480672836	0.06965646892786026	-0.13563735783100128	0.015345461666584015	-0.14986073970794678	0.11783524602651596	-0.1480482965707779	-0.04694536328315735	-0.07334865629673004	0.08888301998376846	0.025236735120415688	-0.05234674736857414	0.24445238709449768	0.06610889732837677	0.2988368570804596	-0.09608327597379684	-0.029729869216680527	-0.01682968996465206	-0.0963536873459816	0.08629350364208221	0.08877281099557877	-0.2548385262489319	0.1682453751564026	-0.01796971820294857	-0.11370789259672165	0.12307143956422806	0.15179064869880676
-0.003464240115135908	0.08831239491701126	-0.1018550843000412	-0.15006157755851746	0.01478763297200203	-0.032335326075553894	0.08015965670347214	-0.01884722337126732	-0.015947559848427773	0.16448166966438293	0.009359411895275116	-0.06761805713176727	-0.028882067650556564	-0.07193989306688309	-0.07250215858221054	0.04543827474117279	-0.015443217009305954	-0.23626163601875305	0.01782657764852047	0.26581284403800964	0.09899436682462692	-0.0811660960316658	0.03123830258846283	-0.20845583081245422	0.1292927861213684	-0.08275807648897171	0.20969314873218536	0.03317504748702049	0.2807557284832001	0.022979537025094032	0.041887007653713226	0.1236206591129303	-0.09564357250928879	-0.09378518164157867	-0.015096466057002544	0.13729622960090637	0.0019495021551847458	-0.08581503480672836	0.06965646892786026	-0.13563735783100128	0.015345461666584015	-0.14986073970794678	0.11783524602651596	-0.1480482965707779	-0.04694536328315735	-0.07334865629673004	0.08888301998376846	0.025236735120415688	-0.05234674736857414	0.24445238709449768	0.06610889732837677	0.2988368570804596	-0.09608327597379684	-0.029729869216680527	-0.01682968996465206	-0.0963536873459816	0.08629350364208221	0.08877281099557877	-0.2548385262489319	0.1682453751564026	-0.01796971820294857	-0.11370789259672165	0.12307143956422806	0.15179064869880676
0.0018514028051868081	0.11328211426734924	0.05344918370246887	-0.004046923015266657	0.08266754448413849	-0.06648490577936172	-0.07230626046657562	0.12365542352199554	0.02293311059474945	-0.10998935997486115	0.022657882422208786	0.030075185000896454	-0.04746422544121742	0.016057088971138	0.023385774344205856	0.00765840383246541	-0.05613330006599426	-0.17502257227897644	0.045762866735458374	-0.23528790473937988	0.058267515152692795	-0.032522737979888916	-0.036832600831985474	-0.13222073018550873	-0.11858516931533813	-0.2811451256275177	-0.1042243167757988	-0.19501109421253204	-0.13811789453029633	-0.029889928176999092	-0.1785094439983368	0.00203124457038939	0.08209681510925293	-0.14856106042861938	0.11313872784376144	-0.09366440773010254	-0.10780429095029831	-0.06410732865333557	-0.08783255517482758	0.09634910523891449	-0.053974639624357224	0.06041334196925163	-0.03139685094356537	-0.023543374612927437	0.0629095658659935	-0.03406220301985741	-0.05682852864265442	0.05941826105117798	-0.00045474423677660525	0.02140909805893898	-0.1524900496006012	-0.09228654205799103	0.14573417603969574	-0.015750238671898842	0.12338367849588394	0.052041035145521164	-0.13938377797603607	0.0022348721977323294	0.18074361979961395	-0.0013945653336122632	0.06844683736562729	0.16830310225486755	-0.001240418991073966	-0.15712019801139832
-0.003464240115135908	0.08831239491701126	-0.1018550843000412	-0.15006157755851746	0.01478763297200203	-0.032335326075553894	0.08015965670347214	-0.01884722337126732	-0.015947559848427773	0.16448166966438293	0.009359411895275116	-0.06761805713176727	-0.028882067650556564	-0.07193989306688309	-0.07250215858221054	0.04543827474117279	-0.015443217009305954	-0.23626163601875305	0.01782657764852047	0.26581284403800964	0.09899436682462692	-0.0811660960316658	0.03123830258846283	-0.20845583081245422	0.1292927861213684	-0.08275807648897171	0.20969314873218536	0.03317504748702049	0.2807557284832001	0.022979537025094032	0.041887007653713226	0.1236206591129303	-0.09564357250928879	-0.09378518164157867	-0.015096466057002544	0.13729622960090637	0.0019495021551847458	-0.08581503480672836	0.06965646892786026	-0.13563735783100128	0.015345461666584015	-0.14986073970794678	0.11783524602651596	-0.1480482965707779	-0.04694536328315735	-0.07334865629673004	0.08888301998376846	0.025236735120415688	-0.05234674736857414	0.24445238709449768	0.06610889732837677	0.2988368570804596	-0.09608327597379684	-0.029729869216680527	-0.01682968996465206	-0.0963536873459816	0.08629350364208221	0.08877281099557877	-0.2548385262489319	0.1682453751564026	-0.01796971820294857	-0.11370789259672165	0.12307143956422806	0.15179064869880676
-0.003464240115135908	0.08831239491701126	-0.1018550843000412	-0.15006157755851746	0.01478763297200203	-0.032335326075553894	0.08015965670347214	-0.01884722337126732	-0.015947559848427773	0.16448166966438293	0.009359411895275116	-0.06761805713176727	-0.028882067650556564	-0.07193989306688309	-0.07250215858221054	0.04543827474117279	-0.015443217009305954	-0.23626163601875305	0.01782657764852047	0.26581284403800964	0.09899436682462692	-0.0811660960316658	0.03123830258846283	-0.20845583081245422	0.1292927861213684	-0.08275807648897171	0.20969314873218536	0.03317504748702049	0.2807557284832001	0.022979537025094032	0.041887007653713226	0.1236206591129303	-0.09564357250928879	-0.09378518164157867	-0.015096466057002544	0.13729622960090637	0.0019495021551847458	-0.08581503480672836	0.06965646892786026	-0.13563735783100128	0.015345461666584015	-0.14986073970794678	0.11783524602651596	-0.1480482965707779	-0.04694536328315735	-0.07334865629673004	0.08888301998376846	0.025236735120415688	-0.05234674736857414	0.24445238709449768	0.06610889732837677	0.2988368570804596	-0.09608327597379684	-0.029729869216680527	-0.01682968996465206	-0.0963536873459816	0.08629350364208221	0.08877281099557877	-0.2548385262489319	0.1682453751564026	-0.01796971820294857	-0.11370789259672165	0.12307143956422806	0.15179064869880676
-0.003464240115135908	0.08831239491701126	-0.1018550843000412	-0.15006157755851746	0.01478763297200203	-0.032335326075553894	0.08015965670347214	-0.01884722337126732	-0.015947559848427773	0.16448166966438293	0.009359411895275116	-0.06761805713176727	-0.028882067650556564	-0.07193989306688309	-0.07250215858221054	0.04543827474117279	-0.015443217009305954	-0.23626163601875305	0.01782657764852047	0.26581284403800964	0.09899436682462692	-0.0811660960316658	0.03123830258846283	-0.20845583081245422	0.1292927861213684	-0.08275807648897171	0.20969314873218536	0.03317504748702049	0.2807557284832001	0.022979537025094032	0.041887007653713226	0.1236206591129303	-0.09564357250928879	-0.09378518164157867	-0.015096466057002544	0.13729622960090637	0.0019495021551847458	-0.08581503480672836	0.06965646892786026	-0.13563735783100128	0.015345461666584015	-0.14986073970794678	0.11783524602651596	-0.1480482965707779	-0.04694536328315735	-0.07334865629673004	0.08888301998376846	0.025236735120415688	-0.05234674736857414	0.24445238709449768	0.06610889732837677	0.2988368570804596	-0.09608327597379684	-0.029729869216680527	-0.01682968996465206	-0.0963536873459816	0.08629350364208221	0.08877281099557877	-0.2548385262489319	0.1682453751564026	-0.01796971820294857	-0.11370789259672165	0.12307143956422806	0.15179064869880676
-0.003464240115135908	0.08831239491701126	-0.1018550843000412	-0.15006157755851746	0.01478763297200203	-0.032335326075553894	0.08015965670347214	-0.01884722337126732	-0.015947559848427773	0.16448166966438293	0.009359411895275116	-0.06761805713176727	-0.028882067650556564	-0.07193989306688309	-0.07250215858221054	0.04543827474117279	-0.015443217009305954	-0.23626163601875305	0.01782657764852047	0.26581284403800964	0.09899436682462692	-0.0811660960316658	0.03123830258846283	-0.20845583081245422	0.1292927861213684	-0.08275807648897171	0.20969314873218536	0.03317504748702049	0.2807557284832001	0.022979537025094032	0.041887007653713226	0.1236206591129303	-0.09564357250928879	-0.09378518164157867	-0.015096466057002544	0.13729622960090637	0.0019495021551847458	-0.08581503480672836	0.06965646892786026	-0.13563735783100128	0.015345461666584015	-0.14986073970794678	0.11783524602651596	-0.1480482965707779	-0.04694536328315735	-0.07334865629673004	0.08888301998376846	0.025236735120415688	-0.05234674736857414	0.24445238709449768	0.06610889732837677	0.2988368570804596	-0.09608327597379684	-0.029729869216680527	-0.01682968996465206	-0.0963536873459816	0.08629350364208221	0.08877281099557877	-0.2548385262489319	0.1682453751564026	-0.01796971820294857	-0.11370789259672165	0.12307143956422806	0.15179064869880676
-0.003464240115135908	0.08831239491701126	-0.1018550843000412	-0.15006157755851746	0.01478763297200203	-0.032335326075553894	0.08015965670347214	-0.01884722337126732	-0.015947559848427773	0.16448166966438293	0.009359411895275116	-0.06761805713176727	-0.028882067650556564	-0.07193989306688309	-0.07250215858221054	0.04543827474117279	-0.015443217009305954	-0.23626163601875305	0.01782657764852047	0.26581284403800964	0.09899436682462692	-0.0811660960316658	0.03123830258846283	-0.20845583081245422	0.1292927861213684	-0.08275807648897171	0.20969314873218536	0.03317504748702049	0.2807557284832001	0.022979537025094032	0.041887007653713226	0.1236206591129303	-0.09564357250928879	-0.09378518164157867	-0.015096466057002544	0.13729622960090637	0.0019495021551847458	-0.08581503480672836	0.06965646892786026	-0.13563735783100128	0.015345461666584015	-0.14986073970794678	0.11783524602651596	-0.1480482965707779	-0.04694536328315735	-0.07334865629673004	0.08888301998376846	0.025236735120415688	-0.05234674736857414	0.24445238709449768	0.06610889732837677	0.2988368570804596	-0.09608327597379684	-0.029729869216680527	-0.01682968996465206	-0.0963536873459816	0.08629350364208221	0.08877281099557877	-0.2548385262489319	0.1682453751564026	-0.01796971820294857	-0.11370789259672165	0.12307143956422806	0.15179064869880676
0.08038521558046341	0.0005135754472576082	-0.03376169502735138	0.23375463485717773	0.1294708102941513	0.14429903030395508	-0.07833225280046463	0.06580182909965515	-0.11050254851579666	0.1977536976337433	-0.12655436992645264	-0.30332252383232117	-0.07545731216669083	-0.2094477117061615	0.27855631709098816	0.05201869457960129	-0.21266701817512512	0.06642396748065948	-0.24257884919643402	0.31215059757232666	-0.14309075474739075	0.09932616353034973	0.08049463480710983	0.04576275497674942	0.22676925361156464	0.26980677247047424	-0.007524337153881788	0.31235137581825256	0.1862468272447586	-0.36587899923324585	0.021694915369153023	0.15989486873149872	0.003825615392997861	0.00021981954341754317	-0.04099944978952408	-0.0265986118465662	0.11322177946567535	0.21519088745117188	-0.0234165508300066	0.09166724979877472	0.21209150552749634	0.12371693551540375	0.08245421946048737	0.05577344074845314	0.12155060470104218	-0.11637064814567566	0.18642176687717438	0.16492027044296265	-0.19432726502418518	-0.125377357006073	0.07976943254470825	0.09477081149816513	0.1760140061378479	0.0550137497484684	-0.005199932027608156	-0.07530691474676132	-0.039003636687994	0.03430863097310066	-0.11450127512216568	-0.06632666289806366	0.08638633042573929	-0.14672110974788666	0.10121762752532959	0.058468081057071686
-0.003464240115135908	0.08831239491701126	-0.1018550843000412	-0.15006157755851746	0.01478763297200203	-0.032335326075553894	0.08015965670347214	-0.01884722337126732	-0.015947559848427773	0.16448166966438293	0.009359411895275116	-0.06761805713176727	-0.028882067650556564	-0.07193989306688309	-0.07250215858221054	0.04543827474117279	-0.015443217009305954	-0.23626163601875305	0.01782657764852047	0.26581284403800964	0.09899436682462692	-0.0811660960316658	0.03123830258846283	-0.20845583081245422	0.1292927861213684	-0.08275807648897171	0.20969314873218536	0.03317504748702049	0.2807557284832001	0.022979537025094032	0.041887007653713226	0.1236206591129303	-0.09564357250928879	-0.09378518164157867	-0.015096466057002544	0.13729622960090637	0.0019495021551847458	-0.08581503480672836	0.06965646892786026	-0.13563735783100128	0.015345461666584015	-0.14986073970794678	0.11783524602651596	-0.1480482965707779	-0.04694536328315735	-0.07334865629673004	0.08888301998376846	0.025236735120415688	-0.05234674736857414	0.24445238709449768	0.06610889732837677	0.2988368570804596	-0.09608327597379684	-0.029729869216680527	-0.01682968996465206	-0.0963536873459816	0.08629350364208221	0.08877281099557877	-0.2548385262489319	0.1682453751564026	-0.01796971820294857	-0.11370789259672165	0.12307143956422806	0.15179064869880676
-0.003464240115135908	0.08831239491701126	-0.1018550843000412	-0.15006157755851746	0.01478763297200203	-0.032335326075553894	0.08015965670347214	-0.01884722337126732	-0.015947559848427773	0.16448166966438293	0.009359411895275116	-0.06761805713176727	-0.028882067650556564	-0.07193989306688309	-0.07250215858221054	0.04543827474117279	-0.015443217009305954	-0.23626163601875305	0.01782657764852047	0.26581284403800964	0.09899436682462692	-0.0811660960316658	0.03123830258846283	-0.20845583081245422	0.1292927861213684	-0.08275807648897171	0.20969314873218536	0.03317504748702049	0.2807557284832001	0.022979537025094032	0.041887007653713226	0.1236206591129303	-0.09564357250928879	-0.09378518164157867	-0.015096466057002544	0.13729622960090637	0.0019495021551847458	-0.08581503480672836	0.06965646892786026	-0.13563735783100128	0.015345461666584015	-0.14986073970794678	0.11783524602651596	-0.1480482965707779	-0.04694536328315735	-0.07334865629673004	0.08888301998376846	0.025236735120415688	-0.05234674736857414	0.24445238709449768	0.06610889732837677	0.2988368570804596	-0.09608327597379684	-0.029729869216680527	-0.01682968996465206	-0.0963536873459816	0.08629350364208221	0.08877281099557877	-0.2548385262489319	0.1682453751564026	-0.01796971820294857	-0.11370789259672165	0.12307143956422806	0.15179064869880676
-0.003464240115135908	0.08831239491701126	-0.1018550843000412	-0.15006157755851746	0.01478763297200203	-0.032335326075553894	0.08015965670347214	-0.01884722337126732	-0.015947559848427773	0.16448166966438293	0.009359411895275116	-0.06761805713176727	-0.028882067650556564	-0.07193989306688309	-0.07250215858221054	0.04543827474117279	-0.015443217009305954	-0.23626163601875305	0.01782657764852047	0.26581284403800964	0.09899436682462692	-0.0811660960316658	0.03123830258846283	-0.20845583081245422	0.1292927861213684	-0.08275807648897171	0.20969314873218536	0.03317504748702049	0.2807557284832001	0.022979537025094032	0.041887007653713226	0.1236206591129303	-0.09564357250928879	-0.09378518164157867	-0.015096466057002544	0.13729622960090637	0.0019495021551847458	-0.08581503480672836	0.06965646892786026	-0.13563735783100128	0.015345461666584015	-0.14986073970794678	0.11783524602651596	-0.1480482965707779	-0.04694536328315735	-0.07334865629673004	0.08888301998376846	0.025236735120415688	-0.05234674736857414	0.24445238709449768	0.06610889732837677	0.2988368570804596	-0.09608327597379684	-0.029729869216680527	-0.01682968996465206	-0.0963536873459816	0.08629350364208221	0.08877281099557877	-0.2548385262489319	0.1682453751564026	-0.01796971820294857	-0.11370789259672165	0.12307143956422806	0.15179064869880676
-0.07583089172840118	0.1548813134431839	-0.023502053692936897	0.046011991798877716	0.09905874729156494	-0.12846434116363525	-0.09718049317598343	-0.012068027630448341	-0.04282863810658455	-0.24094752967357635	-0.0918889120221138	-0.10374733805656433	-0.013719058595597744	0.07049937546253204	-0.26458147168159485	-0.059393465518951416	-0.2310243546962738	0.25690901279449463	-0.1642841398715973	-0.308129221200943	0.14804935455322266	-0.03844616562128067	-0.21360516548156738	0.16822782158851624	-0.004977526143193245	-0.20785857737064362	0.04563566669821739	-0.03671136125922203	-0.12498302757740021	0.16977311670780182	-0.21586531400680542	0.02378316968679428	0.12950335443019867	-0.021169770509004593	-0.04467152804136276	-0.03388182446360588	0.031493861228227615	0.02039790339767933	0.016703100875020027	-0.023359086364507675	-0.21701589226722717	0.13892368972301483	-0.09431672096252441	0.19872047007083893	0.1997494250535965	0.07444683462381363	-0.1734880805015564	-0.01088742446154356	0.0686965361237526	-0.10892776399850845	-0.020133832469582558	-0.0993184968829155	0.033174555748701096	-0.01112400833517313	0.06416906416416168	0.01721571944653988	-0.12926602363586426	-0.0048854900524020195	0.27416375279426575	0.05699137598276138	0.15242566168308258	0.03750953450798988	0.022052280604839325	-0.037245556712150574
-0.05415252596139908	-0.09731362015008926	0.05194571241736412	-0.00553659163415432	-0.15175893902778625	-0.012794469483196735	0.0390373170375824	0.004225258249789476	-0.04487108066678047	0.09852460026741028	0.037351448088884354	0.03386569768190384	0.1407393515110016	0.0003388742625247687	-0.15014541149139404	0.014459826052188873	0.057090576738119125	0.10660281032323837	-0.008849105797708035	-0.06075453758239746	0.05968165397644043	-0.024438519030809402	0.004204956814646721	0.08449626713991165	-0.13179434835910797	-0.002134911948814988	-0.07244612276554108	-0.01775633916258812	-0.053626928478479385	0.20001815259456635	-0.020886274054646492	0.017919111996889114	-0.08166221529245377	0.07497729361057281	-0.04814353957772255	0.0029862031806260347	-0.03327608108520508	-0.11444205045700073	0.0047659436240792274	0.013603107072412968	-0.05097266286611557	-0.015266401693224907	-0.026352521032094955	-0.08443218469619751	-0.03778832405805588	-0.06266190111637115	-0.05184037983417511	-0.09949227422475815	-0.05123601853847504	-0.02845887467265129	-0.08347418904304504	-0.10221056640148163	-0.08409161865711212	0.05625427886843681	-0.04349922388792038	-0.011190029792487621	0.08501653373241425	-0.04442061111330986	0.01944071613252163	0.016771839931607246	-0.007248962298035622	-0.07684379816055298	-0.04922841489315033	0.0375390350818634
-0.003464240115135908	0.08831239491701126	-0.1018550843000412	-0.15006157755851746	0.01478763297200203	-0.032335326075553894	0.08015965670347214	-0.01884722337126732	-0.015947559848427773	0.16448166966438293	0.009359411895275116	-0.06761805713176727	-0.028882067650556564	-0.07193989306688309	-0.07250215858221054	0.04543827474117279	-0.015443217009305954	-0.23626163601875305	0.01782657764852047	0.26581284403800964	0.09899436682462692	-0.0811660960316658	0.03123830258846283	-0.20845583081245422	0.1292927861213684	-0.08275807648897171	0.20969314873218536	0.03317504748702049	0.2807557284832001	0.022979537025094032	0.041887007653713226	0.1236206591129303	-0.09564357250928879	-0.09378518164157867	-0.015096466057002544	0.13729622960090637	0.0019495021551847458	-0.08581503480672836	0.06965646892786026	-0.13563735783100128	0.015345461666584015	-0.14986073970794678	0.11783524602651596	-0.1480482965707779	-0.04694536328315735	-0.07334865629673004	0.08888301998376846	0.025236735120415688	-0.05234674736857414	0.24445238709449768	0.06610889732837677	0.2988368570804596	-0.09608327597379684	-0.029729869216680527	-0.01682968996465206	-0.0963536873459816	0.08629350364208221	0.08877281099557877	-0.2548385262489319	0.1682453751564026	-0.01796971820294857	-0.11370789259672165	0.12307143956422806	0.15179064869880676
-0.003464240115135908	0.08831239491701126	-0.1018550843000412	-0.15006157755851746	0.01478763297200203	-0.032335326075553894	0.08015965670347214	-0.01884722337126732	-0.015947559848427773	0.16448166966438293	0.009359411895275116	-0.06761805713176727	-0.028882067650556564	-0.07193989306688309	-0.07250215858221054	0.04543827474117279	-0.015443217009305954	-0.23626163601875305	0.01782657764852047	0.26581284403800964	0.09899436682462692	-0.0811660960316658	0.03123830258846283	-0.20845583081245422	0.1292927861213684	-0.08275807648897171	0.20969314873218536	0.03317504748702049	0.2807557284832001	0.022979537025094032	0.041887007653713226	0.1236206591129303	-0.09564357250928879	-0.09378518164157867	-0.015096466057002544	0.13729622960090637	0.0019495021551847458	-0.08581503480672836	0.06965646892786026	-0.13563735783100128	0.015345461666584015	-0.14986073970794678	0.11783524602651596	-0.1480482965707779	-0.04694536328315735	-0.07334865629673004	0.08888301998376846	0.025236735120415688	-0.05234674736857414	0.24445238709449768	0.06610889732837677	0.2988368570804596	-0.09608327597379684	-0.029729869216680527	-0.01682968996465206	-0.0963536873459816	0.08629350364208221	0.08877281099557877	-0.2548385262489319	0.1682453751564026	-0.01796971820294857	-0.11370789259672165	0.12307143956422806	0.15179064869880676
-0.003464240115135908	0.08831239491701126	-0.1018550843000412	-0.15006157755851746	0.01478763297200203	-0.032335326075553894	0.08015965670347214	-0.01884722337126732	-0.015947559848427773	0.16448166966438293	0.009359411895275116	-0.06761805713176727	-0.028882067650556564	-0.07193989306688309	-0.07250215858221054	0.04543827474117279	-0.015443217009305954	-0.23626163601875305	0.01782657764852047	0.26581284403800964	0.09899436682462692	-0.0811660960316658	0.03123830258846283	-0.20845583081245422	0.1292927861213684	-0.08275807648897171	0.20969314873218536	0.03317504748702049	0.2807557284832001	0.022979537025094032	0.041887007653713226	0.1236206591129303	-0.09564357250928879	-0.09378518164157867	-0.015096466057002544	0.13729622960090637	0.0019495021551847458	-0.08581503480672836	0.06965646892786026	-0.13563735783100128	0.015345461666584015	-0.14986073970794678	0.11783524602651596	-0.1480482965707779	-0.04694536328315735	-0.07334865629673004	0.08888301998376846	0.025236735120415688	-0.05234674736857414	0.24445238709449768	0.06610889732837677	0.2988368570804596	-0.09608327597379684	-0.029729869216680527	-0.01682968996465206	-0.0963536873459816	0.08629350364208221	0.08877281099557877	-0.2548385262489319	0.1682453751564026	-0.01796971820294857	-0.11370789259672165	0.12307143956422806	0.15179064869880676
-0.003464240115135908	0.08831239491701126	-0.1018550843000412	-0.15006157755851746	0.01478763297200203	-0.032335326075553894	0.08015965670347214	-0.01884722337126732	-0.015947559848427773	0.16448166966438293	0.009359411895275116	-0.06761805713176727	-0.028882067650556564	-0.07193989306688309	-0.07250215858221054	0.04543827474117279	-0.015443217009305954	-0.23626163601875305	0.01782657764852047	0.26581284403800964	0.09899436682462692	-0.0811660960316658	0.03123830258846283	-0.20845583081245422	0.1292927861213684	-0.08275807648897171	0.20969314873218536	0.03317504748702049	0.2807557284832001	0.022979537025094032	0.041887007653713226	0.1236206591129303	-0.09564357250928879	-0.09378518164157867	-0.015096466057002544	0.13729622960090637	0.0019495021551847458	-0.08581503480672836	0.06965646892786026	-0.13563735783100128	0.015345461666584015	-0.14986073970794678	0.11783524602651596	-0.1480482965707779	-0.04694536328315735	-0.07334865629673004	0.08888301998376846	0.025236735120415688	-0.05234674736857414	0.24445238709449768	0.06610889732837677	0.2988368570804596	-0.09608327597379684	-0.029729869216680527	-0.01682968996465206	-0.0963536873459816	0.08629350364208221	0.08877281099557877	-0.2548385262489319	0.1682453751564026	-0.01796971820294857	-0.11370789259672165	0.12307143956422806	0.15179064869880676
-0.05415252596139908	-0.09731362015008926	0.05194571241736412	-0.00553659163415432	-0.15175893902778625	-0.012794469483196735	0.0390373170375824	0.004225258249789476	-0.04487108066678047	0.09852460026741028	0.037351448088884354	0.03386569768190384	0.1407393515110016	0.0003388742625247687	-0.15014541149139404	0.014459826052188873	0.057090576738119125	0.10660281032323837	-0.008849105797708035	-0.06075453758239746	0.05968165397644043	-0.024438519030809402	0.004204956814646721	0.08449626713991165	-0.13179434835910797	-0.002134911948814988	-0.07244612276554108	-0.01775633916258812	-0.053626928478479385	0.20001815259456635	-0.020886274054646492	0.017919111996889114	-0.08166221529245377	0.07497729361057281	-0.04814353957772255	0.0029862031806260347	-0.03327608108520508	-0.11444205045700073	0.0047659436240792274	0.013603107072412968	-0.05097266286611557	-0.015266401693224907	-0.026352521032094955	-0.08443218469619751	-0.03778832405805588	-0.06266190111637115	-0.05184037983417511	-0.09949227422475815	-0.05123601853847504	-0.02845887467265129	-0.08347418904304504	-0.10221056640148163	-0.08409161865711212	0.05625427886843681	-0.04349922388792038	-0.011190029792487621	0.08501653373241425	-0.04442061111330986	0.01944071613252163	0.016771839931607246	-0.007248962298035622	-0.07684379816055298	-0.04922841489315033	0.0375390350818634
0.11929653584957123	-0.0013416704023256898	0.06346648931503296	0.07859935611486435	0.18602889776229858	-0.09999958425760269	-0.09204372018575668	-0.07183012366294861	0.02568877674639225	-0.03807350620627403	0.13054995238780975	-0.07965318113565445	-0.29279208183288574	0.17273642122745514	0.3825731575489044	-0.07860445976257324	-0.1594419628381729	-0.19594918191432953	0.35280442237854004	0.07716010510921478	-0.1617400050163269	-0.12103654444217682	0.10447199642658234	0.015289222821593285	0.12317374348640442	0.18608412146568298	-0.1169435977935791	-0.018949195742607117	0.07766702026128769	-0.30611807107925415	0.00857866182923317	-0.08885952085256577	0.2663250267505646	-0.07047044485807419	-0.015217375010251999	-0.04293941333889961	-0.03440077230334282	0.05162651091814041	0.047778308391571045	-0.10578722506761551	0.16154342889785767	0.03795325383543968	0.12309648841619492	0.21467114984989166	-0.13590018451213837	0.15221019089221954	0.013507218100130558	0.13001225888729095	0.22255493700504303	-0.15607072412967682	0.020780721679329872	-0.08676879853010178	0.0879824161529541	-0.2628805339336395	0.14090432226657867	-0.0421048067510128	-0.1764722317457199	-0.07714303582906723	0.012470999732613564	-0.2303338348865509	0.03822740167379379	0.1674206703901291	-0.05803913250565529	0.15890569984912872
-0.05415252596139908	-0.09731362015008926	0.05194571241736412	-0.00553659163415432	-0.15175893902778625	-0.012794469483196735	0.0390373170375824	0.004225258249789476	-0.04487108066678047	0.09852460026741028	0.037351448088884354	0.03386569768190384	0.1407393515110016	0.0003388742625247687	-0.15014541149139404	0.014459826052188873	0.057090576738119125	0.10660281032323837	-0.008849105797708035	-0.06075453758239746	0.05968165397644043	-0.024438519030809402	0.004204956814646721	0.08449626713991165	-0.13179434835910797	-0.002134911948814988	-0.07244612276554108	-0.01775633916258812	-0.053626928478479385	0.20001815259456635	-0.020886274054646492	0.017919111996889114	-0.08166221529245377	0.07497729361057281	-0.04814353957772255	0.0029862031806260347	-0.03327608108520508	-0.11444205045700073	0.0047659436240792274	0.013603107072412968	-0.05097266286611557	-0.015266401693224907	-0.026352521032094955	-0.08443218469619751	-0.03778832405805588	-0.06266190111637115	-0.05184037983417511	-0.09949227422475815	-0.05123601853847504	-0.02845887467265129	-0.08347418904304504	-0.10221056640148163	-0.08409161865711212	0.05625427886843681	-0.04349922388792038	-0.011190029792487621	0.08501653373241425	-0.04442061111330986	0.01944071613252163	0.016771839931607246	-0.007248962298035622	-0.07684379816055298	-0.04922841489315033	0.0375390350818634
-0.003464240115135908	0.08831239491701126	-0.1018550843000412	-0.15006157755851746	0.01478763297200203	-0.032335326075553894	0.08015965670347214	-0.01884722337126732	-0.015947559848427773	0.16448166966438293	0.009359411895275116	-0.06761805713176727	-0.028882067650556564	-0.07193989306688309	-0.07250215858221054	0.04543827474117279	-0.015443217009305954	-0.23626163601875305	0.01782657764852047	0.26581284403800964	0.09899436682462692	-0.0811660960316658	0.03123830258846283	-0.20845583081245422	0.1292927861213684	-0.08275807648897171	0.20969314873218536	0.03317504748702049	0.2807557284832001	0.022979537025094032	0.041887007653713226	0.1236206591129303	-0.09564357250928879	-0.09378518164157867	-0.015096466057002544	0.13729622960090637	0.0019495021551847458	-0.08581503480672836	0.06965646892786026	-0.13563735783100128	0.015345461666584015	-0.14986073970794678	0.11783524602651596	-0.1480482965707779	-0.04694536328315735	-0.07334865629673004	0.08888301998376846	0.025236735120415688	-0.05234674736857414	0.24445238709449768	0.06610889732837677	0.2988368570804596	-0.09608327597379684	-0.029729869216680527	-0.01682968996465206	-0.0963536873459816	0.08629350364208221	0.08877281099557877	-0.2548385262489319	0.1682453751564026	-0.01796971820294857	-0.11370789259672165	0.12307143956422806	0.15179064869880676
-0.05415252596139908	-0.09731362015008926	0.05194571241736412	-0.00553659163415432	-0.15175893902778625	-0.012794469483196735	0.0390373170375824	0.004225258249789476	-0.04487108066678047	0.09852460026741028	0.037351448088884354	0.03386569768190384	0.1407393515110016	0.0003388742625247687	-0.15014541149139404	0.014459826052188873	0.057090576738119125	0.10660281032323837	-0.008849105797708035	-0.06075453758239746	0.05968165397644043	-0.024438519030809402	0.004204956814646721	0.08449626713991165	-0.13179434835910797	-0.002134911948814988	-0.07244612276554108	-0.01775633916258812	-0.053626928478479385	0.20001815259456635	-0.020886274054646492	0.017919111996889114	-0.08166221529245377	0.07497729361057281	-0.04814353957772255	0.0029862031806260347	-0.03327608108520508	-0.11444205045700073	0.0047659436240792274	0.013603107072412968	-0.05097266286611557	-0.015266401693224907	-0.026352521032094955	-0.08443218469619751	-0.03778832405805588	-0.06266190111637115	-0.05184037983417511	-0.09949227422475815	-0.05123601853847504	-0.02845887467265129	-0.08347418904304504	-0.10221056640148163	-0.08409161865711212	0.05625427886843681	-0.04349922388792038	-0.011190029792487621	0.08501653373241425	-0.04442061111330986	0.01944071613252163	0.016771839931607246	-0.007248962298035622	-0.07684379816055298	-0.04922841489315033	0.0375390350818634
-0.003464240115135908	0.08831239491701126	-0.1018550843000412	-0.15006157755851746	0.01478763297200203	-0.032335326075553894	0.08015965670347214	-0.01884722337126732	-0.015947559848427773	0.16448166966438293	0.009359411895275116	-0.06761805713176727	-0.028882067650556564	-0.07193989306688309	-0.07250215858221054	0.04543827474117279	-0.015443217009305954	-0.23626163601875305	0.01782657764852047	0.26581284403800964	0.09899436682462692	-0.0811660960316658	0.03123830258846283	-0.20845583081245422	0.1292927861213684	-0.08275807648897171	0.20969314873218536	0.03317504748702049	0.2807557284832001	0.022979537025094032	0.041887007653713226	0.1236206591129303	-0.09564357250928879	-0.09378518164157867	-0.015096466057002544	0.13729622960090637	0.0019495021551847458	-0.08581503480672836	0.06965646892786026	-0.13563735783100128	0.015345461666584015	-0.14986073970794678	0.11783524602651596	-0.1480482965707779	-0.04694536328315735	-0.07334865629673004	0.08888301998376846	0.025236735120415688	-0.05234674736857414	0.24445238709449768	0.06610889732837677	0.2988368570804596	-0.09608327597379684	-0.029729869216680527	-0.01682968996465206	-0.0963536873459816	0.08629350364208221	0.08877281099557877	-0.2548385262489319	0.1682453751564026	-0.01796971820294857	-0.11370789259672165	0.12307143956422806	0.15179064869880676
-0.003464240115135908	0.08831239491701126	-0.1018550843000412	-0.15006157755851746	0.01478763297200203	-0.032335326075553894	0.08015965670347214	-0.01884722337126732	-0.015947559848427773	0.16448166966438293	0.009359411895275116	-0.06761805713176727	-0.028882067650556564	-0.07193989306688309	-0.07250215858221054	0.04543827474117279	-0.015443217009305954	-0.23626163601875305	0.01782657764852047	0.26581284403800964	0.09899436682462692	-0.0811660960316658	0.03123830258846283	-0.20845583081245422	0.1292927861213684	-0.08275807648897171	0.20969314873218536	0.03317504748702049	0.2807557284832001	0.022979537025094032	0.041887007653713226	0.1236206591129303	-0.09564357250928879	-0.09378518164157867	-0.015096466057002544	0.13729622960090637	0.0019495021551847458	-0.08581503480672836	0.06965646892786026	-0.13563735783100128	0.015345461666584015	-0.14986073970794678	0.11783524602651596	-0.1480482965707779	-0.04694536328315735	-0.07334865629673004	0.08888301998376846	0.025236735120415688	-0.05234674736857414	0.24445238709449768	0.06610889732837677	0.2988368570804596	-0.09608327597379684	-0.029729869216680527	-0.01682968996465206	-0.0963536873459816	0.08629350364208221	0.08877281099557877	-0.2548385262489319	0.1682453751564026	-0.01796971820294857	-0.11370789259672165	0.12307143956422806	0.15179064869880676
-0.003464240115135908	0.08831239491701126	-0.1018550843000412	-0.15006157755851746	0.01478763297200203	-0.032335326075553894	0.08015965670347214	-0.01884722337126732	-0.015947559848427773	0.16448166966438293	0.009359411895275116	-0.06761805713176727	-0.028882067650556564	-0.07193989306688309	-0.07250215858221054	0.04543827474117279	-0.015443217009305954	-0.23626163601875305	0.01782657764852047	0.26581284403800964	0.09899436682462692	-0.0811660960316658	0.03123830258846283	-0.20845583081245422	0.1292927861213684	-0.08275807648897171	0.20969314873218536	0.03317504748702049	0.2807557284832001	0.022979537025094032	0.041887007653713226	0.1236206591129303	-0.09564357250928879	-0.09378518164157867	-0.015096466057002544	0.13729622960090637	0.0019495021551847458	-0.08581503480672836	0.06965646892786026	-0.13563735783100128	0.015345461666584015	-0.14986073970794678	0.11783524602651596	-0.1480482965707779	-0.04694536328315735	-0.07334865629673004	0.08888301998376846	0.025236735120415688	-0.05234674736857414	0.24445238709449768	0.06610889732837677	0.2988368570804596	-0.09608327597379684	-0.029729869216680527	-0.01682968996465206	-0.0963536873459816	0.08629350364208221	0.08877281099557877	-0.2548385262489319	0.1682453751564026	-0.01796971820294857	-0.11370789259672165	0.12307143956422806	0.15179064869880676
-0.003464240115135908	0.08831239491701126	-0.1018550843000412	-0.15006157755851746	0.01478763297200203	-0.032335326075553894	0.08015965670347214	-0.01884722337126732	-0.015947559848427773	0.16448166966438293	0.009359411895275116	-0.06761805713176727	-0.028882067650556564	-0.07193989306688309	-0.07250215858221054	0.04543827474117279	-0.015443217009305954	-0.23626163601875305	0.01782657764852047	0.26581284403800964	0.09899436682462692	-0.0811660960316658	0.03123830258846283	-0.20845583081245422	0.1292927861213684	-0.08275807648897171	0.20969314873218536	0.03317504748702049	0.2807557284832001	0.022979537025094032	0.041887007653713226	0.1236206591129303	-0.09564357250928879	-0.09378518164157867	-0.015096466057002544	0.13729622960090637	0.0019495021551847458	-0.08581503480672836	0.06965646892786026	-0.13563735783100128	0.015345461666584015	-0.14986073970794678	0.11783524602651596	-0.1480482965707779	-0.04694536328315735	-0.07334865629673004	0.08888301998376846	0.025236735120415688	-0.05234674736857414	0.24445238709449768	0.06610889732837677	0.2988368570804596	-0.09608327597379684	-0.029729869216680527	-0.01682968996465206	-0.0963536873459816	0.08629350364208221	0.08877281099557877	-0.2548385262489319	0.1682453751564026	-0.01796971820294857	-0.11370789259672165	0.12307143956422806	0.15179064869880676
-0.003464240115135908	0.08831239491701126	-0.1018550843000412	-0.15006157755851746	0.01478763297200203	-0.032335326075553894	0.08015965670347214	-0.01884722337126732	-0.015947559848427773	0.16448166966438293	0.009359411895275116	-0.06761805713176727	-0.028882067650556564	-0.07193989306688309	-0.07250215858221054	0.04543827474117279	-0.015443217009305954	-0.23626163601875305	0.01782657764852047	0.26581284403800964	0.09899436682462692	-0.0811660960316658	0.03123830258846283	-0.20845583081245422	0.1292927861213684	-0.08275807648897171	0.20969314873218536	0.03317504748702049	0.2807557284832001	0.022979537025094032	0.041887007653713226	0.1236206591129303	-0.09564357250928879	-0.09378518164157867	-0.015096466057002544	0.13729622960090637	0.0019495021551847458	-0.08581503480672836	0.06965646892786026	-0.13563735783100128	0.015345461666584015	-0.14986073970794678	0.11783524602651596	-0.1480482965707779	-0.04694536328315735	-0.07334865629673004	0.08888301998376846	0.025236735120415688	-0.05234674736857414	0.24445238709449768	0.06610889732837677	0.2988368570804596	-0.09608327597379684	-0.029729869216680527	-0.01682968996465206	-0.0963536873459816	0.08629350364208221	0.08877281099557877	-0.2548385262489319	0.1682453751564026	-0.01796971820294857	-0.11370789259672165	0.12307143956422806	0.15179064869880676
-0.003464240115135908	0.08831239491701126	-0.1018550843000412	-0.15006157755851746	0.01478763297200203	-0.032335326075553894	0.08015965670347214	-0.01884722337126732	-0.015947559848427773	0.16448166966438293	0.009359411895275116	-0.06761805713176727	-0.028882067650556564	-0.07193989306688309	-0.07250215858221054	0.04543827474117279	-0.015443217009305954	-0.23626163601875305	0.01782657764852047	0.26581284403800964	0.09899436682462692	-0.0811660960316658	0.03123830258846283	-0.20845583081245422	0.1292927861213684	-0.08275807648897171	0.20969314873218536	0.03317504748702049	0.2807557284832001	0.022979537025094032	0.041887007653713226	0.1236206591129303	-0.09564357250928879	-0.09378518164157867	-0.015096466057002544	0.13729622960090637	0.0019495021551847458	-0.08581503480672836	0.06965646892786026	-0.13563735783100128	0.015345461666584015	-0.14986073970794678	0.11783524602651596	-0.1480482965707779	-0.04694536328315735	-0.07334865629673004	0.08888301998376846	0.025236735120415688	-0.05234674736857414	0.24445238709449768	0.06610889732837677	0.2988368570804596	-0.09608327597379684	-0.029729869216680527	-0.01682968996465206	-0.0963536873459816	0.08629350364208221	0.08877281099557877	-0.2548385262489319	0.1682453751564026	-0.01796971820294857	-0.11370789259672165	0.12307143956422806	0.15179064869880676
-0.003464240115135908	0.08831239491701126	-0.1018550843000412	-0.15006157755851746	0.01478763297200203	-0.032335326075553894	0.08015965670347214	-0.01884722337126732	-0.015947559848427773	0.16448166966438293	0.009359411895275116	-0.06761805713176727	-0.028882067650556564	-0.07193989306688309	-0.07250215858221054	0.04543827474117279	-0.015443217009305954	-0.23626163601875305	0.01782657764852047	0.26581284403800964	0.09899436682462692	-0.0811660960316658	0.03123830258846283	-0.20845583081245422	0.1292927861213684	-0.08275807648897171	0.20969314873218536	0.03317504748702049	0.2807557284832001	0.022979537025094032	0.041887007653713226	0.1236206591129303	-0.09564357250928879	-0.09378518164157867	-0.015096466057002544	0.13729622960090637	0.0019495021551847458	-0.08581503480672836	0.06965646892786026	-0.13563735783100128	0.015345461666584015	-0.14986073970794678	0.11783524602651596	-0.1480482965707779	-0.04694536328315735	-0.07334865629673004	0.08888301998376846	0.025236735120415688	-0.05234674736857414	0.24445238709449768	0.06610889732837677	0.2988368570804596	-0.09608327597379684	-0.029729869216680527	-0.01682968996465206	-0.0963536873459816	0.08629350364208221	0.08877281099557877	-0.2548385262489319	0.1682453751564026	-0.01796971820294857	-0.11370789259672165	0.12307143956422806	0.15179064869880676
-0.003464240115135908	0.08831239491701126	-0.1018550843000412	-0.15006157755851746	0.01478763297200203	-0.032335326075553894	0.08015965670347214	-0.01884722337126732	-0.015947559848427773	0.16448166966438293	0.009359411895275116	-0.06761805713176727	-0.028882067650556564	-0.07193989306688309	-0.07250215858221054	0.04543827474117279	-0.015443217009305954	-0.23626163601875305	0.01782657764852047	0.26581284403800964	0.09899436682462692	-0.0811660960316658	0.03123830258846283	-0.20845583081245422	0.1292927861213684	-0.08275807648897171	0.20969314873218536	0.03317504748702049	0.2807557284832001	0.022979537025094032	0.041887007653713226	0.1236206591129303	-0.09564357250928879	-0.09378518164157867	-0.015096466057002544	0.13729622960090637	0.0019495021551847458	-0.08581503480672836	0.06965646892786026	-0.13563735783100128	0.015345461666584015	-0.14986073970794678	0.11783524602651596	-0.1480482965707779	-0.04694536328315735	-0.07334865629673004	0.08888301998376846	0.025236735120415688	-0.05234674736857414	0.24445238709449768	0.06610889732837677	0.2988368570804596	-0.09608327597379684	-0.029729869216680527	-0.01682968996465206	-0.0963536873459816	0.08629350364208221	0.08877281099557877	-0.2548385262489319	0.1682453751564026	-0.01796971820294857	-0.11370789259672165	0.12307143956422806	0.15179064869880676
-0.003464240115135908	0.08831239491701126	-0.1018550843000412	-0.15006157755851746	0.01478763297200203	-0.032335326075553894	0.08015965670347214	-0.01884722337126732	-0.015947559848427773	0.16448166966438293	0.009359411895275116	-0.06761805713176727	-0.028882067650556564	-0.07193989306688309	-0.07250215858221054	0.04543827474117279	-0.015443217009305954	-0.23626163601875305	0.01782657764852047	0.26581284403800964	0.09899436682462692	-0.0811660960316658	0.03123830258846283	-0.20845583081245422	0.1292927861213684	-0.08275807648897171	0.20969314873218536	0.03317504748702049	0.2807557284832001	0.022979537025094032	0.041887007653713226	0.1236206591129303	-0.09564357250928879	-0.09378518164157867	-0.015096466057002544	0.13729622960090637	0.0019495021551847458	-0.08581503480672836	0.06965646892786026	-0.13563735783100128	0.015345461666584015	-0.14986073970794678	0.11783524602651596	-0.1480482965707779	-0.04694536328315735	-0.07334865629673004	0.08888301998376846	0.025236735120415688	-0.05234674736857414	0.24445238709449768	0.06610889732837677	0.2988368570804596	-0.09608327597379684	-0.029729869216680527	-0.01682968996465206	-0.0963536873459816	0.08629350364208221	0.08877281099557877	-0.2548385262489319	0.1682453751564026	-0.01796971820294857	-0.11370789259672165	0.12307143956422806	0.15179064869880676
0.08038521558046341	0.0005135754472576082	-0.03376169502735138	0.23375463485717773	0.1294708102941513	0.14429903030395508	-0.07833225280046463	0.06580182909965515	-0.11050254851579666	0.1977536976337433	-0.12655436992645264	-0.30332252383232117	-0.07545731216669083	-0.2094477117061615	0.27855631709098816	0.05201869457960129	-0.21266701817512512	0.06642396748065948	-0.24257884919643402	0.31215059757232666	-0.14309075474739075	0.09932616353034973	0.08049463480710983	0.04576275497674942	0.22676925361156464	0.26980677247047424	-0.007524337153881788	0.31235137581825256	0.1862468272447586	-0.36587899923324585	0.021694915369153023	0.15989486873149872	0.003825615392997861	0.00021981954341754317	-0.04099944978952408	-0.0265986118465662	0.11322177946567535	0.21519088745117188	-0.0234165508300066	0.09166724979877472	0.21209150552749634	0.12371693551540375	0.08245421946048737	0.05577344074845314	0.12155060470104218	-0.11637064814567566	0.18642176687717438	0.16492027044296265	-0.19432726502418518	-0.125377357006073	0.07976943254470825	0.09477081149816513	0.1760140061378479	0.0550137497484684	-0.005199932027608156	-0.07530691474676132	-0.039003636687994	0.03430863097310066	-0.11450127512216568	-0.06632666289806366	0.08638633042573929	-0.14672110974788666	0.10121762752532959	0.058468081057071686
-0.05415252596139908	-0.09731362015008926	0.05194571241736412	-0.00553659163415432	-0.15175893902778625	-0.012794469483196735	0.0390373170375824	0.004225258249789476	-0.04487108066678047	0.09852460026741028	0.037351448088884354	0.03386569768190384	0.1407393515110016	0.0003388742625247687	-0.15014541149139404	0.014459826052188873	0.057090576738119125	0.10660281032323837	-0.008849105797708035	-0.06075453758239746	0.05968165397644043	-0.024438519030809402	0.004204956814646721	0.08449626713991165	-0.13179434835910797	-0.002134911948814988	-0.07244612276554108	-0.01775633916258812	-0.053626928478479385	0.20001815259456635	-0.020886274054646492	0.017919111996889114	-0.08166221529245377	0.07497729361057281	-0.04814353957772255	0.0029862031806260347	-0.03327608108520508	-0.11444205045700073	0.0047659436240792274	0.013603107072412968	-0.05097266286611557	-0.015266401693224907	-0.026352521032094955	-0.08443218469619751	-0.03778832405805588	-0.06266190111637115	-0.05184037983417511	-0.09949227422475815	-0.05123601853847504	-0.02845887467265129	-0.08347418904304504	-0.10221056640148163	-0.08409161865711212	0.05625427886843681	-0.04349922388792038	-0.011190029792487621	0.08501653373241425	-0.04442061111330986	0.01944071613252163	0.016771839931607246	-0.007248962298035622	-0.07684379816055298	-0.04922841489315033	0.0375390350818634
-0.003464240115135908	0.08831239491701126	-0.1018550843000412	-0.15006157755851746	0.01478763297200203	-0.032335326075553894	0.08015965670347214	-0.01884722337126732	-0.015947559848427773	0.16448166966438293	0.009359411895275116	-0.06761805713176727	-0.028882067650556564	-0.07193989306688309	-0.07250215858221054	0.04543827474117279	-0.015443217009305954	-0.23626163601875305	0.01782657764852047	0.26581284403800964	0.09899436682462692	-0.0811660960316658	0.03123830258846283	-0.20845583081245422	0.1292927861213684	-0.08275807648897171	0.20969314873218536	0.03317504748702049	0.2807557284832001	0.022979537025094032	0.041887007653713226	0.1236206591129303	-0.09564357250928879	-0.09378518164157867	-0.015096466057002544	0.13729622960090637	0.0019495021551847458	-0.08581503480672836	0.06965646892786026	-0.13563735783100128	0.015345461666584015	-0.14986073970794678	0.11783524602651596	-0.1480482965707779	-0.04694536328315735	-0.07334865629673004	0.08888301998376846	0.025236735120415688	-0.05234674736857414	0.24445238709449768	0.06610889732837677	0.2988368570804596	-0.09608327597379684	-0.029729869216680527	-0.01682968996465206	-0.0963536873459816	0.08629350364208221	0.08877281099557877	-0.2548385262489319	0.1682453751564026	-0.01796971820294857	-0.11370789259672165	0.12307143956422806	0.15179064869880676
-0.05415252596139908	-0.09731362015008926	0.05194571241736412	-0.00553659163415432	-0.15175893902778625	-0.012794469483196735	0.0390373170375824	0.004225258249789476	-0.04487108066678047	0.09852460026741028	0.037351448088884354	0.03386569768190384	0.1407393515110016	0.0003388742625247687	-0.15014541149139404	0.014459826052188873	0.057090576738119125	0.10660281032323837	-0.008849105797708035	-0.06075453758239746	0.05968165397644043	-0.024438519030809402	0.004204956814646721	0.08449626713991165	-0.13179434835910797	-0.002134911948814988	-0.07244612276554108	-0.01775633916258812	-0.053626928478479385	0.20001815259456635	-0.020886274054646492	0.017919111996889114	-0.08166221529245377	0.07497729361057281	-0.04814353957772255	0.0029862031806260347	-0.03327608108520508	-0.11444205045700073	0.0047659436240792274	0.013603107072412968	-0.05097266286611557	-0.015266401693224907	-0.026352521032094955	-0.08443218469619751	-0.03778832405805588	-0.06266190111637115	-0.05184037983417511	-0.09949227422475815	-0.05123601853847504	-0.02845887467265129	-0.08347418904304504	-0.10221056640148163	-0.08409161865711212	0.05625427886843681	-0.04349922388792038	-0.011190029792487621	0.08501653373241425	-0.04442061111330986	0.01944071613252163	0.016771839931607246	-0.007248962298035622	-0.07684379816055298	-0.04922841489315033	0.0375390350818634
-0.05415252596139908	-0.09731362015008926	0.05194571241736412	-0.00553659163415432	-0.15175893902778625	-0.012794469483196735	0.0390373170375824	0.004225258249789476	-0.04487108066678047	0.09852460026741028	0.037351448088884354	0.03386569768190384	0.1407393515110016	0.0003388742625247687	-0.15014541149139404	0.014459826052188873	0.057090576738119125	0.10660281032323837	-0.008849105797708035	-0.06075453758239746	0.05968165397644043	-0.024438519030809402	0.004204956814646721	0.08449626713991165	-0.13179434835910797	-0.002134911948814988	-0.07244612276554108	-0.01775633916258812	-0.053626928478479385	0.20001815259456635	-0.020886274054646492	0.017919111996889114	-0.08166221529245377	0.07497729361057281	-0.04814353957772255	0.0029862031806260347	-0.03327608108520508	-0.11444205045700073	0.0047659436240792274	0.013603107072412968	-0.05097266286611557	-0.015266401693224907	-0.026352521032094955	-0.08443218469619751	-0.03778832405805588	-0.06266190111637115	-0.05184037983417511	-0.09949227422475815	-0.05123601853847504	-0.02845887467265129	-0.08347418904304504	-0.10221056640148163	-0.08409161865711212	0.05625427886843681	-0.04349922388792038	-0.011190029792487621	0.08501653373241425	-0.04442061111330986	0.01944071613252163	0.016771839931607246	-0.007248962298035622	-0.07684379816055298	-0.04922841489315033	0.0375390350818634
-0.05415252596139908	-0.09731362015008926	0.05194571241736412	-0.00553659163415432	-0.15175893902778625	-0.012794469483196735	0.0390373170375824	0.004225258249789476	-0.04487108066678047	0.09852460026741028	0.037351448088884354	0.03386569768190384	0.1407393515110016	0.0003388742625247687	-0.15014541149139404	0.014459826052188873	0.057090576738119125	0.10660281032323837	-0.008849105797708035	-0.06075453758239746	0.05968165397644043	-0.024438519030809402	0.004204956814646721	0.08449626713991165	-0.13179434835910797	-0.002134911948814988	-0.07244612276554108	-0.01775633916258812	-0.053626928478479385	0.20001815259456635	-0.020886274054646492	0.017919111996889114	-0.08166221529245377	0.07497729361057281	-0.04814353957772255	0.0029862031806260347	-0.03327608108520508	-0.11444205045700073	0.0047659436240792274	0.013603107072412968	-0.05097266286611557	-0.015266401693224907	-0.026352521032094955	-0.08443218469619751	-0.03778832405805588	-0.06266190111637115	-0.05184037983417511	-0.09949227422475815	-0.05123601853847504	-0.02845887467265129	-0.08347418904304504	-0.10221056640148163	-0.08409161865711212	0.05625427886843681	-0.04349922388792038	-0.011190029792487621	0.08501653373241425	-0.04442061111330986	0.01944071613252163	0.016771839931607246	-0.007248962298035622	-0.07684379816055298	-0.04922841489315033	0.0375390350818634
-0.003464240115135908	0.08831239491701126	-0.1018550843000412	-0.15006157755851746	0.01478763297200203	-0.032335326075553894	0.08015965670347214	-0.01884722337126732	-0.015947559848427773	0.16448166966438293	0.009359411895275116	-0.06761805713176727	-0.028882067650556564	-0.07193989306688309	-0.07250215858221054	0.04543827474117279	-0.015443217009305954	-0.23626163601875305	0.01782657764852047	0.26581284403800964	0.09899436682462692	-0.0811660960316658	0.03123830258846283	-0.20845583081245422	0.1292927861213684	-0.08275807648897171	0.20969314873218536	0.03317504748702049	0.2807557284832001	0.022979537025094032	0.041887007653713226	0.1236206591129303	-0.09564357250928879	-0.09378518164157867	-0.015096466057002544	0.13729622960090637	0.0019495021551847458	-0.08581503480672836	0.06965646892786026	-0.13563735783100128	0.015345461666584015	-0.14986073970794678	0.11783524602651596	-0.1480482965707779	-0.04694536328315735	-0.07334865629673004	0.08888301998376846	0.025236735120415688	-0.05234674736857414	0.24445238709449768	0.06610889732837677	0.2988368570804596	-0.09608327597379684	-0.029729869216680527	-0.01682968996465206	-0.0963536873459816	0.08629350364208221	0.08877281099557877	-0.2548385262489319	0.1682453751564026	-0.01796971820294857	-0.11370789259672165	0.12307143956422806	0.15179064869880676
0.07451340556144714	-0.1302158385515213	-0.045159127563238144	-0.07461479306221008	-0.07400742918252945	0.013103063218295574	-0.12426639348268509	-0.12178903818130493	0.03863939642906189	-0.09348297119140625	0.01893361657857895	0.22222331166267395	0.025319594889879227	0.18991588056087494	0.1271955817937851	0.027260133996605873	0.15950407087802887	-0.09192687273025513	0.10910259187221527	-0.09660732001066208	-0.11986425518989563	0.14745497703552246	-0.025035033002495766	-0.1561252325773239	-0.10498674213886261	0.0496516227722168	-0.10097085684537888	-0.201327845454216	-0.14734335243701935	-0.056778136640787125	0.08707039803266525	-0.1442296802997589	0.15687334537506104	0.09631402790546417	0.003906262572854757	-0.040699947625398636	-0.08437643200159073	-0.05379484221339226	-0.07886885851621628	-0.06739917397499084	0.12578672170639038	-0.14818508923053741	-0.024317879229784012	0.0371248722076416	-0.1066737025976181	0.05503492057323456	-0.05130891129374504	0.050206467509269714	0.060299165546894073	0.057288408279418945	-0.03430918976664543	-0.09074319154024124	-0.005368830636143684	0.02087130770087242	-0.01475684903562069	0.21005770564079285	-0.008122469298541546	-0.040997330099344254	-0.07412511110305786	-0.02632245421409607	-0.1914938986301422	0.21789172291755676	-0.05756014212965965	-0.07012733817100525
-0.05415252596139908	-0.09731362015008926	0.05194571241736412	-0.00553659163415432	-0.15175893902778625	-0.012794469483196735	0.0390373170375824	0.004225258249789476	-0.04487108066678047	0.09852460026741028	0.037351448088884354	0.03386569768190384	0.1407393515110016	0.0003388742625247687	-0.15014541149139404	0.014459826052188873	0.057090576738119125	0.10660281032323837	-0.008849105797708035	-0.06075453758239746	0.05968165397644043	-0.024438519030809402	0.004204956814646721	0.08449626713991165	-0.13179434835910797	-0.002134911948814988	-0.07244612276554108	-0.01775633916258812	-0.053626928478479385	0.20001815259456635	-0.020886274054646492	0.017919111996889114	-0.08166221529245377	0.07497729361057281	-0.04814353957772255	0.0029862031806260347	-0.03327608108520508	-0.11444205045700073	0.0047659436240792274	0.013603107072412968	-0.05097266286611557	-0.015266401693224907	-0.026352521032094955	-0.08443218469619751	-0.03778832405805588	-0.06266190111637115	-0.05184037983417511	-0.09949227422475815	-0.05123601853847504	-0.02845887467265129	-0.08347418904304504	-0.10221056640148163	-0.08409161865711212	0.05625427886843681	-0.04349922388792038	-0.011190029792487621	0.08501653373241425	-0.04442061111330986	0.01944071613252163	0.016771839931607246	-0.007248962298035622	-0.07684379816055298	-0.04922841489315033	0.0375390350818634
-0.003464240115135908	0.08831239491701126	-0.1018550843000412	-0.15006157755851746	0.01478763297200203	-0.032335326075553894	0.08015965670347214	-0.01884722337126732	-0.015947559848427773	0.16448166966438293	0.009359411895275116	-0.06761805713176727	-0.028882067650556564	-0.07193989306688309	-0.07250215858221054	0.04543827474117279	-0.015443217009305954	-0.23626163601875305	0.01782657764852047	0.26581284403800964	0.09899436682462692	-0.0811660960316658	0.03123830258846283	-0.20845583081245422	0.1292927861213684	-0.08275807648897171	0.20969314873218536	0.03317504748702049	0.2807557284832001	0.022979537025094032	0.041887007653713226	0.1236206591129303	-0.09564357250928879	-0.09378518164157867	-0.015096466057002544	0.13729622960090637	0.0019495021551847458	-0.08581503480672836	0.06965646892786026	-0.13563735783100128	0.015345461666584015	-0.14986073970794678	0.11783524602651596	-0.1480482965707779	-0.04694536328315735	-0.07334865629673004	0.08888301998376846	0.025236735120415688	-0.05234674736857414	0.24445238709449768	0.06610889732837677	0.2988368570804596	-0.09608327597379684	-0.029729869216680527	-0.01682968996465206	-0.0963536873459816	0.08629350364208221	0.08877281099557877	-0.2548385262489319	0.1682453751564026	-0.01796971820294857	-0.11370789259672165	0.12307143956422806	0.15179064869880676
-0.05415252596139908	-0.09731362015008926	0.05194571241736412	-0.00553659163415432	-0.15175893902778625	-0.012794469483196735	0.0390373170375824	0.004225258249789476	-0.04487108066678047	0.09852460026741028	0.037351448088884354	0.03386569768190384	0.1407393515110016	0.0003388742625247687	-0.15014541149139404	0.014459826052188873	0.057090576738119125	0.10660281032323837	-0.008849105797708035	-0.06075453758239746	0.05968165397644043	-0.024438519030809402	0.004204956814646721	0.08449626713991165	-0.13179434835910797	-0.002134911948814988	-0.07244612276554108	-0.01775633916258812	-0.053626928478479385	0.20001815259456635	-0.020886274054646492	0.017919111996889114	-0.08166221529245377	0.07497729361057281	-0.04814353957772255	0.0029862031806260347	-0.03327608108520508	-0.11444205045700073	0.0047659436240792274	0.013603107072412968	-0.05097266286611557	-0.015266401693224907	-0.026352521032094955	-0.08443218469619751	-0.03778832405805588	-0.06266190111637115	-0.05184037983417511	-0.09949227422475815	-0.05123601853847504	-0.02845887467265129	-0.08347418904304504	-0.10221056640148163	-0.08409161865711212	0.05625427886843681	-0.04349922388792038	-0.011190029792487621	0.08501653373241425	-0.04442061111330986	0.01944071613252163	0.016771839931607246	-0.007248962298035622	-0.07684379816055298	-0.04922841489315033	0.0375390350818634
-0.003464240115135908	0.08831239491701126	-0.1018550843000412	-0.15006157755851746	0.01478763297200203	-0.032335326075553894	0.08015965670347214	-0.01884722337126732	-0.015947559848427773	0.16448166966438293	0.009359411895275116	-0.06761805713176727	-0.028882067650556564	-0.07193989306688309	-0.07250215858221054	0.04543827474117279	-0.015443217009305954	-0.23626163601875305	0.01782657764852047	0.26581284403800964	0.09899436682462692	-0.0811660960316658	0.03123830258846283	-0.20845583081245422	0.1292927861213684	-0.08275807648897171	0.20969314873218536	0.03317504748702049	0.2807557284832001	0.022979537025094032	0.041887007653713226	0.1236206591129303	-0.09564357250928879	-0.09378518164157867	-0.015096466057002544	0.13729622960090637	0.0019495021551847458	-0.08581503480672836	0.06965646892786026	-0.13563735783100128	0.015345461666584015	-0.14986073970794678	0.11783524602651596	-0.1480482965707779	-0.04694536328315735	-0.07334865629673004	0.08888301998376846	0.025236735120415688	-0.05234674736857414	0.24445238709449768	0.06610889732837677	0.2988368570804596	-0.09608327597379684	-0.029729869216680527	-0.01682968996465206	-0.0963536873459816	0.08629350364208221	0.08877281099557877	-0.2548385262489319	0.1682453751564026	-0.01796971820294857	-0.11370789259672165	0.12307143956422806	0.15179064869880676
-0.003464240115135908	0.08831239491701126	-0.1018550843000412	-0.15006157755851746	0.01478763297200203	-0.032335326075553894	0.08015965670347214	-0.01884722337126732	-0.015947559848427773	0.16448166966438293	0.009359411895275116	-0.06761805713176727	-0.028882067650556564	-0.07193989306688309	-0.07250215858221054	0.04543827474117279	-0.015443217009305954	-0.23626163601875305	0.01782657764852047	0.26581284403800964	0.09899436682462692	-0.0811660960316658	0.03123830258846283	-0.20845583081245422	0.1292927861213684	-0.08275807648897171	0.20969314873218536	0.03317504748702049	0.2807557284832001	0.022979537025094032	0.041887007653713226	0.1236206591129303	-0.09564357250928879	-0.09378518164157867	-0.015096466057002544	0.13729622960090637	0.0019495021551847458	-0.08581503480672836	0.06965646892786026	-0.13563735783100128	0.015345461666584015	-0.14986073970794678	0.11783524602651596	-0.1480482965707779	-0.04694536328315735	-0.07334865629673004	0.08888301998376846	0.025236735120415688	-0.05234674736857414	0.24445238709449768	0.06610889732837677	0.2988368570804596	-0.09608327597379684	-0.029729869216680527	-0.01682968996465206	-0.0963536873459816	0.08629350364208221	0.08877281099557877	-0.2548385262489319	0.1682453751564026	-0.01796971820294857	-0.11370789259672165	0.12307143956422806	0.15179064869880676
-0.003464240115135908	0.08831239491701126	-0.1018550843000412	-0.15006157755851746	0.01478763297200203	-0.032335326075553894	0.08015965670347214	-0.01884722337126732	-0.015947559848427773	0.16448166966438293	0.009359411895275116	-0.06761805713176727	-0.028882067650556564	-0.07193989306688309	-0.07250215858221054	0.04543827474117279	-0.015443217009305954	-0.23626163601875305	0.01782657764852047	0.26581284403800964	0.09899436682462692	-0.0811660960316658	0.03123830258846283	-0.20845583081245422	0.1292927861213684	-0.08275807648897171	0.20969314873218536	0.03317504748702049	0.2807557284832001	0.022979537025094032	0.041887007653713226	0.1236206591129303	-0.09564357250928879	-0.09378518164157867	-0.015096466057002544	0.13729622960090637	0.0019495021551847458	-0.08581503480672836	0.06965646892786026	-0.13563735783100128	0.015345461666584015	-0.14986073970794678	0.11783524602651596	-0.1480482965707779	-0.04694536328315735	-0.07334865629673004	0.08888301998376846	0.025236735120415688	-0.05234674736857414	0.24445238709449768	0.06610889732837677	0.2988368570804596	-0.09608327597379684	-0.029729869216680527	-0.01682968996465206	-0.0963536873459816	0.08629350364208221	0.08877281099557877	-0.2548385262489319	0.1682453751564026	-0.01796971820294857	-0.11370789259672165	0.12307143956422806	0.15179064869880676
-0.003464240115135908	0.08831239491701126	-0.1018550843000412	-0.15006157755851746	0.01478763297200203	-0.032335326075553894	0.08015965670347214	-0.01884722337126732	-0.015947559848427773	0.16448166966438293	0.009359411895275116	-0.06761805713176727	-0.028882067650556564	-0.07193989306688309	-0.07250215858221054	0.04543827474117279	-0.015443217009305954	-0.23626163601875305	0.01782657764852047	0.26581284403800964	0.09899436682462692	-0.0811660960316658	0.03123830258846283	-0.20845583081245422	0.1292927861213684	-0.08275807648897171	0.20969314873218536	0.03317504748702049	0.2807557284832001	0.022979537025094032	0.041887007653713226	0.1236206591129303	-0.09564357250928879	-0.09378518164157867	-0.015096466057002544	0.13729622960090637	0.0019495021551847458	-0.08581503480672836	0.06965646892786026	-0.13563735783100128	0.015345461666584015	-0.14986073970794678	0.11783524602651596	-0.1480482965707779	-0.04694536328315735	-0.07334865629673004	0.08888301998376846	0.025236735120415688	-0.05234674736857414	0.24445238709449768	0.06610889732837677	0.2988368570804596	-0.09608327597379684	-0.029729869216680527	-0.01682968996465206	-0.0963536873459816	0.08629350364208221	0.08877281099557877	-0.2548385262489319	0.1682453751564026	-0.01796971820294857	-0.11370789259672165	0.12307143956422806	0.15179064869880676
-0.003464240115135908	0.08831239491701126	-0.1018550843000412	-0.15006157755851746	0.01478763297200203	-0.032335326075553894	0.08015965670347214	-0.01884722337126732	-0.015947559848427773	0.16448166966438293	0.009359411895275116	-0.06761805713176727	-0.028882067650556564	-0.07193989306688309	-0.07250215858221054	0.04543827474117279	-0.015443217009305954	-0.23626163601875305	0.01782657764852047	0.26581284403800964	0.09899436682462692	-0.0811660960316658	0.03123830258846283	-0.20845583081245422	0.1292927861213684	-0.08275807648897171	0.20969314873218536	0.03317504748702049	0.2807557284832001	0.022979537025094032	0.041887007653713226	0.1236206591129303	-0.09564357250928879	-0.09378518164157867	-0.015096466057002544	0.13729622960090637	0.0019495021551847458	-0.08581503480672836	0.06965646892786026	-0.13563735783100128	0.015345461666584015	-0.14986073970794678	0.11783524602651596	-0.1480482965707779	-0.04694536328315735	-0.07334865629673004	0.08888301998376846	0.025236735120415688	-0.05234674736857414	0.24445238709449768	0.06610889732837677	0.2988368570804596	-0.09608327597379684	-0.029729869216680527	-0.01682968996465206	-0.0963536873459816	0.08629350364208221	0.08877281099557877	-0.2548385262489319	0.1682453751564026	-0.01796971820294857	-0.11370789259672165	0.12307143956422806	0.15179064869880676
-0.003464240115135908	0.08831239491701126	-0.1018550843000412	-0.15006157755851746	0.01478763297200203	-0.032335326075553894	0.08015965670347214	-0.01884722337126732	-0.015947559848427773	0.16448166966438293	0.009359411895275116	-0.06761805713176727	-0.028882067650556564	-0.07193989306688309	-0.07250215858221054	0.04543827474117279	-0.015443217009305954	-0.23626163601875305	0.01782657764852047	0.26581284403800964	0.09899436682462692	-0.0811660960316658	0.03123830258846283	-0.20845583081245422	0.1292927861213684	-0.08275807648897171	0.20969314873218536	0.03317504748702049	0.2807557284832001	0.022979537025094032	0.041887007653713226	0.1236206591129303	-0.09564357250928879	-0.09378518164157867	-0.015096466057002544	0.13729622960090637	0.0019495021551847458	-0.08581503480672836	0.06965646892786026	-0.13563735783100128	0.015345461666584015	-0.14986073970794678	0.11783524602651596	-0.1480482965707779	-0.04694536328315735	-0.07334865629673004	0.08888301998376846	0.025236735120415688	-0.05234674736857414	0.24445238709449768	0.06610889732837677	0.2988368570804596	-0.09608327597379684	-0.029729869216680527	-0.01682968996465206	-0.0963536873459816	0.08629350364208221	0.08877281099557877	-0.2548385262489319	0.1682453751564026	-0.01796971820294857	-0.11370789259672165	0.12307143956422806	0.15179064869880676
-0.003464240115135908	0.08831239491701126	-0.1018550843000412	-0.15006157755851746	0.01478763297200203	-0.032335326075553894	0.08015965670347214	-0.01884722337126732	-0.015947559848427773	0.16448166966438293	0.009359411895275116	-0.06761805713176727	-0.028882067650556564	-0.07193989306688309	-0.07250215858221054	0.04543827474117279	-0.015443217009305954	-0.23626163601875305	0.01782657764852047	0.26581284403800964	0.09899436682462692	-0.0811660960316658	0.03123830258846283	-0.20845583081245422	0.1292927861213684	-0.08275807648897171	0.20969314873218536	0.03317504748702049	0.2807557284832001	0.022979537025094032	0.041887007653713226	0.1236206591129303	-0.09564357250928879	-0.09378518164157867	-0.015096466057002544	0.13729622960090637	0.0019495021551847458	-0.08581503480672836	0.06965646892786026	-0.13563735783100128	0.015345461666584015	-0.14986073970794678	0.11783524602651596	-0.1480482965707779	-0.04694536328315735	-0.07334865629673004	0.08888301998376846	0.025236735120415688	-0.05234674736857414	0.24445238709449768	0.06610889732837677	0.2988368570804596	-0.09608327597379684	-0.029729869216680527	-0.01682968996465206	-0.0963536873459816	0.08629350364208221	0.08877281099557877	-0.2548385262489319	0.1682453751564026	-0.01796971820294857	-0.11370789259672165	0.12307143956422806	0.15179064869880676
-0.003464240115135908	0.08831239491701126	-0.1018550843000412	-0.15006157755851746	0.01478763297200203	-0.032335326075553894	0.08015965670347214	-0.01884722337126732	-0.015947559848427773	0.16448166966438293	0.009359411895275116	-0.06761805713176727	-0.028882067650556564	-0.07193989306688309	-0.07250215858221054	0.04543827474117279	-0.015443217009305954	-0.23626163601875305	0.01782657764852047	0.26581284403800964	0.09899436682462692	-0.0811660960316658	0.03123830258846283	-0.20845583081245422	0.1292927861213684	-0.08275807648897171	0.20969314873218536	0.03317504748702049	0.2807557284832001	0.022979537025094032	0.041887007653713226	0.1236206591129303	-0.09564357250928879	-0.09378518164157867	-0.015096466057002544	0.13729622960090637	0.0019495021551847458	-0.08581503480672836	0.06965646892786026	-0.13563735783100128	0.015345461666584015	-0.14986073970794678	0.11783524602651596	-0.1480482965707779	-0.04694536328315735	-0.07334865629673004	0.08888301998376846	0.025236735120415688	-0.05234674736857414	0.24445238709449768	0.06610889732837677	0.2988368570804596	-0.09608327597379684	-0.029729869216680527	-0.01682968996465206	-0.0963536873459816	0.08629350364208221	0.08877281099557877	-0.2548385262489319	0.1682453751564026	-0.01796971820294857	-0.11370789259672165	0.12307143956422806	0.15179064869880676
-0.05415252596139908	-0.09731362015008926	0.05194571241736412	-0.00553659163415432	-0.15175893902778625	-0.012794469483196735	0.0390373170375824	0.004225258249789476	-0.04487108066678047	0.09852460026741028	0.037351448088884354	0.03386569768190384	0.1407393515110016	0.0003388742625247687	-0.15014541149139404	0.014459826052188873	0.057090576738119125	0.10660281032323837	-0.008849105797708035	-0.06075453758239746	0.05968165397644043	-0.024438519030809402	0.004204956814646721	0.08449626713991165	-0.13179434835910797	-0.002134911948814988	-0.07244612276554108	-0.01775633916258812	-0.053626928478479385	0.20001815259456635	-0.020886274054646492	0.017919111996889114	-0.08166221529245377	0.07497729361057281	-0.04814353957772255	0.0029862031806260347	-0.03327608108520508	-0.11444205045700073	0.0047659436240792274	0.013603107072412968	-0.05097266286611557	-0.015266401693224907	-0.026352521032094955	-0.08443218469619751	-0.03778832405805588	-0.06266190111637115	-0.05184037983417511	-0.09949227422475815	-0.05123601853847504	-0.02845887467265129	-0.08347418904304504	-0.10221056640148163	-0.08409161865711212	0.05625427886843681	-0.04349922388792038	-0.011190029792487621	0.08501653373241425	-0.04442061111330986	0.01944071613252163	0.016771839931607246	-0.007248962298035622	-0.07684379816055298	-0.04922841489315033	0.0375390350818634
-0.003464240115135908	0.08831239491701126	-0.1018550843000412	-0.15006157755851746	0.01478763297200203	-0.032335326075553894	0.08015965670347214	-0.01884722337126732	-0.015947559848427773	0.16448166966438293	0.009359411895275116	-0.06761805713176727	-0.028882067650556564	-0.07193989306688309	-0.07250215858221054	0.04543827474117279	-0.015443217009305954	-0.23626163601875305	0.01782657764852047	0.26581284403800964	0.09899436682462692	-0.0811660960316658	0.03123830258846283	-0.20845583081245422	0.1292927861213684	-0.08275807648897171	0.20969314873218536	0.03317504748702049	0.2807557284832001	0.022979537025094032	0.041887007653713226	0.1236206591129303	-0.09564357250928879	-0.09378518164157867	-0.015096466057002544	0.13729622960090637	0.0019495021551847458	-0.08581503480672836	0.06965646892786026	-0.13563735783100128	0.015345461666584015	-0.14986073970794678	0.11783524602651596	-0.1480482965707779	-0.04694536328315735	-0.07334865629673004	0.08888301998376846	0.025236735120415688	-0.05234674736857414	0.24445238709449768	0.06610889732837677	0.2988368570804596	-0.09608327597379684	-0.029729869216680527	-0.01682968996465206	-0.0963536873459816	0.08629350364208221	0.08877281099557877	-0.2548385262489319	0.1682453751564026	-0.01796971820294857	-0.11370789259672165	0.12307143956422806	0.15179064869880676
-0.05415252596139908	-0.09731362015008926	0.05194571241736412	-0.00553659163415432	-0.15175893902778625	-0.012794469483196735	0.0390373170375824	0.004225258249789476	-0.04487108066678047	0.09852460026741028	0.037351448088884354	0.03386569768190384	0.1407393515110016	0.0003388742625247687	-0.15014541149139404	0.014459826052188873	0.057090576738119125	0.10660281032323837	-0.008849105797708035	-0.06075453758239746	0.05968165397644043	-0.024438519030809402	0.004204956814646721	0.08449626713991165	-0.13179434835910797	-0.002134911948814988	-0.07244612276554108	-0.01775633916258812	-0.053626928478479385	0.20001815259456635	-0.020886274054646492	0.017919111996889114	-0.08166221529245377	0.07497729361057281	-0.04814353957772255	0.0029862031806260347	-0.03327608108520508	-0.11444205045700073	0.0047659436240792274	0.013603107072412968	-0.05097266286611557	-0.015266401693224907	-0.026352521032094955	-0.08443218469619751	-0.03778832405805588	-0.06266190111637115	-0.05184037983417511	-0.09949227422475815	-0.05123601853847504	-0.02845887467265129	-0.08347418904304504	-0.10221056640148163	-0.08409161865711212	0.05625427886843681	-0.04349922388792038	-0.011190029792487621	0.08501653373241425	-0.04442061111330986	0.01944071613252163	0.016771839931607246	-0.007248962298035622	-0.07684379816055298	-0.04922841489315033	0.0375390350818634
-0.003464240115135908	0.08831239491701126	-0.1018550843000412	-0.15006157755851746	0.01478763297200203	-0.032335326075553894	0.08015965670347214	-0.01884722337126732	-0.015947559848427773	0.16448166966438293	0.009359411895275116	-0.06761805713176727	-0.028882067650556564	-0.07193989306688309	-0.07250215858221054	0.04543827474117279	-0.015443217009305954	-0.23626163601875305	0.01782657764852047	0.26581284403800964	0.09899436682462692	-0.0811660960316658	0.03123830258846283	-0.20845583081245422	0.1292927861213684	-0.08275807648897171	0.20969314873218536	0.03317504748702049	0.2807557284832001	0.022979537025094032	0.041887007653713226	0.1236206591129303	-0.09564357250928879	-0.09378518164157867	-0.015096466057002544	0.13729622960090637	0.0019495021551847458	-0.08581503480672836	0.06965646892786026	-0.13563735783100128	0.015345461666584015	-0.14986073970794678	0.11783524602651596	-0.1480482965707779	-0.04694536328315735	-0.07334865629673004	0.08888301998376846	0.025236735120415688	-0.05234674736857414	0.24445238709449768	0.06610889732837677	0.2988368570804596	-0.09608327597379684	-0.029729869216680527	-0.01682968996465206	-0.0963536873459816	0.08629350364208221	0.08877281099557877	-0.2548385262489319	0.1682453751564026	-0.01796971820294857	-0.11370789259672165	0.12307143956422806	0.15179064869880676
-0.003464240115135908	0.08831239491701126	-0.1018550843000412	-0.15006157755851746	0.01478763297200203	-0.032335326075553894	0.08015965670347214	-0.01884722337126732	-0.015947559848427773	0.16448166966438293	0.009359411895275116	-0.06761805713176727	-0.028882067650556564	-0.07193989306688309	-0.07250215858221054	0.04543827474117279	-0.015443217009305954	-0.23626163601875305	0.01782657764852047	0.26581284403800964	0.09899436682462692	-0.0811660960316658	0.03123830258846283	-0.20845583081245422	0.1292927861213684	-0.08275807648897171	0.20969314873218536	0.03317504748702049	0.2807557284832001	0.022979537025094032	0.041887007653713226	0.1236206591129303	-0.09564357250928879	-0.09378518164157867	-0.015096466057002544	0.13729622960090637	0.0019495021551847458	-0.08581503480672836	0.06965646892786026	-0.13563735783100128	0.015345461666584015	-0.14986073970794678	0.11783524602651596	-0.1480482965707779	-0.04694536328315735	-0.07334865629673004	0.08888301998376846	0.025236735120415688	-0.05234674736857414	0.24445238709449768	0.06610889732837677	0.2988368570804596	-0.09608327597379684	-0.029729869216680527	-0.01682968996465206	-0.0963536873459816	0.08629350364208221	0.08877281099557877	-0.2548385262489319	0.1682453751564026	-0.01796971820294857	-0.11370789259672165	0.12307143956422806	0.15179064869880676
-0.05415252596139908	-0.09731362015008926	0.05194571241736412	-0.00553659163415432	-0.15175893902778625	-0.012794469483196735	0.0390373170375824	0.004225258249789476	-0.04487108066678047	0.09852460026741028	0.037351448088884354	0.03386569768190384	0.1407393515110016	0.0003388742625247687	-0.15014541149139404	0.014459826052188873	0.057090576738119125	0.10660281032323837	-0.008849105797708035	-0.06075453758239746	0.05968165397644043	-0.024438519030809402	0.004204956814646721	0.08449626713991165	-0.13179434835910797	-0.002134911948814988	-0.07244612276554108	-0.01775633916258812	-0.053626928478479385	0.20001815259456635	-0.020886274054646492	0.017919111996889114	-0.08166221529245377	0.07497729361057281	-0.04814353957772255	0.0029862031806260347	-0.03327608108520508	-0.11444205045700073	0.0047659436240792274	0.013603107072412968	-0.05097266286611557	-0.015266401693224907	-0.026352521032094955	-0.08443218469619751	-0.03778832405805588	-0.06266190111637115	-0.05184037983417511	-0.09949227422475815	-0.05123601853847504	-0.02845887467265129	-0.08347418904304504	-0.10221056640148163	-0.08409161865711212	0.05625427886843681	-0.04349922388792038	-0.011190029792487621	0.08501653373241425	-0.04442061111330986	0.01944071613252163	0.016771839931607246	-0.007248962298035622	-0.07684379816055298	-0.04922841489315033	0.0375390350818634
-0.05415252596139908	-0.09731362015008926	0.05194571241736412	-0.00553659163415432	-0.15175893902778625	-0.012794469483196735	0.0390373170375824	0.004225258249789476	-0.04487108066678047	0.09852460026741028	0.037351448088884354	0.03386569768190384	0.1407393515110016	0.0003388742625247687	-0.15014541149139404	0.014459826052188873	0.057090576738119125	0.10660281032323837	-0.008849105797708035	-0.06075453758239746	0.05968165397644043	-0.024438519030809402	0.004204956814646721	0.08449626713991165	-0.13179434835910797	-0.002134911948814988	-0.07244612276554108	-0.01775633916258812	-0.053626928478479385	0.20001815259456635	-0.020886274054646492	0.017919111996889114	-0.08166221529245377	0.07497729361057281	-0.04814353957772255	0.0029862031806260347	-0.03327608108520508	-0.11444205045700073	0.0047659436240792274	0.013603107072412968	-0.05097266286611557	-0.015266401693224907	-0.026352521032094955	-0.08443218469619751	-0.03778832405805588	-0.06266190111637115	-0.05184037983417511	-0.09949227422475815	-0.05123601853847504	-0.02845887467265129	-0.08347418904304504	-0.10221056640148163	-0.08409161865711212	0.05625427886843681	-0.04349922388792038	-0.011190029792487621	0.08501653373241425	-0.04442061111330986	0.01944071613252163	0.016771839931607246	-0.007248962298035622	-0.07684379816055298	-0.04922841489315033	0.0375390350818634
-0.003464240115135908	0.08831239491701126	-0.1018550843000412	-0.15006157755851746	0.01478763297200203	-0.032335326075553894	0.08015965670347214	-0.01884722337126732	-0.015947559848427773	0.16448166966438293	0.009359411895275116	-0.06761805713176727	-0.028882067650556564	-0.07193989306688309	-0.07250215858221054	0.04543827474117279	-0.015443217009305954	-0.23626163601875305	0.01782657764852047	0.26581284403800964	0.09899436682462692	-0.0811660960316658	0.03123830258846283	-0.20845583081245422	0.1292927861213684	-0.08275807648897171	0.20969314873218536	0.03317504748702049	0.2807557284832001	0.022979537025094032	0.041887007653713226	0.1236206591129303	-0.09564357250928879	-0.09378518164157867	-0.015096466057002544	0.13729622960090637	0.0019495021551847458	-0.08581503480672836	0.06965646892786026	-0.13563735783100128	0.015345461666584015	-0.14986073970794678	0.11783524602651596	-0.1480482965707779	-0.04694536328315735	-0.07334865629673004	0.08888301998376846	0.025236735120415688	-0.05234674736857414	0.24445238709449768	0.06610889732837677	0.2988368570804596	-0.09608327597379684	-0.029729869216680527	-0.01682968996465206	-0.0963536873459816	0.08629350364208221	0.08877281099557877	-0.2548385262489319	0.1682453751564026	-0.01796971820294857	-0.11370789259672165	0.12307143956422806	0.15179064869880676
-0.05415252596139908	-0.09731362015008926	0.05194571241736412	-0.00553659163415432	-0.15175893902778625	-0.012794469483196735	0.0390373170375824	0.004225258249789476	-0.04487108066678047	0.09852460026741028	0.037351448088884354	0.03386569768190384	0.1407393515110016	0.0003388742625247687	-0.15014541149139404	0.014459826052188873	0.057090576738119125	0.10660281032323837	-0.008849105797708035	-0.06075453758239746	0.05968165397644043	-0.024438519030809402	0.004204956814646721	0.08449626713991165	-0.13179434835910797	-0.002134911948814988	-0.07244612276554108	-0.01775633916258812	-0.053626928478479385	0.20001815259456635	-0.020886274054646492	0.017919111996889114	-0.08166221529245377	0.07497729361057281	-0.04814353957772255	0.0029862031806260347	-0.03327608108520508	-0.11444205045700073	0.0047659436240792274	0.013603107072412968	-0.05097266286611557	-0.015266401693224907	-0.026352521032094955	-0.08443218469619751	-0.03778832405805588	-0.06266190111637115	-0.05184037983417511	-0.09949227422475815	-0.05123601853847504	-0.02845887467265129	-0.08347418904304504	-0.10221056640148163	-0.08409161865711212	0.05625427886843681	-0.04349922388792038	-0.011190029792487621	0.08501653373241425	-0.04442061111330986	0.01944071613252163	0.016771839931607246	-0.007248962298035622	-0.07684379816055298	-0.04922841489315033	0.0375390350818634
-0.05415252596139908	-0.09731362015008926	0.05194571241736412	-0.00553659163415432	-0.15175893902778625	-0.012794469483196735	0.0390373170375824	0.004225258249789476	-0.04487108066678047	0.09852460026741028	0.037351448088884354	0.03386569768190384	0.1407393515110016	0.0003388742625247687	-0.15014541149139404	0.014459826052188873	0.057090576738119125	0.10660281032323837	-0.008849105797708035	-0.06075453758239746	0.05968165397644043	-0.024438519030809402	0.004204956814646721	0.08449626713991165	-0.13179434835910797	-0.002134911948814988	-0.07244612276554108	-0.01775633916258812	-0.053626928478479385	0.20001815259456635	-0.020886274054646492	0.017919111996889114	-0.08166221529245377	0.07497729361057281	-0.04814353957772255	0.0029862031806260347	-0.03327608108520508	-0.11444205045700073	0.0047659436240792274	0.013603107072412968	-0.05097266286611557	-0.015266401693224907	-0.026352521032094955	-0.08443218469619751	-0.03778832405805588	-0.06266190111637115	-0.05184037983417511	-0.09949227422475815	-0.05123601853847504	-0.02845887467265129	-0.08347418904304504	-0.10221056640148163	-0.08409161865711212	0.05625427886843681	-0.04349922388792038	-0.011190029792487621	0.08501653373241425	-0.04442061111330986	0.01944071613252163	0.016771839931607246	-0.007248962298035622	-0.07684379816055298	-0.04922841489315033	0.0375390350818634
-0.003464240115135908	0.08831239491701126	-0.1018550843000412	-0.15006157755851746	0.01478763297200203	-0.032335326075553894	0.08015965670347214	-0.01884722337126732	-0.015947559848427773	0.16448166966438293	0.009359411895275116	-0.06761805713176727	-0.028882067650556564	-0.07193989306688309	-0.07250215858221054	0.04543827474117279	-0.015443217009305954	-0.23626163601875305	0.01782657764852047	0.26581284403800964	0.09899436682462692	-0.0811660960316658	0.03123830258846283	-0.20845583081245422	0.1292927861213684	-0.08275807648897171	0.20969314873218536	0.03317504748702049	0.2807557284832001	0.022979537025094032	0.041887007653713226	0.1236206591129303	-0.09564357250928879	-0.09378518164157867	-0.015096466057002544	0.13729622960090637	0.0019495021551847458	-0.08581503480672836	0.06965646892786026	-0.13563735783100128	0.015345461666584015	-0.14986073970794678	0.11783524602651596	-0.1480482965707779	-0.04694536328315735	-0.07334865629673004	0.08888301998376846	0.025236735120415688	-0.05234674736857414	0.24445238709449768	0.06610889732837677	0.2988368570804596	-0.09608327597379684	-0.029729869216680527	-0.01682968996465206	-0.0963536873459816	0.08629350364208221	0.08877281099557877	-0.2548385262489319	0.1682453751564026	-0.01796971820294857	-0.11370789259672165	0.12307143956422806	0.15179064869880676
-0.05415252596139908	-0.09731362015008926	0.05194571241736412	-0.00553659163415432	-0.15175893902778625	-0.012794469483196735	0.0390373170375824	0.004225258249789476	-0.04487108066678047	0.09852460026741028	0.037351448088884354	0.03386569768190384	0.1407393515110016	0.0003388742625247687	-0.15014541149139404	0.014459826052188873	0.057090576738119125	0.10660281032323837	-0.008849105797708035	-0.06075453758239746	0.05968165397644043	-0.024438519030809402	0.004204956814646721	0.08449626713991165	-0.13179434835910797	-0.002134911948814988	-0.07244612276554108	-0.01775633916258812	-0.053626928478479385	0.20001815259456635	-0.020886274054646492	0.017919111996889114	-0.08166221529245377	0.07497729361057281	-0.04814353957772255	0.0029862031806260347	-0.03327608108520508	-0.11444205045700073	0.0047659436240792274	0.013603107072412968	-0.05097266286611557	-0.015266401693224907	-0.026352521032094955	-0.08443218469619751	-0.03778832405805588	-0.06266190111637115	-0.05184037983417511	-0.09949227422475815	-0.05123601853847504	-0.02845887467265129	-0.08347418904304504	-0.10221056640148163	-0.08409161865711212	0.05625427886843681	-0.04349922388792038	-0.011190029792487621	0.08501653373241425	-0.04442061111330986	0.01944071613252163	0.016771839931607246	-0.007248962298035622	-0.07684379816055298	-0.04922841489315033	0.0375390350818634
-0.003464240115135908	0.08831239491701126	-0.1018550843000412	-0.15006157755851746	0.01478763297200203	-0.032335326075553894	0.08015965670347214	-0.01884722337126732	-0.015947559848427773	0.16448166966438293	0.009359411895275116	-0.06761805713176727	-0.028882067650556564	-0.07193989306688309	-0.07250215858221054	0.04543827474117279	-0.015443217009305954	-0.23626163601875305	0.01782657764852047	0.26581284403800964	0.09899436682462692	-0.0811660960316658	0.03123830258846283	-0.20845583081245422	0.1292927861213684	-0.08275807648897171	0.20969314873218536	0.03317504748702049	0.2807557284832001	0.022979537025094032	0.041887007653713226	0.1236206591129303	-0.09564357250928879	-0.09378518164157867	-0.015096466057002544	0.13729622960090637	0.0019495021551847458	-0.08581503480672836	0.06965646892786026	-0.13563735783100128	0.015345461666584015	-0.14986073970794678	0.11783524602651596	-0.1480482965707779	-0.04694536328315735	-0.07334865629673004	0.08888301998376846	0.025236735120415688	-0.05234674736857414	0.24445238709449768	0.06610889732837677	0.2988368570804596	-0.09608327597379684	-0.029729869216680527	-0.01682968996465206	-0.0963536873459816	0.08629350364208221	0.08877281099557877	-0.2548385262489319	0.1682453751564026	-0.01796971820294857	-0.11370789259672165	0.12307143956422806	0.15179064869880676
-0.003464240115135908	0.08831239491701126	-0.1018550843000412	-0.15006157755851746	0.01478763297200203	-0.032335326075553894	0.08015965670347214	-0.01884722337126732	-0.015947559848427773	0.16448166966438293	0.009359411895275116	-0.06761805713176727	-0.028882067650556564	-0.07193989306688309	-0.07250215858221054	0.04543827474117279	-0.015443217009305954	-0.23626163601875305	0.01782657764852047	0.26581284403800964	0.09899436682462692	-0.0811660960316658	0.03123830258846283	-0.20845583081245422	0.1292927861213684	-0.08275807648897171	0.20969314873218536	0.03317504748702049	0.2807557284832001	0.022979537025094032	0.041887007653713226	0.1236206591129303	-0.09564357250928879	-0.09378518164157867	-0.015096466057002544	0.13729622960090637	0.0019495021551847458	-0.08581503480672836	0.06965646892786026	-0.13563735783100128	0.015345461666584015	-0.14986073970794678	0.11783524602651596	-0.1480482965707779	-0.04694536328315735	-0.07334865629673004	0.08888301998376846	0.025236735120415688	-0.05234674736857414	0.24445238709449768	0.06610889732837677	0.2988368570804596	-0.09608327597379684	-0.029729869216680527	-0.01682968996465206	-0.0963536873459816	0.08629350364208221	0.08877281099557877	-0.2548385262489319	0.1682453751564026	-0.01796971820294857	-0.11370789259672165	0.12307143956422806	0.15179064869880676
-0.003464240115135908	0.08831239491701126	-0.1018550843000412	-0.15006157755851746	0.01478763297200203	-0.032335326075553894	0.08015965670347214	-0.01884722337126732	-0.015947559848427773	0.16448166966438293	0.009359411895275116	-0.06761805713176727	-0.028882067650556564	-0.07193989306688309	-0.07250215858221054	0.04543827474117279	-0.015443217009305954	-0.23626163601875305	0.01782657764852047	0.26581284403800964	0.09899436682462692	-0.0811660960316658	0.03123830258846283	-0.20845583081245422	0.1292927861213684	-0.08275807648897171	0.20969314873218536	0.03317504748702049	0.2807557284832001	0.022979537025094032	0.041887007653713226	0.1236206591129303	-0.09564357250928879	-0.09378518164157867	-0.015096466057002544	0.13729622960090637	0.0019495021551847458	-0.08581503480672836	0.06965646892786026	-0.13563735783100128	0.015345461666584015	-0.14986073970794678	0.11783524602651596	-0.1480482965707779	-0.04694536328315735	-0.07334865629673004	0.08888301998376846	0.025236735120415688	-0.05234674736857414	0.24445238709449768	0.06610889732837677	0.2988368570804596	-0.09608327597379684	-0.029729869216680527	-0.01682968996465206	-0.0963536873459816	0.08629350364208221	0.08877281099557877	-0.2548385262489319	0.1682453751564026	-0.01796971820294857	-0.11370789259672165	0.12307143956422806	0.15179064869880676
-0.003464240115135908	0.08831239491701126	-0.1018550843000412	-0.15006157755851746	0.01478763297200203	-0.032335326075553894	0.08015965670347214	-0.01884722337126732	-0.015947559848427773	0.16448166966438293	0.009359411895275116	-0.06761805713176727	-0.028882067650556564	-0.07193989306688309	-0.07250215858221054	0.04543827474117279	-0.015443217009305954	-0.23626163601875305	0.01782657764852047	0.26581284403800964	0.09899436682462692	-0.0811660960316658	0.03123830258846283	-0.20845583081245422	0.1292927861213684	-0.08275807648897171	0.20969314873218536	0.03317504748702049	0.2807557284832001	0.022979537025094032	0.041887007653713226	0.1236206591129303	-0.09564357250928879	-0.09378518164157867	-0.015096466057002544	0.13729622960090637	0.0019495021551847458	-0.08581503480672836	0.06965646892786026	-0.13563735783100128	0.015345461666584015	-0.14986073970794678	0.11783524602651596	-0.1480482965707779	-0.04694536328315735	-0.07334865629673004	0.08888301998376846	0.025236735120415688	-0.05234674736857414	0.24445238709449768	0.06610889732837677	0.2988368570804596	-0.09608327597379684	-0.029729869216680527	-0.01682968996465206	-0.0963536873459816	0.08629350364208221	0.08877281099557877	-0.2548385262489319	0.1682453751564026	-0.01796971820294857	-0.11370789259672165	0.12307143956422806	0.15179064869880676
-0.003464240115135908	0.08831239491701126	-0.1018550843000412	-0.15006157755851746	0.01478763297200203	-0.032335326075553894	0.08015965670347214	-0.01884722337126732	-0.015947559848427773	0.16448166966438293	0.009359411895275116	-0.06761805713176727	-0.028882067650556564	-0.07193989306688309	-0.07250215858221054	0.04543827474117279	-0.015443217009305954	-0.23626163601875305	0.01782657764852047	0.26581284403800964	0.09899436682462692	-0.0811660960316658	0.03123830258846283	-0.20845583081245422	0.1292927861213684	-0.08275807648897171	0.20969314873218536	0.03317504748702049	0.2807557284832001	0.022979537025094032	0.041887007653713226	0.1236206591129303	-0.09564357250928879	-0.09378518164157867	-0.015096466057002544	0.13729622960090637	0.0019495021551847458	-0.08581503480672836	0.06965646892786026	-0.13563735783100128	0.015345461666584015	-0.14986073970794678	0.11783524602651596	-0.1480482965707779	-0.04694536328315735	-0.07334865629673004	0.08888301998376846	0.025236735120415688	-0.05234674736857414	0.24445238709449768	0.06610889732837677	0.2988368570804596	-0.09608327597379684	-0.029729869216680527	-0.01682968996465206	-0.0963536873459816	0.08629350364208221	0.08877281099557877	-0.2548385262489319	0.1682453751564026	-0.01796971820294857	-0.11370789259672165	0.12307143956422806	0.15179064869880676
-0.003464240115135908	0.08831239491701126	-0.1018550843000412	-0.15006157755851746	0.01478763297200203	-0.032335326075553894	0.08015965670347214	-0.01884722337126732	-0.015947559848427773	0.16448166966438293	0.009359411895275116	-0.06761805713176727	-0.028882067650556564	-0.07193989306688309	-0.07250215858221054	0.04543827474117279	-0.015443217009305954	-0.23626163601875305	0.01782657764852047	0.26581284403800964	0.09899436682462692	-0.0811660960316658	0.03123830258846283	-0.20845583081245422	0.1292927861213684	-0.08275807648897171	0.20969314873218536	0.03317504748702049	0.2807557284832001	0.022979537025094032	0.041887007653713226	0.1236206591129303	-0.09564357250928879	-0.09378518164157867	-0.015096466057002544	0.13729622960090637	0.0019495021551847458	-0.08581503480672836	0.06965646892786026	-0.13563735783100128	0.015345461666584015	-0.14986073970794678	0.11783524602651596	-0.1480482965707779	-0.04694536328315735	-0.07334865629673004	0.08888301998376846	0.025236735120415688	-0.05234674736857414	0.24445238709449768	0.06610889732837677	0.2988368570804596	-0.09608327597379684	-0.029729869216680527	-0.01682968996465206	-0.0963536873459816	0.08629350364208221	0.08877281099557877	-0.2548385262489319	0.1682453751564026	-0.01796971820294857	-0.11370789259672165	0.12307143956422806	0.15179064869880676
-0.003464240115135908	0.08831239491701126	-0.1018550843000412	-0.15006157755851746	0.01478763297200203	-0.032335326075553894	0.08015965670347214	-0.01884722337126732	-0.015947559848427773	0.16448166966438293	0.009359411895275116	-0.06761805713176727	-0.028882067650556564	-0.07193989306688309	-0.07250215858221054	0.04543827474117279	-0.015443217009305954	-0.23626163601875305	0.01782657764852047	0.26581284403800964	0.09899436682462692	-0.0811660960316658	0.03123830258846283	-0.20845583081245422	0.1292927861213684	-0.08275807648897171	0.20969314873218536	0.03317504748702049	0.2807557284832001	0.022979537025094032	0.041887007653713226	0.1236206591129303	-0.09564357250928879	-0.09378518164157867	-0.015096466057002544	0.13729622960090637	0.0019495021551847458	-0.08581503480672836	0.06965646892786026	-0.13563735783100128	0.015345461666584015	-0.14986073970794678	0.11783524602651596	-0.1480482965707779	-0.04694536328315735	-0.07334865629673004	0.08888301998376846	0.025236735120415688	-0.05234674736857414	0.24445238709449768	0.06610889732837677	0.2988368570804596	-0.09608327597379684	-0.029729869216680527	-0.01682968996465206	-0.0963536873459816	0.08629350364208221	0.08877281099557877	-0.2548385262489319	0.1682453751564026	-0.01796971820294857	-0.11370789259672165	0.12307143956422806	0.15179064869880676
-0.05415252596139908	-0.09731362015008926	0.05194571241736412	-0.00553659163415432	-0.15175893902778625	-0.012794469483196735	0.0390373170375824	0.004225258249789476	-0.04487108066678047	0.09852460026741028	0.037351448088884354	0.03386569768190384	0.1407393515110016	0.0003388742625247687	-0.15014541149139404	0.014459826052188873	0.057090576738119125	0.10660281032323837	-0.008849105797708035	-0.06075453758239746	0.05968165397644043	-0.024438519030809402	0.004204956814646721	0.08449626713991165	-0.13179434835910797	-0.002134911948814988	-0.07244612276554108	-0.01775633916258812	-0.053626928478479385	0.20001815259456635	-0.020886274054646492	0.017919111996889114	-0.08166221529245377	0.07497729361057281	-0.04814353957772255	0.0029862031806260347	-0.03327608108520508	-0.11444205045700073	0.0047659436240792274	0.013603107072412968	-0.05097266286611557	-0.015266401693224907	-0.026352521032094955	-0.08443218469619751	-0.03778832405805588	-0.06266190111637115	-0.05184037983417511	-0.09949227422475815	-0.05123601853847504	-0.02845887467265129	-0.08347418904304504	-0.10221056640148163	-0.08409161865711212	0.05625427886843681	-0.04349922388792038	-0.011190029792487621	0.08501653373241425	-0.04442061111330986	0.01944071613252163	0.016771839931607246	-0.007248962298035622	-0.07684379816055298	-0.04922841489315033	0.0375390350818634
-0.05415252596139908	-0.09731362015008926	0.05194571241736412	-0.00553659163415432	-0.15175893902778625	-0.012794469483196735	0.0390373170375824	0.004225258249789476	-0.04487108066678047	0.09852460026741028	0.037351448088884354	0.03386569768190384	0.1407393515110016	0.0003388742625247687	-0.15014541149139404	0.014459826052188873	0.057090576738119125	0.10660281032323837	-0.008849105797708035	-0.06075453758239746	0.05968165397644043	-0.024438519030809402	0.004204956814646721	0.08449626713991165	-0.13179434835910797	-0.002134911948814988	-0.07244612276554108	-0.01775633916258812	-0.053626928478479385	0.20001815259456635	-0.020886274054646492	0.017919111996889114	-0.08166221529245377	0.07497729361057281	-0.04814353957772255	0.0029862031806260347	-0.03327608108520508	-0.11444205045700073	0.0047659436240792274	0.013603107072412968	-0.05097266286611557	-0.015266401693224907	-0.026352521032094955	-0.08443218469619751	-0.03778832405805588	-0.06266190111637115	-0.05184037983417511	-0.09949227422475815	-0.05123601853847504	-0.02845887467265129	-0.08347418904304504	-0.10221056640148163	-0.08409161865711212	0.05625427886843681	-0.04349922388792038	-0.011190029792487621	0.08501653373241425	-0.04442061111330986	0.01944071613252163	0.016771839931607246	-0.007248962298035622	-0.07684379816055298	-0.04922841489315033	0.0375390350818634
-0.05415252596139908	-0.09731362015008926	0.05194571241736412	-0.00553659163415432	-0.15175893902778625	-0.012794469483196735	0.0390373170375824	0.004225258249789476	-0.04487108066678047	0.09852460026741028	0.037351448088884354	0.03386569768190384	0.1407393515110016	0.0003388742625247687	-0.15014541149139404	0.014459826052188873	0.057090576738119125	0.10660281032323837	-0.008849105797708035	-0.06075453758239746	0.05968165397644043	-0.024438519030809402	0.004204956814646721	0.08449626713991165	-0.13179434835910797	-0.002134911948814988	-0.07244612276554108	-0.01775633916258812	-0.053626928478479385	0.20001815259456635	-0.020886274054646492	0.017919111996889114	-0.08166221529245377	0.07497729361057281	-0.04814353957772255	0.0029862031806260347	-0.03327608108520508	-0.11444205045700073	0.0047659436240792274	0.013603107072412968	-0.05097266286611557	-0.015266401693224907	-0.026352521032094955	-0.08443218469619751	-0.03778832405805588	-0.06266190111637115	-0.05184037983417511	-0.09949227422475815	-0.05123601853847504	-0.02845887467265129	-0.08347418904304504	-0.10221056640148163	-0.08409161865711212	0.05625427886843681	-0.04349922388792038	-0.011190029792487621	0.08501653373241425	-0.04442061111330986	0.01944071613252163	0.016771839931607246	-0.007248962298035622	-0.07684379816055298	-0.04922841489315033	0.0375390350818634
